iterations,fitness,time
0,28.0,0.011404038
10,28.0,0.021483624
20,27.0,0.028874215
30,28.0,0.037802248
40,30.0,0.061833633
50,31.0,0.077714532
60,31.0,0.300199527
70,32.0,0.303169972
80,30.0,0.305721515
90,31.0,0.308425178
100,31.0,0.309430056
110,31.0,0.31049837
120,31.0,0.311531888
130,31.0,0.312920599
140,31.0,0.31374434
150,31.0,0.314620785
160,31.0,0.315928857
170,31.0,0.317348171
180,31.0,0.320231599
190,31.0,0.322250015
200,31.0,0.324467942
210,31.0,0.327403369
220,30.0,0.32942197
230,31.0,0.333279569
240,31.0,0.335225486
250,31.0,0.337688203
260,31.0,0.340253143
270,31.0,0.342600248
280,31.0,0.34485937
290,31.0,0.346709061
300,31.0,0.348988026
310,31.0,0.479185776
320,31.0,0.481120614
330,31.0,0.482785711
340,32.0,0.483742627
350,32.0,0.484797145
360,31.0,0.486951509
370,32.0,0.487697065
380,33.0,0.489249846
390,33.0,0.490203445
400,37.0,0.492169393
410,33.0,0.494632045
420,33.0,0.49669316
430,33.0,0.498345159
440,34.0,0.500806809
450,37.0,0.503786356
460,38.0,0.506687705
470,38.0,0.508715439
480,38.0,0.512179192
490,38.0,0.515131662
500,38.0,0.517410923
510,38.0,0.519938185
520,38.0,0.522928915
530,38.0,0.525166137
540,38.0,0.527441049
550,38.0,0.529453251
560,38.0,0.532937378
570,39.0,0.535513069
580,38.0,0.537536602
590,38.0,0.539582115
600,39.0,0.541940164
610,39.0,0.544081334
620,39.0,0.545912971
630,40.0,0.54739248
640,41.0,0.548805535
650,41.0,0.551197802
660,41.0,0.553471576
670,38.0,0.556098832
680,38.0,0.557941722
690,38.0,0.559492829
700,41.0,0.561637927
710,41.0,0.563644249
720,41.0,0.565275888
730,42.0,0.566664855
740,42.0,0.568235504
750,41.0,0.569232735
760,42.0,0.570930481
770,42.0,0.572478576
780,42.0,0.575514361
790,41.0,0.586400482
800,42.0,0.588725816
810,42.0,0.591099275
820,42.0,0.593156347
830,42.0,0.595512565
840,42.0,0.597245882
850,42.0,0.599342237
860,42.0,0.602263479
870,42.0,0.604429116
880,42.0,0.606589705
890,42.0,0.608916316
900,43.0,0.611254104
910,43.0,0.613644376
920,44.0,0.615702496
930,44.0,0.617464075
940,44.0,0.618821305
950,45.0,0.620402787
960,44.0,0.623146677
970,44.0,0.625657776
980,44.0,0.62727285
990,44.0,0.629907855
1000,44.0,0.63292239
1010,44.0,0.635115654
1020,44.0,0.695654848
1030,43.0,0.702750057
1040,43.0,0.704542497
1050,43.0,0.70759521
1060,43.0,0.710177269
1070,43.0,0.71334514
1080,43.0,0.714774011
1090,43.0,0.717791341
1100,43.0,0.720716806
1110,43.0,0.724296479
1120,43.0,0.726511248
1130,43.0,0.729609585
1140,45.0,0.732404622
1150,44.0,0.741551269
1160,44.0,0.743360464
1170,44.0,0.745068646
1180,44.0,0.746999271
1190,44.0,0.748553607
1200,44.0,0.750341497
1210,44.0,1.001718215
1220,44.0,1.003328721
1230,44.0,1.005471091
1240,44.0,1.00683864
1250,44.0,1.007639684
1260,44.0,1.008359482
1270,44.0,1.157802851
1280,44.0,1.166307113
1290,44.0,1.166813565
1300,47.0,1.167317343
1310,46.0,1.167932606
1320,46.0,1.168658346
1330,46.0,1.169060067
1340,46.0,1.169483592
1350,43.0,1.170019988
1360,43.0,1.170264625
1370,43.0,1.170572593
1380,46.0,1.170966619
1390,44.0,1.171359318
1400,46.0,1.171857792
1410,46.0,1.172200493
1420,46.0,1.172556514
1430,46.0,1.173034488
1440,45.0,1.173401284
1450,45.0,1.173811951
1460,45.0,1.174220441
1470,44.0,1.1746484
1480,44.0,1.175466875
1490,45.0,1.175765693
1500,46.0,1.176202126
1510,44.0,1.176448629
1520,45.0,1.176728632
1530,44.0,1.17739928
1540,44.0,1.177667277
1550,44.0,1.17798066
1560,45.0,1.178520876
1570,45.0,1.178763252
1580,45.0,1.178986096
1590,45.0,1.179224546
1600,45.0,1.179511716
1610,46.0,1.179732142
1620,45.0,1.180059118
1630,45.0,1.180437103
1640,42.0,1.181018423
1650,41.0,1.1814826
1660,41.0,1.181754687
1670,41.0,1.182068054
1680,42.0,1.182334272
1690,42.0,1.18263014
1700,42.0,1.18314504
1710,42.0,1.183488959
1720,42.0,1.183870686
1730,41.0,1.184233871
1740,43.0,1.184600309
1750,42.0,1.184837297
1760,42.0,1.185102909
1770,42.0,1.185407359
1780,42.0,1.18590287
1790,44.0,1.186204151
1800,43.0,1.186495718
1810,43.0,1.18685283
1820,43.0,1.18716095
1830,43.0,1.187677795
1840,44.0,1.188032918
1850,44.0,1.188313496
1860,44.0,1.188705755
1870,44.0,1.189246482
1880,45.0,1.189574659
1890,45.0,1.190202205
1900,45.0,1.190667874
1910,45.0,1.190973836
1920,45.0,1.191302035
1930,45.0,1.19160946
1940,46.0,1.192047966
1950,46.0,1.192444207
1960,45.0,1.192716937
1970,46.0,1.192963531
1980,45.0,1.193280631
1990,46.0,1.193954799
2000,46.0,1.194671026
2010,45.0,1.195149479
2020,46.0,1.195417488
2030,45.0,1.195667887
2040,44.0,1.195930244
2050,44.0,1.196211214
2060,44.0,1.19673168
2070,44.0,1.197187535
2080,44.0,1.197743366
2090,44.0,1.198352499
2100,44.0,1.198921155
2110,44.0,1.199197704
2120,44.0,1.199536701
2130,43.0,1.200112059
2140,43.0,1.201046507
2150,43.0,1.201864915
2160,45.0,1.202377945
2170,49.0,1.202700132
2180,52.0,1.202954784
2190,45.0,1.203198904
2200,45.0,1.20344752
2210,45.0,1.203730572
2220,46.0,1.203992569
2230,46.0,1.204320358
2240,53.0,1.204772001
2250,46.0,1.205211597
2260,46.0,1.2121932
2270,46.0,1.212486975
2280,46.0,1.212820435
2290,45.0,1.213107446
2300,45.0,1.214257386
2310,48.0,1.21458985
2320,50.0,1.214844123
2330,45.0,1.217196306
2340,46.0,1.217447604
2350,46.0,1.219528606
2360,50.0,1.220486039
2370,50.0,1.220985968
2380,52.0,1.221919281
2390,53.0,1.222210708
2400,54.0,1.223002428
2410,53.0,1.231756395
2420,53.0,1.237775693
2430,52.0,1.239285016
2440,53.0,1.23962387
2450,55.0,1.240686815
2460,54.0,1.241161438
2470,55.0,1.241504594
2480,55.0,1.241936458
2490,55.0,1.242243786
2500,54.0,1.242519166
2510,54.0,1.242894877
2520,55.0,1.244391435
2530,56.0,1.245277623
2540,54.0,1.246183055
2550,54.0,1.24720851
2560,55.0,1.247804885
2570,56.0,1.248161736
2580,56.0,1.248509833
2590,56.0,1.248887096
2600,55.0,1.249222869
2610,55.0,1.249454181
2620,55.0,1.249756579
2630,55.0,1.251041283
2640,55.0,1.251513196
2650,54.0,1.252126781
2660,54.0,1.252715338
2670,54.0,1.253088728
2680,55.0,1.253443235
2690,55.0,1.253936988
2700,56.0,1.254794012
2710,56.0,1.255521019
2720,56.0,1.256653818
2730,56.0,1.256938262
2740,56.0,1.257225994
2750,56.0,1.257622148
2760,57.0,1.258325629
2770,57.0,1.258703176
2780,56.0,1.259159347
2790,56.0,1.259592861
2800,56.0,1.260218652
2810,56.0,1.261524896
2820,57.0,1.262238837
2830,57.0,1.263309779
2840,57.0,1.263688996
2850,57.0,1.264011261
2860,57.0,1.264275733
2870,57.0,1.26462303
2880,58.0,1.265060701
2890,57.0,1.265659147
2900,58.0,1.266075514
2910,61.0,1.266873643
2920,62.0,1.267172049
2930,61.0,1.268063444
2940,61.0,1.268505188
2950,61.0,1.268886162
2960,61.0,1.269261193
2970,61.0,1.270201433
2980,61.0,1.27097474
2990,61.0,1.271491352
3000,61.0,1.271704775
3010,61.0,1.271959485
3020,61.0,1.272631614
3030,61.0,1.273049152
3040,61.0,1.273638079
3050,61.0,1.274112748
3060,61.0,1.284661289
3070,61.0,1.285673436
3080,61.0,1.286764038
3090,61.0,1.287720584
3100,62.0,1.288829295
3110,62.0,1.290118586
3120,62.0,1.291393448
3130,62.0,1.292248187
3140,62.0,1.292641771
3150,62.0,1.293353288
3160,62.0,1.293932316
3170,62.0,1.294985293
3180,62.0,1.295613492
3190,62.0,1.296275782
3200,62.0,1.296670138
3210,61.0,1.297646193
3220,62.0,1.298886413
3230,62.0,1.299485999
3240,61.0,1.299818973
3250,61.0,1.300687451
3260,61.0,1.301519877
3270,61.0,1.302379651
3280,61.0,1.303682368
3290,61.0,1.304340109
3300,61.0,1.304684154
3310,61.0,1.328210435
3320,61.0,1.329008978
3330,61.0,1.329388849
3340,61.0,1.330517046
3350,61.0,1.331632261
3360,61.0,1.333037361
3370,61.0,1.33413182
3380,61.0,1.335273595
3390,62.0,1.335665589
3400,61.0,1.336575483
3410,62.0,1.337061075
3420,61.0,1.337828662
3430,61.0,1.338346762
3440,62.0,1.339483152
3450,61.0,1.339898869
3460,61.0,1.340192562
3470,61.0,1.340585511
3480,61.0,1.341160834
3490,61.0,1.341777825
3500,61.0,1.342071069
3510,61.0,1.342570595
3520,62.0,1.343045721
3530,61.0,1.343767646
3540,62.0,1.344272019
3550,61.0,1.344914355
3560,61.0,1.345528491
3570,62.0,1.345923396
3580,62.0,1.346213467
3590,62.0,1.3466696
3600,62.0,1.347064551
3610,62.0,1.347848867
3620,62.0,1.348432879
3630,61.0,1.348842981
3640,63.0,1.349165614
3650,62.0,1.349591342
3660,62.0,1.349915576
3670,62.0,1.350426823
3680,62.0,1.350796244
3690,62.0,1.351186424
3700,62.0,1.351537347
3710,62.0,1.351856476
3720,62.0,1.352324394
3730,62.0,1.353117901
3740,62.0,1.353861685
3750,63.0,1.354433091
3760,63.0,1.355337124
3770,62.0,1.355804432
3780,62.0,1.356826357
3790,62.0,1.35758057
3800,63.0,1.357902818
3810,63.0,1.358322388
3820,62.0,1.359044504
3830,62.0,1.359417478
3840,61.0,1.360069022
3850,62.0,1.360644615
3860,63.0,1.361264543
3870,62.0,1.36154834
3880,62.0,1.362028505
3890,62.0,1.362674497
3900,62.0,1.3631421
3910,62.0,1.363681911
3920,63.0,1.364260185
3930,62.0,1.364871789
3940,62.0,1.365392663
3950,62.0,1.365788206
3960,62.0,1.366194839
3970,61.0,1.366579764
3980,61.0,1.366961355
3990,61.0,1.367207918
4000,61.0,1.367460358
