iterations,fitness,time
0,25.0,0.009145707
10,22.0,0.017005441
20,23.0,0.023241131
30,24.0,0.025572226
40,25.0,0.041654803
50,27.0,0.057417893
60,27.0,0.096728695
70,29.0,0.213834403
80,29.0,0.454009913
90,29.0,0.45830488
100,29.0,0.460253479
110,29.0,0.462088502
120,29.0,0.46496336
130,30.0,0.468048702
140,29.0,0.470820724
150,30.0,0.4720817
160,29.0,0.47329162
170,30.0,0.475181144
180,30.0,0.477130901
190,31.0,0.479275295
200,31.0,0.481381224
210,31.0,0.483646664
220,31.0,0.485766154
230,31.0,0.487119645
240,31.0,0.488655742
250,31.0,0.491263753
260,31.0,0.492998036
270,30.0,0.494799443
280,30.0,0.496823267
290,30.0,0.498268274
300,30.0,0.500268645
310,31.0,0.502121136
320,31.0,0.504107311
330,31.0,0.505857005
340,31.0,0.507495834
350,32.0,0.508712201
360,32.0,0.510871572
370,33.0,0.638134266
380,32.0,0.639541504
390,32.0,0.648657005
400,33.0,0.65090883
410,33.0,0.65259096
420,33.0,0.654598727
430,33.0,0.655767936
440,34.0,0.657299021
450,34.0,0.658621044
460,33.0,0.660483315
470,32.0,0.662735093
480,33.0,0.664850983
490,33.0,0.666669006
500,34.0,0.668565614
510,34.0,0.670237425
520,33.0,0.672194109
530,33.0,0.674021149
540,33.0,0.675731515
550,33.0,0.677579633
560,33.0,0.679034011
570,33.0,0.681308604
580,33.0,0.683476151
590,33.0,0.686209291
600,34.0,0.688031411
610,33.0,0.690455147
620,33.0,0.694638561
630,33.0,0.697360156
640,33.0,0.700080853
650,34.0,0.701991396
660,34.0,0.704459493
670,33.0,0.706784702
680,34.0,0.709274878
690,33.0,0.711361008
700,33.0,0.713574123
710,33.0,0.715504286
720,33.0,0.717907138
730,35.0,0.754240698
740,34.0,0.760479815
750,35.0,0.76779754
760,36.0,0.769913292
770,37.0,0.771728116
780,37.0,0.773147775
790,36.0,0.774556307
800,36.0,0.776204242
810,42.0,0.779011123
820,42.0,0.7807009
830,42.0,0.78257054
840,42.0,0.784771141
850,41.0,0.787021454
860,38.0,0.788773271
870,37.0,0.789660635
880,37.0,0.79052367
890,37.0,0.815499994
900,37.0,0.816459884
910,38.0,0.818805227
920,37.0,0.821728569
930,41.0,0.824470522
940,42.0,0.829403833
950,42.0,0.832032668
960,43.0,0.83438914
970,42.0,0.83712048
980,43.0,0.841282339
990,44.0,0.846847365
1000,43.0,0.849914305
1010,43.0,0.853253533
1020,43.0,0.854563692
1030,43.0,0.856069656
1040,47.0,0.857513322
1050,46.0,0.86019819
1060,47.0,0.862779343
1070,48.0,0.866334263
1080,59.0,0.868885375
1090,52.0,0.876107534
1100,56.0,0.879021801
1110,57.0,0.881407427
1120,55.0,0.88392593
1130,56.0,0.888373562
1140,56.0,0.890028361
1150,56.0,0.891277126
1160,56.0,0.892777585
1170,57.0,0.895018227
1180,56.0,0.969844684
1190,61.0,0.971950688
1200,57.0,0.973608887
1210,56.0,0.975059174
1220,61.0,0.976118565
1230,58.0,0.9773473
1240,56.0,0.978602807
1250,57.0,0.979456618
1260,56.0,0.980315186
1270,56.0,0.981329637
1280,57.0,0.98215661
1290,56.0,0.982951379
1300,56.0,0.983933836
1310,56.0,0.984893917
1320,55.0,0.985650043
1330,55.0,1.003493356
1340,56.0,1.004612055
1350,55.0,1.006014942
1360,55.0,1.007806302
1370,56.0,1.009062813
1380,58.0,1.012534375
1390,56.0,1.01391854
1400,57.0,1.01558159
1410,56.0,1.016760629
1420,57.0,1.018092208
1430,58.0,1.019745999
1440,55.0,1.020947067
1450,56.0,1.022285246
1460,55.0,1.023539936
1470,55.0,1.024814011
1480,55.0,1.026132219
1490,55.0,1.027652071
1500,56.0,1.030444416
1510,56.0,1.032253181
1520,56.0,1.034114402
1530,55.0,1.035104921
1540,55.0,1.066008996
1550,55.0,1.075477151
1560,55.0,1.177990117
1570,55.0,1.213106582
1580,55.0,1.213820238
1590,55.0,1.214695458
1600,55.0,1.215467114
1610,56.0,1.216097328
1620,56.0,1.216443778
1630,55.0,1.217406873
1640,56.0,1.217906485
1650,55.0,1.21856231
1660,55.0,1.219338633
1670,55.0,1.219755629
1680,55.0,1.220218066
1690,55.0,1.220624436
1700,56.0,1.22116728
1710,56.0,1.221586031
1720,56.0,1.222489088
1730,55.0,1.223207445
1740,54.0,1.223701699
1750,55.0,1.22423457
1760,55.0,1.224701029
1770,55.0,1.225247912
1780,56.0,1.225736524
1790,56.0,1.228111486
1800,57.0,1.228651959
1810,57.0,1.230167177
1820,58.0,1.230864931
1830,56.0,1.23125382
1840,57.0,1.231708858
1850,57.0,1.232108007
1860,58.0,1.232530846
1870,57.0,1.233344989
1880,57.0,1.233894042
1890,58.0,1.234324533
1900,56.0,1.235688576
1910,56.0,1.236209433
1920,56.0,1.236696349
1930,57.0,1.237258831
1940,57.0,1.237845249
1950,59.0,1.238538498
1960,61.0,1.239329013
1970,61.0,1.239784782
1980,61.0,1.240229865
1990,62.0,1.241603877
2000,59.0,1.242052927
2010,61.0,1.242655167
2020,62.0,1.243237288
2030,62.0,1.243717434
2040,63.0,1.244295706
2050,62.0,1.244978284
2060,62.0,1.245476368
2070,62.0,1.245973329
2080,62.0,1.246521456
2090,62.0,1.247272014
2100,63.0,1.24813964
2110,62.0,1.249365025
2120,62.0,1.250148299
2130,62.0,1.251235964
2140,62.0,1.252291894
2150,62.0,1.252821821
2160,64.0,1.253177753
2170,64.0,1.253538958
2180,63.0,1.253883367
2190,62.0,1.254259573
2200,63.0,1.254666219
2210,63.0,1.255220388
2220,63.0,1.25584436
2230,63.0,1.25625927
2240,63.0,1.256628142
2250,63.0,1.257161652
2260,63.0,1.257687187
2270,64.0,1.258203837
2280,63.0,1.258584676
2290,63.0,1.258959908
2300,62.0,1.259607058
2310,63.0,1.259938993
2320,63.0,1.260378213
2330,62.0,1.260701075
2340,61.0,1.261246997
2350,63.0,1.264041541
2360,62.0,1.26570335
2370,63.0,1.267091242
2380,62.0,1.26998509
2390,62.0,1.271081613
2400,62.0,1.271745316
2410,62.0,1.272489305
2420,61.0,1.273024772
2430,61.0,1.273505722
2440,61.0,1.276205813
2450,61.0,1.277039108
2460,62.0,1.278401775
2470,61.0,1.280949716
2480,63.0,1.281545666
2490,62.0,1.282421787
2500,62.0,1.283066586
2510,63.0,1.284309999
2520,62.0,1.286939091
2530,61.0,1.28744579
2540,62.0,1.288257367
2550,60.0,1.289418125
2560,62.0,1.29347383
2570,61.0,1.293975422
2580,64.0,1.295059131
2590,65.0,1.29549113
2600,65.0,1.296290733
2610,66.0,1.296872913
2620,64.0,1.297411077
2630,64.0,1.298151222
2640,64.0,1.298649218
2650,64.0,1.299853779
2660,64.0,1.300484514
2670,65.0,1.301019301
2680,64.0,1.302144787
2690,64.0,1.302511733
2700,65.0,1.302950478
2710,64.0,1.30332999
2720,65.0,1.304410674
2730,65.0,1.305017107
2740,64.0,1.305734553
2750,65.0,1.306426589
2760,64.0,1.307108441
2770,64.0,1.308241571
2780,64.0,1.308679991
2790,65.0,1.309103922
2800,61.0,1.309436102
2810,66.0,1.31003562
2820,66.0,1.310682434
2830,66.0,1.311194086
2840,66.0,1.312129573
2850,65.0,1.313054169
2860,68.0,1.313417201
2870,69.0,1.313843764
2880,68.0,1.315295805
2890,67.0,1.315819464
2900,67.0,1.316388682
2910,65.0,1.316757926
2920,66.0,1.317388673
2930,64.0,1.318244501
2940,65.0,1.319378678
2950,65.0,1.32013462
2960,66.0,1.320792873
2970,66.0,1.322194231
2980,64.0,1.322878741
2990,66.0,1.32408106
3000,67.0,1.32499534
3010,64.0,1.325972372
3020,64.0,1.326775682
3030,67.0,1.327587109
3040,67.0,1.32818601
3050,66.0,1.328952614
3060,67.0,1.330111578
3070,67.0,1.330564193
3080,68.0,1.33158043
3090,67.0,1.332766408
3100,67.0,1.333449428
3110,66.0,1.334235035
3120,67.0,1.334937445
3130,72.0,1.335776682
3140,72.0,1.336140816
3150,72.0,1.337219762
3160,71.0,1.337821945
3170,73.0,1.338522608
3180,71.0,1.339287244
3190,71.0,1.340057289
3200,70.0,1.34143313
3210,71.0,1.342319045
3220,75.0,1.342933444
3230,71.0,1.343449519
3240,70.0,1.344317587
3250,70.0,1.345516333
3260,75.0,1.346656895
3270,76.0,1.348212232
3280,75.0,1.349597868
3290,75.0,1.3500545
3300,75.0,1.350714527
3310,72.0,1.351422273
3320,72.0,1.351928747
3330,71.0,1.352434156
3340,72.0,1.3528409
3350,72.0,1.353615256
3360,70.0,1.354294954
3370,70.0,1.355814357
3380,70.0,1.356963759
3390,71.0,1.357754941
3400,68.0,1.358614497
3410,68.0,1.359948538
3420,66.0,1.360941907
3430,66.0,1.361928745
3440,66.0,1.363301191
3450,67.0,1.364486738
3460,71.0,1.365274322
3470,69.0,1.365888192
3480,71.0,1.366351885
3490,69.0,1.366680898
3500,69.0,1.366981794
3510,70.0,1.367346911
3520,69.0,1.367742085
3530,70.0,1.432574461
3540,71.0,1.433660101
3550,69.0,1.434356755
3560,71.0,1.435308785
3570,70.0,1.435850932
3580,70.0,1.436599944
3590,70.0,1.437321427
3600,69.0,1.437813171
3610,70.0,1.438287049
3620,71.0,1.438945227
3630,70.0,1.439716889
3640,70.0,1.440117644
3650,70.0,1.440678124
3660,69.0,1.511366348
3670,70.0,1.511749821
3680,69.0,1.512160771
3690,69.0,1.512464891
3700,69.0,1.512908981
3710,70.0,1.513254013
3720,70.0,1.513636436
3730,69.0,1.5141009
3740,69.0,1.514534266
3750,69.0,1.514924676
3760,69.0,1.515444655
3770,69.0,1.516076219
3780,69.0,1.516553026
3790,71.0,1.51692401
3800,71.0,1.517262709
3810,69.0,1.517656587
3820,69.0,1.518458193
3830,69.0,1.519009007
3840,69.0,1.519430458
3850,69.0,1.519760687
3860,69.0,1.521597018
3870,69.0,1.52344312
3880,69.0,1.525221655
3890,69.0,1.526183652
3900,68.0,1.527991918
3910,68.0,1.529301772
3920,68.0,1.530541281
3930,69.0,1.531128909
3940,70.0,1.531792664
3950,69.0,1.532849449
3960,71.0,1.545909691
3970,71.0,1.546461968
3980,70.0,1.546804128
3990,71.0,1.547237278
4000,71.0,1.547644621
