iterations,fitness,time
0,23.0,0.00604705
10,20.0,0.017123631
20,21.0,0.029013691
30,21.0,0.040840491
40,22.0,0.110691628
50,22.0,0.169875841
60,22.0,0.359350078
70,22.0,0.362081758
80,22.0,0.364855157
90,22.0,0.367010346
100,23.0,0.368663971
110,22.0,0.37160366
120,23.0,0.374075619
130,23.0,0.376371748
140,23.0,0.379171132
150,24.0,0.381161706
160,23.0,0.383551815
170,23.0,0.385767908
180,23.0,0.387369638
190,23.0,0.475093978
200,24.0,0.481949186
210,25.0,0.485840317
220,24.0,0.490535358
230,25.0,0.493145317
240,25.0,0.496412061
250,28.0,0.499397918
260,26.0,0.506119858
270,26.0,0.509818742
280,26.0,0.512510533
290,26.0,0.515877332
300,26.0,0.516855166
310,27.0,0.519641156
320,26.0,0.522397363
330,26.0,0.524639069
340,26.0,0.532067677
350,26.0,0.536977865
360,26.0,0.543183028
370,27.0,0.545641227
380,26.0,0.550665066
390,27.0,0.554038691
400,27.0,0.556827207
410,28.0,0.559946754
420,27.0,0.564341568
430,28.0,0.652304084
440,29.0,0.654927133
450,29.0,0.656451854
460,29.0,0.657798029
470,30.0,0.659528227
480,30.0,0.662291149
490,30.0,0.664462331
500,30.0,0.667009191
510,30.0,0.670299829
520,31.0,0.673504431
530,31.0,0.680772522
540,32.0,0.68276045
550,37.0,0.686238863
560,37.0,0.689756766
570,41.0,0.693013337
580,42.0,0.695032758
590,43.0,0.696651889
600,42.0,0.698816864
610,43.0,0.701312757
620,43.0,0.70294737
630,42.0,0.705224725
640,43.0,0.706912855
650,42.0,0.712041444
660,42.0,0.714397146
670,42.0,0.716165647
680,43.0,0.718418891
690,44.0,0.720289882
700,43.0,0.721626664
710,43.0,0.723405453
720,43.0,0.725076325
730,44.0,0.727988859
740,43.0,0.729986906
750,43.0,0.732019275
760,44.0,0.733994997
770,44.0,0.735532333
780,43.0,0.736534465
790,43.0,0.755946314
800,43.0,0.75694175
810,43.0,0.75783131
820,42.0,0.758871097
830,42.0,0.759998889
840,43.0,0.760864493
850,43.0,0.761752801
860,43.0,0.763272849
870,43.0,0.803995454
880,43.0,0.804790076
890,44.0,0.833338469
900,44.0,0.834158204
910,44.0,0.837214616
920,46.0,0.839485055
930,45.0,0.842037684
940,45.0,0.84470064
950,46.0,0.847825598
960,45.0,0.850445841
970,45.0,0.852925481
980,46.0,0.85456813
990,46.0,0.856554913
1000,47.0,0.858261002
1010,46.0,0.860837886
1020,46.0,0.863592003
1030,48.0,0.896222212
1040,48.0,0.954001971
1050,48.0,0.955587206
1060,48.0,0.957869108
1070,48.0,0.961107678
1080,48.0,0.964078694
1090,48.0,0.966524025
1100,48.0,0.968416839
1110,45.0,0.970305926
1120,45.0,0.971148665
1130,46.0,1.446647867
1140,47.0,1.447571405
1150,48.0,1.44863273
1160,49.0,1.449459582
1170,49.0,1.45014528
1180,49.0,1.450856813
1190,48.0,1.451647734
1200,49.0,1.452394674
1210,46.0,1.453172184
1220,48.0,1.454502285
1230,48.0,1.455842059
1240,48.0,1.461881571
1250,49.0,1.462898845
1260,49.0,1.463854869
1270,49.0,1.464206411
1280,50.0,1.465921565
1290,54.0,1.466345392
1300,54.0,1.467623791
1310,59.0,1.467981014
1320,59.0,1.468291115
1330,54.0,1.468735191
1340,55.0,1.469284001
1350,55.0,1.470184787
1360,55.0,1.4705155
1370,60.0,1.471026028
1380,57.0,1.471478929
1390,59.0,1.472206939
1400,59.0,1.473029095
1410,59.0,1.473418069
1420,58.0,1.473840962
1430,58.0,1.474287649
1440,58.0,1.474571214
1450,59.0,1.474946674
1460,54.0,1.475779442
1470,56.0,1.476121507
1480,54.0,1.476638066
1490,54.0,1.476985338
1500,54.0,1.477946785
1510,57.0,1.479074273
1520,61.0,1.47945603
1530,59.0,1.480026581
1540,63.0,1.480493519
1550,63.0,1.481399341
1560,64.0,1.481715157
1570,64.0,1.48233819
1580,64.0,1.483254368
1590,64.0,1.484123981
1600,64.0,1.484867051
1610,65.0,1.486356971
1620,65.0,1.487853988
1630,65.0,1.48967213
1640,67.0,1.490073315
1650,68.0,1.490583898
1660,68.0,1.490912368
1670,69.0,1.491265618
1680,67.0,1.491857302
1690,68.0,1.492444875
1700,68.0,1.492775186
1710,68.0,1.493474267
1720,68.0,1.494017021
1730,69.0,1.494318901
1740,69.0,1.495253158
1750,69.0,1.495923032
1760,69.0,1.496382085
1770,69.0,1.497054078
1780,69.0,1.497883069
1790,69.0,1.498195107
1800,69.0,1.498585206
1810,68.0,1.499153956
1820,64.0,1.499880151
1830,65.0,1.500229151
1840,66.0,1.500583921
1850,65.0,1.501222166
1860,61.0,1.501553374
1870,61.0,1.502030624
1880,60.0,1.502530883
1890,61.0,1.503698138
1900,62.0,1.504102157
1910,62.0,1.504512736
1920,61.0,1.504887356
1930,61.0,1.505245673
1940,63.0,1.505559953
1950,61.0,1.506084107
1960,62.0,1.506456472
1970,63.0,1.507163523
1980,63.0,1.507569207
1990,64.0,1.508162665
2000,64.0,1.50915987
2010,64.0,1.509660779
2020,64.0,1.510098655
2030,64.0,1.51109682
2040,64.0,1.512708645
2050,64.0,1.513011046
2060,64.0,1.513475971
2070,63.0,1.513767691
2080,64.0,1.514010829
2090,64.0,1.514397753
2100,65.0,1.514796798
2110,65.0,1.515150992
2120,65.0,1.515652981
2130,66.0,1.516841622
2140,66.0,1.517579709
2150,65.0,1.518338603
2160,67.0,1.51916805
2170,67.0,1.519731116
2180,67.0,1.520259289
2190,68.0,1.520599133
2200,68.0,1.520893734
2210,67.0,1.521337036
2220,67.0,1.521963183
2230,66.0,1.522405013
2240,68.0,1.523010963
2250,67.0,1.523468804
2260,67.0,1.523869742
2270,67.0,1.524393486
2280,67.0,1.525295593
2290,68.0,1.525779418
2300,68.0,1.526140935
2310,68.0,1.526661371
2320,68.0,1.526995181
2330,68.0,1.527837574
2340,74.0,1.529239622
2350,67.0,1.529572539
2360,68.0,1.529962361
2370,68.0,1.530350364
2380,67.0,1.530851216
2390,69.0,1.531671856
2400,68.0,1.53240243
2410,68.0,1.533406868
2420,68.0,1.533876051
2430,69.0,1.534562098
2440,68.0,1.535145443
2450,68.0,1.535943223
2460,70.0,1.536353734
2470,70.0,1.53662053
2480,71.0,1.537109612
2490,67.0,1.537770765
2500,68.0,1.538192343
2510,69.0,1.538632625
2520,69.0,1.538966221
2530,68.0,1.539385568
2540,67.0,1.539714431
2550,66.0,1.540548885
2560,66.0,1.541180621
2570,66.0,1.541583786
2580,66.0,1.542709771
2590,65.0,1.543317981
2600,65.0,1.543791604
2610,66.0,1.544879409
2620,65.0,1.545458882
2630,65.0,1.545816652
2640,65.0,1.546595072
2650,65.0,1.547250219
2660,65.0,1.547652783
2670,65.0,1.548188379
2680,63.0,1.548520193
2690,64.0,1.549212797
2700,65.0,1.54993738
2710,66.0,1.550848631
2720,65.0,1.55137066
2730,64.0,1.55225634
2740,63.0,1.552567046
2750,64.0,1.553092484
2760,64.0,1.55374828
2770,64.0,1.554764141
2780,65.0,1.555090606
2790,66.0,1.555402601
2800,66.0,1.555710523
2810,65.0,1.556055561
2820,66.0,1.556418085
2830,65.0,1.556926766
2840,65.0,1.557594975
2850,66.0,1.558079643
2860,67.0,1.558601439
2870,66.0,1.559289987
2880,68.0,1.559726242
2890,68.0,1.559995146
2900,66.0,1.560234534
2910,66.0,1.56047353
2920,66.0,1.56072711
2930,69.0,1.560984507
2940,66.0,1.561248828
2950,68.0,1.561571461
2960,68.0,1.561876281
2970,68.0,1.562343358
2980,68.0,1.5626656
2990,68.0,1.564050305
3000,69.0,1.565571515
3010,71.0,1.565870139
3020,70.0,1.566303511
3030,68.0,1.566868887
3040,67.0,1.567223956
3050,64.0,1.567481427
3060,70.0,1.567732466
3070,66.0,1.567990803
3080,66.0,1.568256099
3090,67.0,1.569170798
3100,67.0,1.569676633
3110,67.0,1.570054289
3120,68.0,1.570407427
3130,65.0,1.570863617
3140,65.0,1.571310925
3150,67.0,1.571571914
3160,65.0,1.571825237
3170,65.0,1.572069038
3180,65.0,1.572325448
3190,65.0,1.572649912
3200,66.0,1.573000773
3210,66.0,1.573251188
3220,66.0,1.573504882
3230,66.0,1.573855067
3240,65.0,1.574103719
3250,65.0,1.574368827
3260,65.0,1.574736293
3270,66.0,1.575004923
3280,66.0,1.575491241
3290,66.0,1.575805992
3300,66.0,1.576132631
3310,66.0,1.576492131
3320,67.0,1.576750005
3330,64.0,1.577017609
3340,64.0,1.577283944
3350,65.0,1.577579934
3360,64.0,1.577884993
3370,65.0,1.5782551
3380,65.0,1.578516954
3390,65.0,1.578779324
3400,66.0,1.579042013
3410,65.0,1.579310639
3420,65.0,1.579654161
3430,65.0,1.580008184
3440,67.0,1.580267733
3450,64.0,1.580668098
3460,65.0,1.580981278
3470,62.0,1.581275261
3480,66.0,1.581525488
3490,66.0,1.581777668
3500,66.0,1.582148857
3510,63.0,1.582420183
3520,63.0,1.58268107
3530,65.0,1.582944663
3540,66.0,1.583204012
3550,65.0,1.583452021
3560,65.0,1.583707581
3570,68.0,1.583964675
3580,67.0,1.584225965
3590,67.0,1.584491445
3600,66.0,1.584761052
3610,66.0,1.585259846
3620,64.0,1.58552642
3630,62.0,1.585910581
3640,64.0,1.586304004
3650,65.0,1.586905396
3660,68.0,1.587580518
3670,65.0,1.588412989
3680,65.0,1.589240786
3690,65.0,1.590139909
3700,65.0,1.590997034
3710,65.0,1.591864988
3720,66.0,1.592739025
3730,65.0,1.59559835
3740,66.0,1.596119429
3750,64.0,1.628141038
3760,65.0,1.628864204
3770,64.0,1.629197735
3780,64.0,1.62945059
3790,65.0,1.62970331
3800,65.0,1.629952896
3810,66.0,1.630303214
3820,66.0,1.630838484
3830,67.0,1.632339478
3840,66.0,1.633250007
3850,66.0,1.635325444
3860,68.0,1.635883891
3870,67.0,1.63935593
3880,66.0,1.63965222
3890,67.0,1.643339408
3900,66.0,1.643603734
3910,66.0,1.643996783
3920,68.0,1.644560409
3930,68.0,1.644899795
3940,68.0,1.645549775
3950,67.0,1.646628923
3960,67.0,1.647306497
3970,68.0,1.648188199
3980,67.0,1.649063406
3990,68.0,1.649464941
4000,68.0,1.651464953
