iterations,fitness,time
0,24.0,0.008577391
10,28.0,0.017779633
20,28.0,0.028351575
30,28.0,0.038774803
40,28.0,0.051938045
50,32.0,0.065290597
60,33.0,0.094411504
70,32.0,0.127907797
80,32.0,0.138135328
90,33.0,0.13938183
100,33.0,0.140130013
110,32.0,0.140992315
120,31.0,0.142577811
130,32.0,0.143871327
140,32.0,0.145869745
150,32.0,0.14748176
160,33.0,0.148372365
170,33.0,0.221164057
180,33.0,0.222690963
190,34.0,0.22450446
200,34.0,0.226076525
210,35.0,0.229626129
220,34.0,0.232271636
230,34.0,0.23419863
240,34.0,0.236200514
250,35.0,0.239194305
260,35.0,0.290120975
270,34.0,0.291383057
280,35.0,0.292618838
290,34.0,0.293900717
300,33.0,0.295113407
310,33.0,0.29627063
320,34.0,0.320422423
330,33.0,0.324233764
340,31.0,0.325551015
350,32.0,0.326900753
360,30.0,0.468241725
370,31.0,0.469902668
380,30.0,0.47107887
390,31.0,0.472774402
400,32.0,0.474585296
410,31.0,0.476873133
420,31.0,0.478271819
430,32.0,0.479426082
440,32.0,0.480683486
450,31.0,0.571660903
460,32.0,0.574248113
470,32.0,0.575529396
480,34.0,0.578652711
490,34.0,0.581333835
500,33.0,0.583439273
510,31.0,0.585515958
520,32.0,0.587658679
530,33.0,0.589669822
540,33.0,0.592165074
550,33.0,0.594725125
560,33.0,0.703489187
570,34.0,0.705533182
580,33.0,0.707513459
590,33.0,0.709484158
600,33.0,0.710753743
610,34.0,0.712508166
620,35.0,0.714042035
630,35.0,0.716155231
640,34.0,0.718540672
650,35.0,0.720286065
660,34.0,0.722326024
670,34.0,0.724849191
680,34.0,0.725879088
690,36.0,0.727253057
700,35.0,0.728717953
710,35.0,0.729985892
720,36.0,0.731559958
730,38.0,0.732913194
740,37.0,0.73515772
750,37.0,0.736490908
760,37.0,0.738989
770,37.0,0.7416209
780,40.0,0.749051966
790,40.0,0.752658343
800,39.0,0.754418569
810,37.0,0.756017116
820,37.0,0.75771488
830,38.0,0.759899297
840,37.0,0.762646145
850,36.0,0.764621101
860,36.0,0.766700734
870,37.0,0.768955836
880,39.0,0.781153675
890,39.0,0.782046488
900,39.0,0.782908639
910,40.0,0.783872057
920,40.0,0.78477566
930,39.0,0.786480324
940,40.0,0.7876582
950,40.0,0.789291985
960,39.0,0.790694006
970,39.0,0.792965332
980,40.0,0.798994308
990,41.0,0.803318007
1000,41.0,0.809263009
1010,40.0,0.814901602
1020,41.0,0.820408482
1030,41.0,0.848637136
1040,39.0,0.849838086
1050,39.0,0.852449403
1060,39.0,0.854932351
1070,39.0,0.85688108
1080,40.0,0.858821386
1090,39.0,0.860516453
1100,39.0,0.862468774
1110,37.0,0.864303024
1120,36.0,0.867168108
1130,36.0,0.869033462
1140,37.0,0.870662305
1150,37.0,0.872511374
1160,36.0,0.874959707
1170,36.0,0.878053054
1180,37.0,0.880214173
1190,37.0,0.881843062
1200,37.0,0.917968065
1210,37.0,0.920035182
1220,37.0,1.083471683
1230,37.0,1.085731831
1240,39.0,1.08848318
1250,37.0,1.089914265
1260,38.0,1.090628196
1270,38.0,1.091241099
1280,38.0,1.091753457
1290,38.0,1.092196698
1300,39.0,1.092639296
1310,39.0,1.093806476
1320,40.0,1.094183965
1330,38.0,1.094646513
1340,37.0,1.095267887
1350,37.0,1.095766248
1360,38.0,1.096297886
1370,39.0,1.096812761
1380,39.0,1.097402965
1390,41.0,1.097957625
1400,41.0,1.09852449
1410,40.0,1.098919457
1420,39.0,1.099395752
1430,40.0,1.099836372
1440,38.0,1.100181175
1450,39.0,1.101708693
1460,39.0,1.102624937
1470,40.0,1.103234081
1480,38.0,1.103631625
1490,39.0,1.104351854
1500,37.0,1.104748364
1510,38.0,1.105142498
1520,38.0,1.105574419
1530,38.0,1.105946554
1540,39.0,1.106419641
1550,39.0,1.107067909
1560,40.0,1.107681778
1570,40.0,1.108197391
1580,40.0,1.108722227
1590,40.0,1.109213439
1600,39.0,1.109718052
1610,39.0,1.110210332
1620,39.0,1.110680687
1630,39.0,1.111310227
1640,39.0,1.111807069
1650,39.0,1.112319783
1660,40.0,1.112813923
1670,39.0,1.113972487
1680,40.0,1.114609294
1690,40.0,1.115196226
1700,40.0,1.116903894
1710,41.0,1.117675015
1720,41.0,1.118775897
1730,39.0,1.119395063
1740,39.0,1.119850407
1750,41.0,1.120489717
1760,42.0,1.121034724
1770,42.0,1.121617709
1780,41.0,1.122270221
1790,42.0,1.122730599
1800,42.0,1.123209838
1810,41.0,1.123804809
1820,43.0,1.124266364
1830,41.0,1.124884271
1840,41.0,1.125688122
1850,43.0,1.126397938
1860,41.0,1.126970438
1870,43.0,1.1277535
1880,42.0,1.128282398
1890,44.0,1.128740831
1900,43.0,1.129365942
1910,42.0,1.129817905
1920,43.0,1.130338507
1930,42.0,1.130700538
1940,43.0,1.131025647
1950,44.0,1.131499581
1960,44.0,1.132192443
1970,43.0,1.132612302
1980,43.0,1.133030745
1990,43.0,1.133445221
2000,44.0,1.133847072
2010,43.0,1.134310476
2020,42.0,1.135053148
2030,43.0,1.135539453
2040,43.0,1.136203593
2050,43.0,1.136726002
2060,45.0,1.137320948
2070,44.0,1.137686221
2080,43.0,1.140092918
2090,43.0,1.140990379
2100,42.0,1.142186374
2110,41.0,1.143061808
2120,41.0,1.144159391
2130,40.0,1.145223195
2140,41.0,1.146052667
2150,42.0,1.146605256
2160,41.0,1.147052013
2170,41.0,1.147559273
2180,41.0,1.148140521
2190,42.0,1.148521555
2200,43.0,1.149233164
2210,43.0,1.149631619
2220,43.0,1.150195807
2230,43.0,1.151283329
2240,44.0,1.152054547
2250,44.0,1.152586517
2260,44.0,1.153218266
2270,45.0,1.153914148
2280,44.0,1.154948882
2290,44.0,1.155361889
2300,43.0,1.155795594
2310,43.0,1.156195629
2320,43.0,1.15674577
2330,43.0,1.157276883
2340,44.0,1.157843358
2350,44.0,1.158254864
2360,45.0,1.158738358
2370,45.0,1.160149265
2380,46.0,1.161703717
2390,46.0,1.16218862
2400,46.0,1.162851683
2410,46.0,1.163396022
2420,46.0,1.163783113
2430,46.0,1.164358756
2440,46.0,1.165342473
2450,47.0,1.166389218
2460,46.0,1.166967916
2470,46.0,1.167889646
2480,46.0,1.168493505
2490,46.0,1.169144111
2500,46.0,1.169786918
2510,45.0,1.170864167
2520,45.0,1.172403408
2530,45.0,1.172923804
2540,45.0,1.17359487
2550,46.0,1.174606734
2560,46.0,1.175797025
2570,45.0,1.176688333
2580,45.0,1.17763432
2590,46.0,1.178045337
2600,53.0,1.179495649
2610,53.0,1.180038434
2620,52.0,1.180460593
2630,52.0,1.181377846
2640,52.0,1.182743099
2650,52.0,1.183432713
2660,52.0,1.184004414
2670,51.0,1.184437354
2680,51.0,1.185010267
2690,51.0,1.185545612
2700,52.0,1.186211008
2710,52.0,1.187457644
2720,52.0,1.188018916
2730,52.0,1.188533193
2740,53.0,1.188922233
2750,54.0,1.189268248
2760,53.0,1.189646197
2770,54.0,1.190015415
2780,54.0,1.190366103
2790,53.0,1.190834221
2800,53.0,1.191386102
2810,52.0,1.192209162
2820,52.0,1.192671599
2830,51.0,1.193351622
2840,52.0,1.194206459
2850,52.0,1.195457375
2860,51.0,1.197710422
2870,51.0,1.199548938
2880,52.0,1.200358485
2890,52.0,1.202632432
2900,52.0,1.20355631
2910,52.0,1.205373678
2920,53.0,1.206413333
2930,53.0,1.208209854
2940,54.0,1.210413151
2950,53.0,1.21194547
2960,53.0,1.212729957
2970,53.0,1.214094297
2980,53.0,1.215168128
2990,53.0,1.217192142
3000,53.0,1.218423985
3010,54.0,1.219852117
3020,53.0,1.221467111
3030,53.0,1.221940488
3040,53.0,1.22305574
3050,53.0,1.22399921
3060,53.0,1.224649477
3070,53.0,1.225134202
3080,54.0,1.227136605
3090,53.0,1.230368522
3100,53.0,1.232095449
3110,52.0,1.233340468
3120,52.0,1.23461239
3130,54.0,1.236066248
3140,52.0,1.236855066
3150,53.0,1.23734013
3160,53.0,1.23812656
3170,53.0,1.238910246
3180,53.0,1.240370252
3190,53.0,1.242031264
3200,53.0,1.243747109
3210,53.0,1.259730447
3220,53.0,1.260302206
3230,53.0,1.260749509
3240,53.0,1.26547513
3250,53.0,1.266137021
3260,53.0,1.272169458
3270,53.0,1.272653641
3280,53.0,1.273443908
3290,53.0,1.27402233
3300,52.0,1.27518972
3310,52.0,1.275685403
3320,53.0,1.276637454
3330,53.0,1.277380059
3340,53.0,1.27784695
3350,54.0,1.278383513
3360,53.0,1.278739066
3370,52.0,1.279114772
3380,52.0,1.279500002
3390,52.0,1.279901597
3400,53.0,1.280207543
3410,53.0,1.280598259
3420,54.0,1.281357354
3430,54.0,1.28210913
3440,54.0,1.282867287
3450,54.0,1.283512263
3460,54.0,1.283969801
3470,54.0,1.284468071
3480,53.0,1.28514635
3490,53.0,1.28566845
3500,52.0,1.286222759
3510,53.0,1.286764642
3520,54.0,1.287849253
3530,53.0,1.28846273
3540,55.0,1.289248161
3550,55.0,1.290384599
3560,54.0,1.291297338
3570,54.0,1.291819192
3580,54.0,1.292842213
3590,54.0,1.294054057
3600,54.0,1.294972285
3610,55.0,1.295721283
3620,55.0,1.296547888
3630,55.0,1.297041258
3640,56.0,1.298293848
3650,57.0,1.299212618
3660,56.0,1.393983159
3670,55.0,1.395817139
3680,55.0,1.397896877
3690,55.0,1.399395317
3700,56.0,1.401629561
3710,56.0,1.40272753
3720,56.0,1.403780076
3730,54.0,1.404435705
3740,55.0,1.405030234
3750,55.0,1.405850068
3760,54.0,1.424137859
3770,55.0,1.424605227
3780,54.0,1.424965043
3790,54.0,1.425291036
3800,55.0,1.425856086
3810,55.0,1.426690802
3820,55.0,1.427532132
3830,58.0,1.428410403
3840,56.0,1.428988407
3850,55.0,1.429310455
3860,55.0,1.429636756
3870,55.0,1.429960747
3880,54.0,1.430269786
3890,54.0,1.43062784
3900,54.0,1.431058452
3910,54.0,1.431396465
3920,55.0,1.431740737
3930,55.0,1.432109415
3940,56.0,1.432795965
3950,56.0,1.433283704
3960,57.0,1.433963386
3970,58.0,1.434394644
3980,59.0,1.434717712
3990,59.0,1.435042201
4000,58.0,1.435683849
