iterations,fitness,time
0,23.0,0.010790314
10,25.0,0.022762565
20,25.0,0.037038536
30,23.0,0.066983483
40,25.0,0.114528974
50,24.0,0.303759244
60,25.0,0.306987157
70,24.0,0.309503491
80,25.0,0.312312321
90,25.0,0.328531285
100,25.0,0.330344483
110,25.0,0.331820662
120,26.0,0.333398566
130,26.0,0.3351356
140,28.0,0.33683362
150,29.0,0.349751134
160,29.0,0.352163802
170,30.0,0.353717584
180,30.0,0.355007696
190,35.0,0.356170064
200,35.0,0.389499785
210,36.0,0.390950828
220,36.0,0.396815283
230,36.0,0.399745285
240,36.0,0.403015742
250,36.0,0.405904484
260,34.0,0.40899459
270,35.0,0.41230477
280,38.0,0.41482111
290,37.0,0.416326829
300,38.0,0.418386126
310,38.0,0.420982903
320,38.0,0.423350194
330,38.0,0.424930702
340,38.0,0.427350527
350,39.0,0.429580314
360,40.0,0.597375533
370,40.0,0.598971752
380,40.0,0.601108792
390,40.0,0.603406507
400,40.0,0.606046609
410,41.0,0.608238434
420,41.0,0.61055373
430,41.0,0.613199359
440,40.0,0.615017976
450,39.0,0.616272333
460,39.0,0.617835707
470,40.0,0.620071143
480,40.0,0.625876153
490,39.0,0.629072763
500,39.0,0.634840344
510,39.0,0.636699351
520,41.0,0.637925119
530,41.0,0.640337059
540,42.0,0.641796995
550,42.0,0.643155963
560,41.0,0.644791667
570,41.0,0.647038651
580,41.0,0.64930149
590,41.0,0.65238978
600,41.0,0.654512554
610,40.0,0.656272145
620,41.0,0.657961376
630,41.0,0.659494293
640,40.0,0.660769468
650,41.0,0.663309869
660,40.0,0.666914266
670,40.0,0.67027588
680,41.0,0.672743294
690,42.0,0.675037462
700,42.0,0.675988741
710,40.0,0.676889492
720,40.0,0.677963178
730,41.0,0.681415275
740,40.0,0.684579637
750,41.0,0.686651986
760,42.0,0.688754929
770,43.0,0.691416611
780,43.0,0.693448489
790,42.0,0.695442278
800,42.0,0.696991116
810,42.0,0.698404267
820,42.0,0.699992754
830,43.0,0.74196942
840,45.0,0.743791436
850,45.0,0.744967641
860,46.0,0.745845262
870,43.0,0.746535368
880,43.0,0.747318633
890,42.0,0.748146824
900,43.0,0.74898812
910,43.0,0.74975877
920,43.0,0.829080177
930,44.0,0.831156634
940,45.0,0.832636239
950,44.0,0.833785348
960,45.0,0.834955662
970,45.0,0.839201614
980,45.0,0.840479354
990,46.0,0.844475699
1000,45.0,0.847650336
1010,45.0,0.849496022
1020,45.0,0.851557311
1030,45.0,0.853378592
1040,45.0,0.855703057
1050,45.0,0.858266814
1060,44.0,0.891788194
1070,45.0,0.893257533
1080,47.0,0.894849318
1090,45.0,0.896078603
1100,45.0,0.89721227
1110,47.0,0.89878017
1120,46.0,0.899844885
1130,43.0,0.901913912
1140,45.0,0.904132916
1150,45.0,0.906832995
1160,46.0,0.907890391
1170,46.0,0.910303305
1180,46.0,0.912440616
1190,45.0,0.91423741
1200,47.0,0.915606111
1210,47.0,0.91685496
1220,46.0,0.917565283
1230,48.0,0.919189579
1240,48.0,0.920585694
1250,47.0,0.921824687
1260,47.0,0.92343982
1270,47.0,0.925421705
1280,48.0,0.927338627
1290,48.0,0.929113396
1300,49.0,0.932040298
1310,48.0,0.933480506
1320,49.0,0.935030179
1330,49.0,0.937538102
1340,49.0,0.940859273
1350,49.0,0.943565814
1360,51.0,0.945266543
1370,50.0,1.016108113
1380,51.0,1.019927201
1390,47.0,1.023049412
1400,48.0,1.025086603
1410,49.0,1.026613106
1420,48.0,1.153368471
1430,49.0,1.156187162
1440,53.0,1.157228811
1450,53.0,1.157879101
1460,53.0,1.158530895
1470,53.0,1.15891361
1480,53.0,1.15950586
1490,53.0,1.159938039
1500,54.0,1.160213858
1510,54.0,1.160789388
1520,53.0,1.161167409
1530,53.0,1.161519453
1540,53.0,1.162061234
1550,52.0,1.1623753
1560,52.0,1.162869506
1570,53.0,1.164455345
1580,53.0,1.165356861
1590,53.0,1.165911389
1600,54.0,1.166212827
1610,55.0,1.166707109
1620,55.0,1.167070468
1630,53.0,1.167519126
1640,55.0,1.168047197
1650,54.0,1.168792845
1660,53.0,1.16944855
1670,56.0,1.169927319
1680,54.0,1.170366486
1690,56.0,1.171094579
1700,57.0,1.171428175
1710,57.0,1.171828367
1720,57.0,1.172207739
1730,57.0,1.172598451
1740,57.0,1.172933259
1750,57.0,1.173382182
1760,56.0,1.173740604
1770,56.0,1.174619637
1780,56.0,1.175251885
1790,56.0,1.176052128
1800,57.0,1.176561016
1810,56.0,1.176922252
1820,56.0,1.177344096
1830,54.0,1.177775103
1840,55.0,1.178248637
1850,54.0,1.178551906
1860,54.0,1.178975033
1870,54.0,1.179392542
1880,54.0,1.179863271
1890,54.0,1.18070581
1900,54.0,1.18130049
1910,55.0,1.181848775
1920,54.0,1.182451278
1930,54.0,1.182922032
1940,55.0,1.183277563
1950,54.0,1.183595213
1960,53.0,1.183965104
1970,53.0,1.184276632
1980,53.0,1.18474468
1990,53.0,1.185157451
2000,54.0,1.185559964
2010,54.0,1.186380979
2020,54.0,1.186688556
2030,54.0,1.187014126
2040,53.0,1.187329201
2050,53.0,1.187915196
2060,53.0,1.188290312
2070,54.0,1.18860924
2080,54.0,1.18929644
2090,55.0,1.189783088
2100,54.0,1.190364696
2110,55.0,1.190918034
2120,58.0,1.191350053
2130,56.0,1.192402643
2140,57.0,1.1928398
2150,56.0,1.193463428
2160,57.0,1.194006255
2170,58.0,1.196044598
2180,56.0,1.19861479
2190,58.0,1.201889395
2200,58.0,1.202238119
2210,58.0,1.202875124
2220,57.0,1.203437727
2230,58.0,1.203775116
2240,57.0,1.204056538
2250,58.0,1.205070632
2260,59.0,1.205429651
2270,59.0,1.205921441
2280,58.0,1.206336203
2290,59.0,1.206809445
2300,59.0,1.208441558
2310,59.0,1.208933007
2320,59.0,1.20934913
2330,60.0,1.209673159
2340,60.0,1.210056596
2350,62.0,1.21040039
2360,62.0,1.210965385
2370,62.0,1.212201229
2380,60.0,1.212796344
2390,60.0,1.213361798
2400,59.0,1.213816166
2410,60.0,1.214180772
2420,60.0,1.214714485
2430,61.0,1.215143389
2440,61.0,1.216062077
2450,61.0,1.216767376
2460,60.0,1.217953072
2470,61.0,1.218342482
2480,61.0,1.218823976
2490,61.0,1.219241652
2500,61.0,1.219679267
2510,61.0,1.220632415
2520,61.0,1.221141378
2530,60.0,1.221804232
2540,61.0,1.222107449
2550,66.0,1.222404984
2560,65.0,1.222713754
2570,61.0,1.223016163
2580,61.0,1.224111467
2590,62.0,1.224443198
2600,63.0,1.225032798
2610,62.0,1.225724322
2620,64.0,1.226409897
2630,62.0,1.2269232
2640,63.0,1.227246819
2650,63.0,1.22808424
2660,63.0,1.22852603
2670,62.0,1.229460461
2680,63.0,1.229955211
2690,62.0,1.23056329
2700,62.0,1.231220532
2710,62.0,1.231697
2720,65.0,1.232316321
2730,63.0,1.233044533
2740,65.0,1.234183802
2750,63.0,1.235122871
2760,62.0,1.235942812
2770,62.0,1.236535703
2780,62.0,1.23732882
2790,62.0,1.23800077
2800,62.0,1.239209827
2810,61.0,1.240019801
2820,61.0,1.240608136
2830,62.0,1.241322127
2840,63.0,1.242354862
2850,63.0,1.243284086
2860,63.0,1.244387029
2870,63.0,1.245293252
2880,63.0,1.246323715
2890,61.0,1.247316253
2900,60.0,1.248209823
2910,58.0,1.248625894
2920,60.0,1.249528652
2930,61.0,1.250085763
2940,61.0,1.250409822
2950,61.0,1.250810781
2960,61.0,1.25111211
2970,62.0,1.252101144
2980,62.0,1.252866382
2990,62.0,1.254017055
3000,63.0,1.256016745
3010,62.0,1.257156713
3020,60.0,1.257944399
3030,63.0,1.258464499
3040,63.0,1.258991852
3050,62.0,1.259420506
3060,62.0,1.259793776
3070,62.0,1.260836665
3080,62.0,1.261489485
3090,63.0,1.262627417
3100,65.0,1.284052774
3110,63.0,1.284812196
3120,62.0,1.285233571
3130,62.0,1.285590522
3140,61.0,1.286418683
3150,61.0,1.287474259
3160,61.0,1.28787432
3170,60.0,1.288607942
3180,60.0,1.2895729
3190,59.0,1.319554028
3200,61.0,1.320397816
3210,61.0,1.320784733
3220,61.0,1.321252569
3230,62.0,1.321895225
3240,62.0,1.322598645
3250,63.0,1.322982816
3260,63.0,1.323447438
3270,65.0,1.324026757
3280,63.0,1.324675284
3290,66.0,1.325275174
3300,67.0,1.325862132
3310,67.0,1.326328211
3320,67.0,1.326887465
3330,68.0,1.327388826
3340,69.0,1.328105502
3350,69.0,1.328548352
3360,70.0,1.329410754
3370,68.0,1.329886674
3380,67.0,1.330234285
3390,67.0,1.330738438
3400,69.0,1.331140954
3410,69.0,1.331522266
3420,69.0,1.331867122
3430,69.0,1.332295013
3440,69.0,1.332836599
3450,69.0,1.333615166
3460,67.0,1.334989409
3470,67.0,1.335659353
3480,67.0,1.336087116
3490,67.0,1.33701233
3500,67.0,1.33806931
3510,71.0,1.338797923
3520,68.0,1.339367564
3530,67.0,1.339979576
3540,67.0,1.340752672
3550,67.0,1.341152077
3560,68.0,1.34192128
3570,66.0,1.342560098
3580,67.0,1.343230592
3590,67.0,1.343819474
3600,68.0,1.34446368
3610,67.0,1.344999013
3620,67.0,1.345616337
3630,67.0,1.346430876
3640,67.0,1.346995156
3650,67.0,1.347793477
3660,67.0,1.348632812
3670,67.0,1.349693271
3680,68.0,1.350574122
3690,66.0,1.35205167
3700,68.0,1.352812006
3710,66.0,1.353502862
3720,68.0,1.354322301
3730,67.0,1.355634416
3740,67.0,1.35663562
3750,67.0,1.357135567
3760,65.0,1.357462608
3770,65.0,1.35779669
3780,65.0,1.358128284
3790,67.0,1.358485259
3800,67.0,1.358833638
3810,66.0,1.359206535
3820,64.0,1.359509416
3830,63.0,1.359894848
3840,63.0,1.360297008
3850,63.0,1.360576979
3860,64.0,1.360916061
3870,64.0,1.381791877
3880,65.0,1.383694037
3890,63.0,1.385523568
3900,63.0,1.385894174
3910,64.0,1.386201905
3920,64.0,1.38654356
3930,65.0,1.386879849
3940,63.0,1.387190262
3950,64.0,1.387620662
3960,63.0,1.388222003
3970,63.0,1.413580373
3980,63.0,1.414327927
3990,63.0,1.414858604
4000,63.0,1.415300226
