iterations,fitness,time
0,22.0,0.008406776
10,26.0,0.017126015
20,22.0,0.026877741
30,26.0,0.036520342
40,23.0,0.062199956
50,23.0,0.082694838
60,23.0,0.303872688
70,24.0,0.308409213
80,24.0,0.311348272
90,24.0,0.3136261
100,25.0,0.315682669
110,25.0,0.317803493
120,25.0,0.319340017
130,25.0,0.320429556
140,25.0,0.321543904
150,25.0,0.322629695
160,27.0,0.323474212
170,27.0,0.326195682
180,24.0,0.329508982
190,25.0,0.332173499
200,25.0,0.334440761
210,25.0,0.337055249
220,25.0,0.339654609
230,24.0,0.342943127
240,25.0,0.345509229
250,27.0,0.347756657
260,25.0,0.350135081
270,25.0,0.352345611
280,25.0,0.354132222
290,25.0,0.35583086
300,25.0,0.358845559
310,25.0,0.361857809
320,25.0,0.365002285
330,25.0,0.368195347
340,27.0,0.370840669
350,25.0,0.374104266
360,25.0,0.481526174
370,25.0,0.482174698
380,27.0,0.484861487
390,28.0,0.486672808
400,28.0,0.487734556
410,28.0,0.488705573
420,28.0,0.489640731
430,28.0,0.49049457
440,28.0,0.491500162
450,28.0,0.492336129
460,28.0,0.493142778
470,30.0,0.493937921
480,30.0,0.497448852
490,30.0,0.500042195
500,31.0,0.505267097
510,30.0,0.508059542
520,30.0,0.514834475
530,31.0,0.516161163
540,31.0,0.518000674
550,31.0,0.520846483
560,31.0,0.525548694
570,32.0,0.528876279
580,32.0,0.531668035
590,31.0,0.534549071
600,31.0,0.536800491
610,32.0,0.538630945
620,31.0,0.54366667
630,33.0,0.546219888
640,31.0,0.547362061
650,31.0,0.54982815
660,32.0,0.551885682
670,32.0,0.554317717
680,32.0,0.55658727
690,31.0,0.558799349
700,32.0,0.56040253
710,32.0,0.561786666
720,31.0,0.563670668
730,31.0,0.565545409
740,31.0,0.567238477
750,31.0,0.569653069
760,32.0,0.571645851
770,32.0,0.57339004
780,32.0,0.575268831
790,32.0,0.577345095
800,32.0,0.579948666
810,32.0,0.582129319
820,33.0,0.584109644
830,33.0,0.587154462
840,35.0,0.589653281
850,35.0,0.608673403
860,34.0,0.609956612
870,34.0,0.610870337
880,34.0,0.611827826
890,34.0,0.614434602
900,34.0,0.617162795
910,34.0,0.619308584
920,34.0,0.621054743
930,34.0,0.623917468
940,34.0,0.626838634
950,33.0,0.629458999
960,33.0,0.63090229
970,34.0,0.632773956
980,34.0,0.634679598
990,34.0,0.636659388
1000,34.0,0.760789583
1010,34.0,0.762875955
1020,34.0,0.765068477
1030,34.0,0.76736437
1040,33.0,0.769413492
1050,34.0,0.77030422
1060,34.0,0.772568263
1070,34.0,0.773601095
1080,34.0,0.774369295
1090,33.0,0.775414472
1100,34.0,0.776396645
1110,34.0,0.777428731
1120,34.0,0.778661655
1130,33.0,0.790090353
1140,34.0,0.791106528
1150,34.0,0.792030911
1160,33.0,0.793068607
1170,34.0,0.793970404
1180,34.0,0.794891106
1190,34.0,0.795793205
1200,34.0,0.797958544
1210,35.0,0.799767024
1220,35.0,0.80198334
1230,36.0,0.803788723
1240,38.0,0.806171942
1250,35.0,0.808425857
1260,35.0,0.810052944
1270,36.0,0.920626377
1280,36.0,0.921642636
1290,36.0,0.922366252
1300,36.0,0.923253555
1310,36.0,0.923991232
1320,36.0,0.924662032
1330,37.0,0.92538959
1340,37.0,0.926040432
1350,37.0,0.926771991
1360,38.0,0.927526239
1370,39.0,0.928861171
1380,37.0,0.930219823
1390,37.0,0.936237
1400,37.0,0.93850251
1410,37.0,0.939886657
1420,38.0,1.040891549
1430,38.0,1.042155313
1440,38.0,1.042516717
1450,39.0,1.042781433
1460,39.0,1.043176002
1470,39.0,1.043553414
1480,39.0,1.043883258
1490,39.0,1.044189831
1500,39.0,1.044466779
1510,38.0,1.045078939
1520,39.0,1.045590888
1530,39.0,1.046042035
1540,39.0,1.046390609
1550,39.0,1.046926857
1560,39.0,1.047412552
1570,39.0,1.047945801
1580,39.0,1.048353054
1590,39.0,1.048783922
1600,38.0,1.049261134
1610,38.0,1.049564772
1620,38.0,1.050038267
1630,38.0,1.051123774
1640,39.0,1.051515357
1650,39.0,1.052108922
1660,39.0,1.0524951
1670,39.0,1.052887958
1680,39.0,1.053973374
1690,39.0,1.054321224
1700,39.0,1.054568417
1710,39.0,1.054986002
1720,39.0,1.055254503
1730,39.0,1.055512221
1740,39.0,1.055821459
1750,39.0,1.056200777
1760,39.0,1.056604434
1770,39.0,1.057675887
1780,39.0,1.058504999
1790,39.0,1.059218038
1800,39.0,1.059691075
1810,39.0,1.060061558
1820,39.0,1.060409124
1830,40.0,1.060742542
1840,40.0,1.060978291
1850,39.0,1.061358728
1860,39.0,1.061676677
1870,40.0,1.062016878
1880,39.0,1.062475222
1890,40.0,1.062868611
1900,39.0,1.063238104
1910,41.0,1.063742416
1920,39.0,1.064042088
1930,39.0,1.064639332
1940,40.0,1.065088264
1950,41.0,1.065500001
1960,40.0,1.066112605
1970,40.0,1.067120643
1980,39.0,1.067624247
1990,39.0,1.067949221
2000,39.0,1.068628702
2010,39.0,1.069080115
2020,40.0,1.06971035
2030,40.0,1.070030707
2040,39.0,1.070580933
2050,39.0,1.070930727
2060,39.0,1.071218069
2070,39.0,1.071650354
2080,39.0,1.071972504
2090,41.0,1.072442721
2100,41.0,1.072731786
2110,40.0,1.072992585
2120,40.0,1.073716088
2130,40.0,1.073960901
2140,41.0,1.074689454
2150,41.0,1.074997122
2160,40.0,1.075505577
2170,42.0,1.075921042
2180,41.0,1.076461881
2190,44.0,1.076760111
2200,45.0,1.077164137
2210,44.0,1.0780773
2220,44.0,1.078479347
2230,44.0,1.07891573
2240,45.0,1.079203255
2250,46.0,1.079532015
2260,48.0,1.080029808
2270,48.0,1.080374036
2280,51.0,1.080943483
2290,54.0,1.081226931
2300,52.0,1.081641181
2310,53.0,1.082499864
2320,53.0,1.083723889
2330,54.0,1.085135189
2340,53.0,1.0862395
2350,52.0,1.08654129
2360,53.0,1.086828421
2370,53.0,1.08723849
2380,53.0,1.087585588
2390,52.0,1.087970624
2400,53.0,1.088234295
2410,53.0,1.088543456
2420,53.0,1.088785353
2430,53.0,1.089046937
2440,52.0,1.089311943
2450,53.0,1.08971152
2460,53.0,1.09005255
2470,54.0,1.090335191
2480,53.0,1.090628708
2490,53.0,1.090915516
2500,53.0,1.091173297
2510,53.0,1.091419782
2520,54.0,1.091644098
2530,54.0,1.091928101
2540,54.0,1.092359935
2550,54.0,1.092790551
2560,55.0,1.093070324
2570,55.0,1.093306155
2580,55.0,1.094964859
2590,55.0,1.097950302
2600,55.0,1.099887209
2610,55.0,1.100601819
2620,56.0,1.101370341
2630,55.0,1.102053079
2640,55.0,1.102414949
2650,57.0,1.102817962
2660,55.0,1.10313048
2670,55.0,1.103660394
2680,55.0,1.104583569
2690,56.0,1.104990549
2700,55.0,1.105409433
2710,56.0,1.105675548
2720,56.0,1.106488824
2730,55.0,1.107716501
2740,56.0,1.108279662
2750,55.0,1.108852396
2760,51.0,1.109134336
2770,52.0,1.109376069
2780,52.0,1.109625625
2790,53.0,1.109898751
2800,54.0,1.111336769
2810,54.0,1.112026044
2820,53.0,1.112446312
2830,53.0,1.113190545
2840,53.0,1.113672818
2850,54.0,1.114021903
2860,57.0,1.114405753
2870,54.0,1.114696028
2880,54.0,1.115203212
2890,54.0,1.115464432
2900,55.0,1.116029104
2910,54.0,1.117074024
2920,55.0,1.11764537
2930,55.0,1.118077269
2940,55.0,1.118785634
2950,55.0,1.119559713
2960,54.0,1.120319816
2970,54.0,1.120950169
2980,54.0,1.121323394
2990,57.0,1.121582365
3000,58.0,1.122150079
3010,58.0,1.122582393
3020,58.0,1.123517034
3030,58.0,1.123803653
3040,59.0,1.124535916
3050,59.0,1.125099229
3060,59.0,1.125487576
3070,59.0,1.125796294
3080,59.0,1.12662951
3090,58.0,1.127134144
3100,58.0,1.127637494
3110,58.0,1.12862098
3120,59.0,1.129620261
3130,59.0,1.13048453
3140,59.0,1.131166739
3150,58.0,1.131704565
3160,58.0,1.132565416
3170,58.0,1.133077219
3180,58.0,1.133318647
3190,58.0,1.134015585
3200,58.0,1.134528304
3210,58.0,1.135345622
3220,58.0,1.13660926
3230,58.0,1.137727788
3240,59.0,1.13904738
3250,58.0,1.139755356
3260,58.0,1.140188105
3270,59.0,1.141159778
3280,57.0,1.142360239
3290,57.0,1.143908909
3300,58.0,1.144480825
3310,57.0,1.144778126
3320,57.0,1.145672696
3330,57.0,1.146429456
3340,57.0,1.147014383
3350,57.0,1.147571147
3360,57.0,1.148852403
3370,57.0,1.149504801
3380,57.0,1.150337174
3390,58.0,1.151176665
3400,58.0,1.152290496
3410,58.0,1.153153945
3420,58.0,1.153491707
3430,59.0,1.153912099
3440,59.0,1.15474343
3450,59.0,1.155724745
3460,59.0,1.156287698
3470,58.0,1.156832808
3480,58.0,1.157432827
3490,58.0,1.158304418
3500,58.0,1.159626179
3510,58.0,1.160118456
3520,58.0,1.160933488
3530,59.0,1.161485157
3540,58.0,1.16186849
3550,58.0,1.162334262
3560,59.0,1.162677684
3570,58.0,1.162986431
3580,58.0,1.164324307
3590,58.0,1.164933397
3600,58.0,1.165442683
3610,58.0,1.166006955
3620,58.0,1.166419872
3630,58.0,1.166973754
3640,58.0,1.167573447
3650,58.0,1.167936706
3660,58.0,1.168799971
3670,59.0,1.16937755
3680,58.0,1.169876941
3690,58.0,1.170278001
3700,58.0,1.170761282
3710,58.0,1.171084541
3720,58.0,1.17146087
3730,58.0,1.171879209
3740,58.0,1.173328087
3750,58.0,1.174125851
3760,58.0,1.175384489
3770,58.0,1.17605361
3780,58.0,1.176644033
3790,58.0,1.177594732
3800,59.0,1.178471939
3810,58.0,1.179055115
3820,58.0,1.179652749
3830,58.0,1.180244429
3840,58.0,1.180993723
3850,58.0,1.181883466
3860,58.0,1.182486309
3870,59.0,1.183287426
3880,59.0,1.183919028
3890,59.0,1.184527042
3900,58.0,1.185156163
3910,58.0,1.185775664
3920,58.0,1.186510954
3930,58.0,1.186949785
3940,58.0,1.187670474
3950,58.0,1.188000229
3960,59.0,1.188436105
3970,59.0,1.188918422
3980,58.0,1.189170605
3990,59.0,1.189426023
4000,59.0,1.18965202
