iterations,fitness,time
0,22.0,0.015224755
10,24.0,0.030530137
20,29.0,0.042563672
30,30.0,0.061213462
40,30.0,0.160591614
50,30.0,0.225860092
60,31.0,0.431983191
70,33.0,0.442934917
80,34.0,0.445811121
90,34.0,0.448492243
100,34.0,0.450949196
110,34.0,0.452899809
120,33.0,0.454243016
130,33.0,0.455328214
140,33.0,0.456748924
150,35.0,0.457903038
160,35.0,0.459383497
170,35.0,0.460348469
180,35.0,0.461511109
190,36.0,0.462650723
200,38.0,0.464543573
210,38.0,0.466131972
220,38.0,0.469254672
230,38.0,0.479562238
240,39.0,0.486075497
250,39.0,0.488467288
260,38.0,0.506815438
270,38.0,0.509132366
280,39.0,0.51129615
290,38.0,0.513274531
300,38.0,0.515548731
310,38.0,0.516311015
320,38.0,0.517130033
330,39.0,0.519285762
340,38.0,0.52193122
350,39.0,0.525756505
360,40.0,0.528165335
370,39.0,0.530649083
380,42.0,0.533513151
390,43.0,0.53463914
400,43.0,0.537418301
410,43.0,0.540509091
420,43.0,0.542829385
430,43.0,0.544878366
440,43.0,0.547298494
450,42.0,0.548597894
460,43.0,0.55002851
470,43.0,0.551381197
480,46.0,0.552788215
490,50.0,0.629848225
500,50.0,0.63176034
510,50.0,0.633174943
520,51.0,0.635192019
530,50.0,0.637597189
540,49.0,0.640104622
550,50.0,0.642693738
560,50.0,0.649987878
570,52.0,0.651846093
580,52.0,0.653845641
590,58.0,0.65557879
600,53.0,0.657427174
610,55.0,0.659359886
620,55.0,0.662601368
630,53.0,0.664926321
640,56.0,0.667467211
650,52.0,0.670947507
660,53.0,0.674384395
670,53.0,0.676663928
680,53.0,0.677975656
690,57.0,0.679992091
700,57.0,0.682570998
710,54.0,0.685348876
720,53.0,0.688039451
730,53.0,0.689443621
740,50.0,0.690451811
750,54.0,0.692378043
760,53.0,0.695048699
770,53.0,0.697617522
780,53.0,0.69973229
790,53.0,0.702144338
800,52.0,0.703937516
810,52.0,0.70563583
820,54.0,0.707491663
830,54.0,0.709295057
840,55.0,0.710916174
850,56.0,0.712766321
860,56.0,0.714320541
870,56.0,0.715829534
880,56.0,0.717334682
890,57.0,0.718640987
900,55.0,0.738455398
910,55.0,0.740093972
920,55.0,0.741774533
930,55.0,0.743825576
940,56.0,0.746573127
950,55.0,0.749266811
960,54.0,0.751365606
970,53.0,0.754012642
980,53.0,0.75569167
990,54.0,0.757887758
1000,57.0,0.760420114
1010,58.0,0.762376648
1020,59.0,0.764230285
1030,58.0,0.766181716
1040,59.0,0.768092493
1050,58.0,0.770096762
1060,59.0,0.772315413
1070,59.0,0.774276691
1080,60.0,0.775629258
1090,60.0,0.777231964
1100,59.0,0.779294118
1110,60.0,0.781426071
1120,59.0,0.782841543
1130,59.0,0.785205012
1140,59.0,0.786789239
1150,59.0,0.789035283
1160,58.0,0.791513689
1170,58.0,0.794060154
1180,58.0,0.795522026
1190,58.0,0.79774934
1200,57.0,0.799969039
1210,59.0,0.80159453
1220,61.0,0.80301173
1230,61.0,0.804266051
1240,61.0,0.880799464
1250,61.0,0.883279384
1260,59.0,0.89126527
1270,59.0,0.893200502
1280,59.0,0.894616017
1290,62.0,0.896356199
1300,62.0,0.897779737
1310,62.0,0.899617777
1320,63.0,0.901403125
1330,63.0,0.903285736
1340,64.0,0.905393169
1350,64.0,0.907150069
1360,65.0,0.908734491
1370,64.0,0.910919275
1380,65.0,0.91211643
1390,64.0,0.913297092
1400,64.0,0.915973321
1410,64.0,0.917247461
1420,65.0,0.919513363
1430,64.0,1.133531647
1440,63.0,1.135074947
1450,63.0,1.136668691
1460,63.0,1.140756741
1470,63.0,1.142301764
1480,66.0,1.295730146
1490,63.0,1.297899165
1500,63.0,1.298562601
1510,64.0,1.298937925
1520,65.0,1.299466222
1530,64.0,1.299928197
1540,63.0,1.300310041
1550,61.0,1.300953646
1560,61.0,1.301559966
1570,62.0,1.30229604
1580,62.0,1.30272039
1590,61.0,1.303448776
1600,60.0,1.304067216
1610,60.0,1.304481122
1620,60.0,1.305392651
1630,59.0,1.30595511
1640,60.0,1.306719651
1650,60.0,1.308103397
1660,60.0,1.308698822
1670,60.0,1.309155155
1680,59.0,1.309684406
1690,59.0,1.310180702
1700,60.0,1.310811927
1710,59.0,1.312310792
1720,59.0,1.313303617
1730,59.0,1.313974629
1740,58.0,1.315565557
1750,58.0,1.31716329
1760,55.0,1.319602189
1770,56.0,1.320197408
1780,55.0,1.32226085
1790,58.0,1.322698421
1800,58.0,1.323511179
1810,58.0,1.324142355
1820,59.0,1.324543827
1830,58.0,1.325184418
1840,58.0,1.326638486
1850,57.0,1.327166514
1860,58.0,1.327907276
1870,59.0,1.329000539
1880,61.0,1.329534131
1890,59.0,1.330156505
1900,59.0,1.33088667
1910,59.0,1.331621749
1920,59.0,1.332285566
1930,59.0,1.332998304
1940,59.0,1.333597506
1950,59.0,1.334466262
1960,58.0,1.335068184
1970,59.0,1.336864454
1980,59.0,1.337303661
1990,58.0,1.337782104
2000,58.0,1.338203526
2010,61.0,1.338770544
2020,64.0,1.339150496
2030,67.0,1.339507938
2040,63.0,1.340260376
2050,66.0,1.341362483
2060,66.0,1.341889432
2070,60.0,1.342236983
2080,65.0,1.342577462
2090,66.0,1.342974368
2100,65.0,1.343550779
2110,65.0,1.344131709
2120,65.0,1.344707114
2130,66.0,1.345330286
2140,66.0,1.347159496
2150,67.0,1.348433721
2160,66.0,1.349735007
2170,66.0,1.35006527
2180,67.0,1.350452735
2190,67.0,1.35091496
2200,69.0,1.351785745
2210,67.0,1.352941185
2220,68.0,1.354640669
2230,68.0,1.364062731
2240,69.0,1.368408964
2250,68.0,1.370746654
2260,69.0,1.37564713
2270,68.0,1.376960483
2280,69.0,1.384421228
2290,73.0,1.388050958
2300,75.0,1.388687092
2310,74.0,1.397127037
2320,74.0,1.398961165
2330,73.0,1.399565069
2340,73.0,1.399937988
2350,77.0,1.400280821
2360,77.0,1.400692727
2370,73.0,1.401532665
2380,73.0,1.402360093
2390,73.0,1.40278429
2400,73.0,1.403165181
2410,74.0,1.403718145
2420,74.0,1.404696713
2430,74.0,1.406378344
2440,74.0,1.40723196
2450,76.0,1.407689354
2460,76.0,1.408059305
2470,76.0,1.4084676
2480,77.0,1.408773106
2490,74.0,1.409127831
2500,73.0,1.409443504
2510,73.0,1.409773129
2520,73.0,1.410198458
2530,73.0,1.410726251
2540,74.0,1.411284198
2550,74.0,1.411836583
2560,74.0,1.412525005
2570,74.0,1.414212429
2580,74.0,1.41460466
2590,74.0,1.415597995
2600,73.0,1.416965995
2610,74.0,1.418277316
2620,74.0,1.419009012
2630,74.0,1.420255066
2640,74.0,1.424602805
2650,74.0,1.425532604
2660,74.0,1.428753689
2670,73.0,1.429550702
2680,73.0,1.430257705
2690,73.0,1.430685199
2700,73.0,1.431023959
2710,74.0,1.431813093
2720,75.0,1.432876768
2730,75.0,1.433492026
2740,72.0,1.434023648
2750,72.0,1.434851621
2760,72.0,1.435374617
2770,72.0,1.436142542
2780,72.0,1.436848009
2790,73.0,1.437369437
2800,73.0,1.437920692
2810,73.0,1.438328446
2820,73.0,1.439054633
2830,72.0,1.439676374
2840,73.0,1.440663932
2850,73.0,1.44115814
2860,73.0,1.44156562
2870,73.0,1.442140682
2880,72.0,1.442611535
2890,73.0,1.443241001
2900,73.0,1.443859604
2910,73.0,1.444733783
2920,73.0,1.44567137
2930,75.0,1.446599644
2940,72.0,1.447110831
2950,72.0,1.44791274
2960,72.0,1.448291261
2970,74.0,1.44890032
2980,77.0,1.449512891
2990,74.0,1.449919241
3000,72.0,1.450319247
3010,75.0,1.450759147
3020,73.0,1.45112896
3030,73.0,1.451492368
3040,74.0,1.451985989
3050,73.0,1.452441345
3060,73.0,1.453198798
3070,73.0,1.454087349
3080,72.0,1.454690488
3090,72.0,1.45541767
3100,73.0,1.455798592
3110,73.0,1.456558748
3120,73.0,1.457391115
3130,70.0,1.458525536
3140,70.0,1.459462243
3150,70.0,1.460080559
3160,73.0,1.46199318
3170,73.0,1.463663596
3180,73.0,1.464668848
3190,73.0,1.465829626
3200,73.0,1.466971833
3210,73.0,1.467485254
3220,76.0,1.469055884
3230,71.0,1.469596532
3240,74.0,1.470792287
3250,72.0,1.472048238
3260,72.0,1.473657452
3270,70.0,1.474293993
3280,69.0,1.474625379
3290,69.0,1.475786891
3300,69.0,1.477230833
3310,71.0,1.478807821
3320,70.0,1.480554311
3330,71.0,1.481453282
3340,72.0,1.481880937
3350,71.0,1.482214536
3360,71.0,1.482950147
3370,71.0,1.483627867
3380,73.0,1.484112848
3390,73.0,1.485561904
3400,72.0,1.487792852
3410,71.0,1.489308318
3420,72.0,1.489670575
3430,72.0,1.490136023
3440,70.0,1.490545334
3450,70.0,1.491007821
3460,69.0,1.492105644
3470,70.0,1.493397163
3480,70.0,1.494950291
3490,70.0,1.49634584
3500,70.0,1.497233268
3510,70.0,1.498276243
3520,70.0,1.499008753
3530,70.0,1.500133114
3540,70.0,1.50108308
3550,70.0,1.502572159
3560,71.0,1.503608289
3570,71.0,1.503948488
3580,70.0,1.504317253
3590,71.0,1.504756473
3600,71.0,1.505282832
3610,71.0,1.506061854
3620,71.0,1.506524226
3630,69.0,1.507101613
3640,69.0,1.508714933
3650,69.0,1.509332467
3660,69.0,1.510171081
3670,69.0,1.511227851
3680,70.0,1.649067105
3690,69.0,1.649455356
3700,70.0,1.649918685
3710,70.0,1.650244856
3720,70.0,1.650671697
3730,70.0,1.651061556
3740,70.0,1.651418608
3750,70.0,1.651867108
3760,70.0,1.652226046
3770,70.0,1.652775382
3780,70.0,1.653153094
3790,70.0,1.653781912
3800,72.0,1.654474457
3810,74.0,1.654888795
3820,70.0,1.655236909
3830,71.0,1.655588135
3840,71.0,1.656003854
3850,71.0,1.656802507
3860,70.0,1.657339656
3870,71.0,1.657916345
3880,71.0,1.658295759
3890,70.0,1.65873375
3900,70.0,1.659644558
3910,73.0,1.660747598
3920,73.0,1.662550582
3930,73.0,1.664551491
3940,73.0,1.66600027
3950,73.0,1.667679442
3960,76.0,1.669374495
3970,76.0,1.670638595
3980,75.0,1.671397585
3990,77.0,1.671943738
4000,77.0,1.673091541
