iterations,fitness,time
0,18.0,0.005198846
10,19.0,0.011316555
20,19.0,0.018075251
30,19.0,0.026946013
40,23.0,0.03376655
50,22.0,0.03878896
60,23.0,0.041093573
70,27.0,0.058436585
80,27.0,0.085782471
90,27.0,0.194205935
100,27.0,0.4053977
110,28.0,0.407241437
120,27.0,0.409730398
130,28.0,0.412445395
140,29.0,0.414667865
150,32.0,0.415924646
160,33.0,0.417700757
170,35.0,0.419942144
180,36.0,0.422348021
190,35.0,0.425145211
200,36.0,0.427336259
210,36.0,0.429416996
220,36.0,0.43189207
230,36.0,0.442638279
240,37.0,0.446587097
250,38.0,0.449062914
260,37.0,0.45205986
270,38.0,0.455663837
280,37.0,0.457331139
290,38.0,0.458942496
300,39.0,0.461298218
310,40.0,0.462850806
320,40.0,0.465459096
330,40.0,0.466632511
340,40.0,0.468540067
350,42.0,0.469292651
360,42.0,0.470351787
370,42.0,0.471320225
380,42.0,0.47241725
390,42.0,0.473505749
400,42.0,0.474613857
410,43.0,0.475377509
420,43.0,0.476084099
430,42.0,0.479760468
440,43.0,0.482501317
450,43.0,0.484820585
460,43.0,0.488589593
470,44.0,0.491348794
480,44.0,0.495123739
490,44.0,0.497003108
500,43.0,0.49837246
510,44.0,0.499885863
520,45.0,0.504711181
530,44.0,0.506733059
540,44.0,0.508383135
550,43.0,0.511840647
560,45.0,0.512618759
570,45.0,0.513389129
580,44.0,0.514112835
590,44.0,0.515337542
600,45.0,0.516499648
610,45.0,0.518115612
620,45.0,0.51958344
630,45.0,0.520410458
640,45.0,0.521303565
650,46.0,0.522348317
660,46.0,0.523408447
670,45.0,0.52484346
680,45.0,0.526831314
690,46.0,0.528290715
700,46.0,0.532069881
710,45.0,0.533165776
720,46.0,0.535705764
730,46.0,0.536975838
740,46.0,0.539592992
750,48.0,0.542142435
760,47.0,0.54537324
770,46.0,0.548794176
780,47.0,0.552115693
790,47.0,0.555312276
800,48.0,0.5574259
810,48.0,0.559241308
820,49.0,0.560784306
830,48.0,0.563345194
840,49.0,0.564801609
850,49.0,0.566264074
860,50.0,0.567660981
870,50.0,0.57003195
880,51.0,0.572304467
890,49.0,0.573934559
900,49.0,0.575931637
910,49.0,0.577403765
920,53.0,0.579327328
930,53.0,0.583398806
940,53.0,0.586562952
950,52.0,0.589370797
960,53.0,0.593105644
970,52.0,0.594384663
980,52.0,0.595552785
990,53.0,0.596733971
1000,53.0,0.59791577
1010,53.0,0.602386904
1020,54.0,0.622651418
1030,54.0,0.623461476
1040,53.0,0.6249389
1050,52.0,0.62631686
1060,52.0,0.627004471
1070,54.0,0.627778968
1080,53.0,0.628416095
1090,54.0,0.629361255
1100,54.0,0.630403776
1110,54.0,0.63119079
1120,53.0,0.633162207
1130,54.0,0.6346437
1140,54.0,0.635826768
1150,54.0,0.636876884
1160,55.0,0.637821869
1170,54.0,0.641839459
1180,55.0,0.645447639
1190,55.0,0.646763802
1200,56.0,0.652699544
1210,54.0,0.6561955
1220,54.0,0.658333317
1230,54.0,0.659948209
1240,54.0,0.664841229
1250,53.0,0.667377901
1260,51.0,0.673760394
1270,52.0,0.676033974
1280,53.0,0.678123261
1290,54.0,0.681083503
1300,53.0,0.682097795
1310,52.0,0.685152487
1320,56.0,0.686512348
1330,56.0,0.689331007
1340,56.0,0.692031688
1350,53.0,0.694620842
1360,55.0,0.696992164
1370,59.0,0.698932064
1380,58.0,0.700697712
1390,58.0,0.703686803
1400,52.0,0.710088419
1410,53.0,0.712676367
1420,52.0,0.715151447
1430,53.0,0.717203834
1440,54.0,0.719034345
1450,54.0,0.72050923
1460,54.0,0.723301688
1470,54.0,0.730790113
1480,55.0,0.734419883
1490,56.0,0.737219632
1500,56.0,0.758764452
1510,56.0,0.763746091
1520,57.0,0.769456408
1530,59.0,0.835273625
1540,59.0,0.83728977
1550,59.0,0.83964294
1560,59.0,0.8423658
1570,60.0,0.843821588
1580,60.0,0.84736273
1590,60.0,0.849712739
1600,61.0,0.851392343
1610,61.0,0.852568306
1620,60.0,0.853798672
1630,59.0,0.85468733
1640,59.0,0.85561941
1650,60.0,0.857973108
1660,60.0,0.85954976
1670,60.0,0.862901067
1680,60.0,1.005118501
1690,60.0,1.008388248
1700,61.0,1.011470715
1710,61.0,1.01374205
1720,62.0,1.01569896
1730,61.0,1.151599941
1740,60.0,1.152374279
1750,58.0,1.153134113
1760,58.0,1.154207539
1770,59.0,1.154974431
1780,60.0,1.155246188
1790,60.0,1.155511673
1800,60.0,1.155823156
1810,61.0,1.156194579
1820,61.0,1.156478087
1830,60.0,1.156749897
1840,60.0,1.157025907
1850,60.0,1.1573223
1860,60.0,1.157726049
1870,60.0,1.158161068
1880,60.0,1.159331856
1890,59.0,1.159762888
1900,60.0,1.160114511
1910,60.0,1.160395633
1920,59.0,1.160672962
1930,60.0,1.160949377
1940,59.0,1.161236241
1950,59.0,1.161507056
1960,59.0,1.16177452
1970,59.0,1.162044923
1980,55.0,1.1623329
1990,56.0,1.162914819
2000,52.0,1.16347797
2010,55.0,1.163842093
2020,53.0,1.164278453
2030,55.0,1.164807079
2040,53.0,1.165115459
2050,53.0,1.165386846
2060,56.0,1.165658503
2070,56.0,1.165949523
2080,57.0,1.166233994
2090,60.0,1.166553234
2100,61.0,1.166921919
2110,61.0,1.16722978
2120,61.0,1.167503244
2130,62.0,1.167778462
2140,62.0,1.168164679
2150,61.0,1.168549351
2160,61.0,1.16882442
2170,61.0,1.169203126
2180,60.0,1.169473323
2190,60.0,1.16973931
2200,59.0,1.170069788
2210,60.0,1.170429434
2220,59.0,1.170826169
2230,59.0,1.171100063
2240,59.0,1.171378735
2250,59.0,1.171647472
2260,60.0,1.171957176
2270,60.0,1.172408343
2280,60.0,1.172734477
2290,60.0,1.172996817
2300,60.0,1.173363598
2310,60.0,1.173731173
2320,61.0,1.17416823
2330,61.0,1.174490026
2340,63.0,1.174862237
2350,62.0,1.175130399
2360,63.0,1.175395452
2370,64.0,1.175660854
2380,63.0,1.176026392
2390,62.0,1.17635993
2400,62.0,1.176886485
2410,62.0,1.177372426
2420,64.0,1.177644387
2430,59.0,1.177929147
2440,62.0,1.178209197
2450,66.0,1.178481889
2460,63.0,1.178780655
2470,64.0,1.179116644
2480,63.0,1.179579271
2490,63.0,1.179978261
2500,63.0,1.180237328
2510,62.0,1.180498585
2520,62.0,1.308288249
2530,61.0,1.308585529
2540,61.0,1.310534652
2550,62.0,1.310863175
2560,62.0,1.311136144
2570,64.0,1.311433378
2580,64.0,1.312238375
2590,64.0,1.312877768
2600,65.0,1.313486056
2610,66.0,1.31379027
2620,64.0,1.314248549
2630,63.0,1.314648529
2640,63.0,1.315663064
2650,63.0,1.316189764
2660,62.0,1.316605918
2670,66.0,1.317156672
2680,67.0,1.31900912
2690,67.0,1.320133858
2700,64.0,1.321323723
2710,66.0,1.322449957
2720,65.0,1.323132571
2730,66.0,1.323654675
2740,66.0,1.324712515
2750,67.0,1.326567595
2760,66.0,1.326916731
2770,66.0,1.327448035
2780,65.0,1.32833588
2790,65.0,1.328795827
2800,66.0,1.329299533
2810,66.0,1.329799799
2820,67.0,1.330492328
2830,67.0,1.33082181
2840,66.0,1.332245021
2850,66.0,1.332670863
2860,66.0,1.333290573
2870,66.0,1.333709005
2880,68.0,1.334043793
2890,66.0,1.334432381
2900,71.0,1.334897678
2910,70.0,1.33580938
2920,72.0,1.336453788
2930,72.0,1.337017487
2940,72.0,1.337633914
2950,71.0,1.338034979
2960,73.0,1.338547216
2970,72.0,1.338992773
2980,69.0,1.339451347
2990,70.0,1.339763954
3000,71.0,1.340118619
3010,71.0,1.34070452
3020,69.0,1.341225108
3030,69.0,1.341517491
3040,70.0,1.341909709
3050,68.0,1.342341584
3060,69.0,1.342833543
3070,70.0,1.343274797
3080,69.0,1.343706427
3090,71.0,1.3440902
3100,71.0,1.344899216
3110,72.0,1.345162443
3120,72.0,1.345538033
3130,72.0,1.34619999
3140,72.0,1.346611274
3150,72.0,1.347011639
3160,71.0,1.347460666
3170,73.0,1.347912806
3180,70.0,1.348468188
3190,72.0,1.348889243
3200,72.0,1.349272295
3210,72.0,1.349700598
3220,72.0,1.350178993
3230,72.0,1.350797589
3240,72.0,1.351858353
3250,73.0,1.352568183
3260,73.0,1.353084491
3270,73.0,1.353675354
3280,73.0,1.354813172
3290,73.0,1.35547262
3300,73.0,1.355999872
3310,73.0,1.356434866
3320,73.0,1.356817031
3330,73.0,1.357214349
3340,72.0,1.357504071
3350,72.0,1.357968503
3360,72.0,1.358727107
3370,71.0,1.360500361
3380,73.0,1.362371231
3390,71.0,1.362841445
3400,71.0,1.364210687
3410,71.0,1.367312077
3420,72.0,1.368437252
3430,72.0,1.369765614
3440,72.0,1.371556913
3450,73.0,1.37225791
3460,72.0,1.373889857
3470,72.0,1.374206519
3480,72.0,1.375108915
3490,69.0,1.378087787
3500,69.0,1.378613064
3510,68.0,1.379069679
3520,68.0,1.379655119
3530,67.0,1.381115561
3540,69.0,1.381427556
3550,69.0,1.382158202
3560,67.0,1.382536264
3570,67.0,1.383156887
3580,67.0,1.38350294
3590,68.0,1.383974479
3600,68.0,1.3844215
3610,70.0,1.385082102
3620,67.0,1.385960971
3630,67.0,1.386592979
3640,66.0,1.388011112
3650,67.0,1.389103075
3660,67.0,1.389898642
3670,66.0,1.390259216
3680,65.0,1.39073562
3690,67.0,1.391522565
3700,64.0,1.392477807
3710,65.0,1.392950737
3720,64.0,1.393496779
3730,64.0,1.394563414
3740,64.0,1.394863634
3750,63.0,1.395227644
3760,63.0,1.395680836
3770,64.0,1.396299469
3780,64.0,1.396900774
3790,64.0,1.397436791
3800,64.0,1.398268284
3810,64.0,1.399404956
3820,63.0,1.400962575
3830,63.0,1.401723652
3840,64.0,1.402170169
3850,63.0,1.40296172
3860,63.0,1.403932169
3870,64.0,1.40466992
3880,64.0,1.405426051
3890,64.0,1.406103038
3900,64.0,1.407054934
3910,65.0,1.407903482
3920,64.0,1.408276919
3930,64.0,1.409645422
3940,64.0,1.410636556
3950,63.0,1.411206186
3960,62.0,1.412023665
3970,63.0,1.412711589
3980,63.0,1.413186025
3990,63.0,1.413668611
4000,63.0,1.414043639
