iterations,fitness,time
0,19.0,0.012740293
10,26.0,0.01968116
20,30.0,0.033709976
30,30.0,0.050513641
40,31.0,0.264236643
50,32.0,0.266354699
60,32.0,0.268415233
70,32.0,0.269938206
80,32.0,0.271563759
90,34.0,0.287981796
100,33.0,0.291347463
110,33.0,0.294016356
120,35.0,0.315050573
130,33.0,0.316503969
140,32.0,0.317578859
150,33.0,0.318587389
160,32.0,0.323367262
170,31.0,0.324070701
180,32.0,0.324896544
190,32.0,0.325847074
200,34.0,0.326638165
210,34.0,0.327812156
220,31.0,0.329384402
230,31.0,0.354525033
240,31.0,0.356648767
250,31.0,0.358178839
260,31.0,0.360809224
270,32.0,0.363526534
280,32.0,0.366353361
290,32.0,0.369393968
300,34.0,0.372367901
310,35.0,0.375832229
320,34.0,0.377240063
330,35.0,0.378087421
340,36.0,0.379149965
350,35.0,0.38014389
360,35.0,0.382289311
370,36.0,0.385682559
380,36.0,0.388363498
390,35.0,0.391213044
400,35.0,0.394268673
410,35.0,0.3973733
420,36.0,0.400267175
430,37.0,0.403479846
440,37.0,0.406192411
450,36.0,0.529159661
460,37.0,0.530606781
470,37.0,0.531498492
480,37.0,0.532215499
490,38.0,0.533146004
500,38.0,0.534774066
510,38.0,0.536844049
520,37.0,0.538950559
530,37.0,0.540775044
540,38.0,0.541978664
550,39.0,0.543082204
560,38.0,0.544127653
570,37.0,0.545127396
580,37.0,0.54621614
590,37.0,0.547315496
600,37.0,0.548941208
610,37.0,0.555477455
620,38.0,0.559817897
630,38.0,0.561571145
640,37.0,0.56327568
650,38.0,0.564917418
660,37.0,0.566671322
670,37.0,0.5686989
680,38.0,0.571156617
690,38.0,0.573366864
700,37.0,0.57561322
710,38.0,0.578216065
720,38.0,0.580165597
730,38.0,0.581824306
740,38.0,0.583516323
750,38.0,0.584785193
760,37.0,0.58605337
770,37.0,0.587189356
780,37.0,0.588373214
790,38.0,0.589584294
800,37.0,0.591981203
810,37.0,0.594608296
820,37.0,0.599283851
830,38.0,0.601356995
840,37.0,0.604235166
850,37.0,0.606117073
860,38.0,0.608115164
870,38.0,0.610329153
880,37.0,0.61455222
890,38.0,0.617583828
900,38.0,0.618602186
910,37.0,0.619743799
920,38.0,0.621170205
930,39.0,0.623582385
940,39.0,0.624622865
950,40.0,0.628782153
960,40.0,0.63041735
970,39.0,0.632240646
980,39.0,0.634581021
990,39.0,0.636519289
1000,40.0,0.638463892
1010,40.0,0.640156092
1020,39.0,0.642002232
1030,39.0,0.700972708
1040,40.0,0.703117806
1050,40.0,0.704421543
1060,42.0,0.731116553
1070,42.0,0.732412318
1080,37.0,0.7336518
1090,37.0,0.7352014
1100,38.0,0.736323552
1110,38.0,0.738033939
1120,37.0,0.740747702
1130,38.0,0.742934752
1140,39.0,0.745832544
1150,37.0,0.748004558
1160,38.0,0.749873754
1170,37.0,0.752769772
1180,36.0,0.785104388
1190,37.0,0.79081482
1200,38.0,0.792397569
1210,38.0,0.793817661
1220,37.0,0.795346261
1230,37.0,0.797304206
1240,38.0,0.798911853
1250,38.0,0.80009882
1260,38.0,0.903174287
1270,39.0,0.904779128
1280,40.0,0.906589178
1290,40.0,0.909607075
1300,40.0,0.912121113
1310,41.0,0.91520692
1320,40.0,0.91734474
1330,40.0,0.92006564
1340,42.0,0.921914775
1350,41.0,0.922811537
1360,40.0,0.923811051
1370,41.0,0.925425772
1380,41.0,0.926521008
1390,41.0,0.928118459
1400,41.0,0.92954002
1410,41.0,0.931497659
1420,42.0,0.933398715
1430,41.0,0.935316002
1440,43.0,0.937970981
1450,42.0,0.940881368
1460,41.0,0.943599623
1470,41.0,0.94616401
1480,41.0,1.018506234
1490,41.0,1.020357396
1500,41.0,1.022596018
1510,40.0,1.025017383
1520,40.0,1.026399254
1530,42.0,1.027928505
1540,42.0,1.029494702
1550,43.0,1.031487914
1560,45.0,1.164835919
1570,44.0,1.165649069
1580,44.0,1.16627998
1590,44.0,1.166788615
1600,45.0,1.16726346
1610,45.0,1.167906022
1620,46.0,1.168226201
1630,44.0,1.16851294
1640,44.0,1.169259039
1650,44.0,1.169876391
1660,45.0,1.170311473
1670,48.0,1.17060175
1680,44.0,1.170918199
1690,45.0,1.171443048
1700,45.0,1.172012418
1710,45.0,1.17236753
1720,45.0,1.17283968
1730,47.0,1.173295478
1740,47.0,1.173618186
1750,45.0,1.174369172
1760,45.0,1.17483658
1770,47.0,1.175394465
1780,48.0,1.175833633
1790,49.0,1.176505709
1800,47.0,1.177029954
1810,47.0,1.177532456
1820,47.0,1.178180103
1830,47.0,1.178484773
1840,47.0,1.179418858
1850,48.0,1.180778988
1860,49.0,1.181822792
1870,48.0,1.182259623
1880,48.0,1.182985097
1890,48.0,1.18347614
1900,48.0,1.184140409
1910,48.0,1.185068256
1920,48.0,1.186293048
1930,48.0,1.186706958
1940,48.0,1.187095008
1950,48.0,1.187563849
1960,47.0,1.187931234
1970,47.0,1.188297751
1980,46.0,1.18863835
1990,46.0,1.189095331
2000,48.0,1.189517537
2010,46.0,1.190103783
2020,46.0,1.191019244
2030,48.0,1.191368851
2040,49.0,1.191783723
2050,46.0,1.192942435
2060,48.0,1.193289667
2070,48.0,1.19371707
2080,48.0,1.194089978
2090,46.0,1.194829167
2100,47.0,1.195209025
2110,47.0,1.195611879
2120,48.0,1.196125772
2130,47.0,1.196661371
2140,48.0,1.197144577
2150,48.0,1.197446103
2160,49.0,1.197748084
2170,49.0,1.198070589
2180,49.0,1.198436715
2190,49.0,1.199072913
2200,50.0,1.199600031
2210,50.0,1.200092927
2220,50.0,1.200790381
2230,51.0,1.201284973
2240,50.0,1.2017014
2250,51.0,1.202130043
2260,51.0,1.203043947
2270,52.0,1.203370177
2280,52.0,1.203924374
2290,53.0,1.204331676
2300,52.0,1.204909785
2310,53.0,1.205248579
2320,54.0,1.205758752
2330,55.0,1.2061062
2340,55.0,1.206505859
2350,55.0,1.207058166
2360,56.0,1.207399432
2370,57.0,1.207736544
2380,56.0,1.208080301
2390,56.0,1.208545482
2400,53.0,1.208915512
2410,53.0,1.209237762
2420,53.0,1.209574748
2430,55.0,1.210107033
2440,55.0,1.210512603
2450,53.0,1.211163839
2460,52.0,1.211566706
2470,52.0,1.211922065
2480,51.0,1.212398177
2490,52.0,1.212796568
2500,51.0,1.213191526
2510,54.0,1.213497523
2520,54.0,1.214329384
2530,54.0,1.22232869
2540,49.0,1.222776815
2550,51.0,1.223307087
2560,51.0,1.22368408
2570,50.0,1.224103872
2580,52.0,1.224457103
2590,48.0,1.224843468
2600,50.0,1.225313116
2610,49.0,1.227020086
2620,49.0,1.22746633
2630,50.0,1.227846981
2640,49.0,1.22841403
2650,50.0,1.229212709
2660,50.0,1.229588124
2670,50.0,1.230169624
2680,50.0,1.230491383
2690,50.0,1.231035205
2700,49.0,1.231399385
2710,51.0,1.232100424
2720,49.0,1.232979076
2730,49.0,1.233626281
2740,50.0,1.234047658
2750,50.0,1.234404234
2760,51.0,1.234730093
2770,51.0,1.235063398
2780,50.0,1.23582776
2790,52.0,1.236164445
2800,52.0,1.236584671
2810,52.0,1.236966728
2820,53.0,1.237404185
2830,54.0,1.238256757
2840,54.0,1.23877745
2850,54.0,1.239429765
2860,55.0,1.240277708
2870,53.0,1.240783988
2880,53.0,1.241534299
2890,53.0,1.242617921
2900,53.0,1.24374054
2910,53.0,1.244037906
2920,54.0,1.244440844
2930,54.0,1.245239522
2940,53.0,1.246064073
2950,53.0,1.246767423
2960,53.0,1.247292954
2970,53.0,1.248469089
2980,53.0,1.249186795
2990,53.0,1.249592376
3000,53.0,1.250294106
3010,54.0,1.250613927
3020,55.0,1.251171039
3030,54.0,1.251494917
3040,55.0,1.25232587
3050,54.0,1.253703055
3060,56.0,1.254700231
3070,54.0,1.255815453
3080,54.0,1.256521435
3090,54.0,1.257218197
3100,54.0,1.258565864
3110,54.0,1.259538432
3120,53.0,1.260606559
3130,53.0,1.261524521
3140,53.0,1.262763748
3150,54.0,1.264395754
3160,54.0,1.265758919
3170,53.0,1.266853942
3180,53.0,1.277952366
3190,53.0,1.279055762
3200,53.0,1.28057692
3210,53.0,1.282616661
3220,54.0,1.283586149
3230,54.0,1.284385544
3240,54.0,1.285591067
3250,54.0,1.286377728
3260,54.0,1.286819306
3270,53.0,1.287128318
3280,53.0,1.288126797
3290,52.0,1.288642036
3300,52.0,1.289759655
3310,51.0,1.290633709
3320,51.0,1.29113153
3330,54.0,1.292066941
3340,53.0,1.293342556
3350,58.0,1.293993646
3360,53.0,1.295052136
3370,52.0,1.296480628
3380,52.0,1.297111653
3390,52.0,1.297502232
3400,52.0,1.298206005
3410,50.0,1.298858724
3420,53.0,1.299263493
3430,52.0,1.299629467
3440,52.0,1.300012574
3450,53.0,1.300950688
3460,53.0,1.301303883
3470,52.0,1.301582908
3480,53.0,1.302025542
3490,53.0,1.302608121
3500,53.0,1.303198809
3510,53.0,1.304507481
3520,52.0,1.305539053
3530,53.0,1.306635185
3540,52.0,1.307847477
3550,53.0,1.308192997
3560,53.0,1.309703338
3570,54.0,1.310488477
3580,53.0,1.311427441
3590,53.0,1.312853239
3600,54.0,1.313680029
3610,56.0,1.314030511
3620,56.0,1.31442797
3630,56.0,1.31489225
3640,54.0,1.315270777
3650,54.0,1.315744069
3660,55.0,1.316221841
3670,55.0,1.31779683
3680,55.0,1.318461602
3690,61.0,1.319063766
3700,54.0,1.31972605
3710,54.0,1.320687929
3720,55.0,1.321684579
3730,57.0,1.322225336
3740,55.0,1.322715555
3750,53.0,1.323184153
3760,52.0,1.32523264
3770,52.0,1.326454692
3780,55.0,1.32715129
3790,56.0,1.327700695
3800,54.0,1.3459043
3810,54.0,1.346468786
3820,53.0,1.346981373
3830,54.0,1.347531546
3840,55.0,1.348048701
3850,54.0,1.34890361
3860,54.0,1.349314845
3870,54.0,1.349947537
3880,54.0,1.350558798
3890,54.0,1.351331455
3900,54.0,1.352021106
3910,54.0,1.35269645
3920,54.0,1.353496034
3930,54.0,1.357787772
3940,55.0,1.358434244
3950,56.0,1.359693119
3960,56.0,1.360683247
3970,57.0,1.361513108
3980,57.0,1.365092636
3990,59.0,1.365481924
4000,56.0,1.365876411
