iterations,fitness,time
0,21.0,0.013096552
10,21.0,0.027520039
20,28.0,0.03986196
30,29.0,0.080155259
40,30.0,0.329439609
50,29.0,0.332021809
60,30.0,0.333881054
70,29.0,0.335286554
80,30.0,0.337486579
90,30.0,0.338962067
100,30.0,0.340730035
110,29.0,0.342582291
120,29.0,0.344789849
130,29.0,0.347521463
140,29.0,0.349465026
150,29.0,0.350560161
160,29.0,0.353386531
170,29.0,0.355521998
180,29.0,0.357147519
190,30.0,0.359187921
200,31.0,0.360747387
210,30.0,0.36207343
220,29.0,0.364391034
230,29.0,0.366280318
240,29.0,0.367984352
250,29.0,0.369839432
260,30.0,0.371486861
270,30.0,0.373125004
280,29.0,0.374627121
290,30.0,0.376842912
300,30.0,0.497543304
310,29.0,0.499507262
320,30.0,0.500689141
330,29.0,0.502003321
340,29.0,0.504459117
350,29.0,0.506245213
360,31.0,0.507878044
370,31.0,0.509123432
380,30.0,0.510223856
390,30.0,0.511928378
400,31.0,0.51428056
410,30.0,0.515705954
420,30.0,0.516821351
430,30.0,0.519356746
440,30.0,0.521122545
450,30.0,0.523697142
460,30.0,0.52587739
470,31.0,0.528024435
480,30.0,0.529914639
490,30.0,0.531716209
500,31.0,0.533982469
510,30.0,0.536272771
520,30.0,0.645148871
530,31.0,0.646860335
540,31.0,0.648489961
550,30.0,0.6507424
560,32.0,0.652025177
570,32.0,0.653171474
580,31.0,0.654100658
590,31.0,0.655057969
600,32.0,0.656238276
610,31.0,0.65713986
620,31.0,0.658169336
630,31.0,0.659125538
640,31.0,0.660337044
650,31.0,0.661360827
660,31.0,0.663266897
670,31.0,0.665091226
680,32.0,0.667261101
690,32.0,0.668962944
700,31.0,0.670028085
710,31.0,0.671081061
720,31.0,0.672096271
730,34.0,0.673285516
740,35.0,0.674007591
750,34.0,0.675599584
760,34.0,0.677753385
770,35.0,0.679351927
780,35.0,0.681129645
790,36.0,0.682596924
800,36.0,0.683902998
810,37.0,0.687162974
820,37.0,0.689802878
830,38.0,0.691674866
840,38.0,0.693073894
850,38.0,0.694644858
860,38.0,0.696206708
870,38.0,0.697604928
880,38.0,0.763440994
890,38.0,0.764389875
900,38.0,0.76519415
910,38.0,0.765950911
920,38.0,0.770484096
930,39.0,0.771992405
940,39.0,0.773636589
950,38.0,0.775273077
960,38.0,0.776550834
970,40.0,0.862517151
980,40.0,0.869292095
990,40.0,0.883351712
1000,40.0,0.884103084
1010,40.0,0.885889454
1020,40.0,0.888599862
1030,40.0,0.890548507
1040,40.0,0.892033087
1050,40.0,0.894053659
1060,41.0,0.895984855
1070,41.0,0.898197933
1080,40.0,0.900938477
1090,41.0,0.903587956
1100,41.0,0.905659358
1110,41.0,0.907360812
1120,41.0,0.909267651
1130,41.0,0.911189514
1140,40.0,0.9124153
1150,41.0,0.914508841
1160,41.0,0.916733783
1170,41.0,0.918585183
1180,41.0,0.920305414
1190,41.0,0.921920737
1200,41.0,0.923696461
1210,41.0,0.929517357
1220,41.0,0.931916975
1230,42.0,0.933460205
1240,42.0,0.937518992
1250,42.0,0.942194148
1260,43.0,0.945591049
1270,44.0,0.946496685
1280,43.0,0.947377748
1290,45.0,0.948676004
1300,45.0,0.949954841
1310,45.0,0.950893921
1320,46.0,0.952830949
1330,45.0,0.954566723
1340,45.0,0.95654234
1350,46.0,0.95911851
1360,46.0,0.961490823
1370,46.0,0.964124245
1380,46.0,0.966555513
1390,46.0,1.076844372
1400,47.0,1.07900324
1410,46.0,1.081062525
1420,47.0,1.083685931
1430,47.0,1.086468675
1440,47.0,1.088666268
1450,46.0,1.090861126
1460,46.0,1.092329772
1470,47.0,1.094006847
1480,47.0,1.095198094
1490,46.0,1.096186043
1500,47.0,1.097405245
1510,47.0,1.195615193
1520,45.0,1.19614597
1530,46.0,1.196923653
1540,47.0,1.197402945
1550,48.0,1.197877155
1560,48.0,1.198578352
1570,48.0,1.199216959
1580,48.0,1.199678804
1590,48.0,1.200019003
1600,48.0,1.200508015
1610,48.0,1.200864968
1620,48.0,1.201563321
1630,48.0,1.201961608
1640,48.0,1.202289564
1650,48.0,1.202676413
1660,47.0,1.203032179
1670,48.0,1.20347932
1680,48.0,1.20392029
1690,48.0,1.204558945
1700,48.0,1.205146833
1710,48.0,1.205448735
1720,48.0,1.205767702
1730,48.0,1.206232764
1740,49.0,1.20721725
1750,48.0,1.208115975
1760,48.0,1.208587781
1770,48.0,1.209127154
1780,48.0,1.209684182
1790,48.0,1.210685363
1800,48.0,1.211035797
1810,48.0,1.212294637
1820,48.0,1.213068035
1830,48.0,1.213464042
1840,48.0,1.214334941
1850,48.0,1.214990664
1860,48.0,1.215718143
1870,48.0,1.216054499
1880,48.0,1.216417478
1890,49.0,1.216704395
1900,50.0,1.217213975
1910,48.0,1.217973475
1920,49.0,1.218872579
1930,49.0,1.219966097
1940,49.0,1.222155165
1950,50.0,1.222638413
1960,50.0,1.223494047
1970,49.0,1.223969088
1980,49.0,1.224391027
1990,49.0,1.225050549
2000,49.0,1.225398426
2010,49.0,1.226494638
2020,49.0,1.226848636
2030,49.0,1.227199422
2040,49.0,1.227686114
2050,50.0,1.228044625
2060,50.0,1.228423856
2070,50.0,1.228965496
2080,50.0,1.229323145
2090,50.0,1.229796895
2100,50.0,1.230341332
2110,50.0,1.23091312
2120,49.0,1.231428764
2130,49.0,1.231807505
2140,48.0,1.23209868
2150,48.0,1.232656433
2160,48.0,1.2330864
2170,49.0,1.233664423
2180,48.0,1.234216647
2190,47.0,1.234632304
2200,48.0,1.23496455
2210,47.0,1.235345362
2220,47.0,1.236448919
2230,47.0,1.237031372
2240,47.0,1.23782644
2250,47.0,1.238678727
2260,49.0,1.239828736
2270,47.0,1.24049455
2280,47.0,1.241291335
2290,47.0,1.24162615
2300,47.0,1.242755805
2310,47.0,1.243283724
2320,47.0,1.243705719
2330,47.0,1.244270628
2340,47.0,1.244607421
2350,48.0,1.244983365
2360,47.0,1.246201199
2370,47.0,1.247898332
2380,47.0,1.249157547
2390,46.0,1.25001913
2400,47.0,1.250362896
2410,47.0,1.250835394
2420,46.0,1.251599074
2430,47.0,1.25197972
2440,47.0,1.252515433
2450,46.0,1.252852885
2460,47.0,1.253279222
2470,46.0,1.253646105
2480,46.0,1.254383734
2490,47.0,1.254828684
2500,47.0,1.255254678
2510,47.0,1.255729626
2520,47.0,1.256073899
2530,47.0,1.256525365
2540,47.0,1.257353391
2550,47.0,1.257891249
2560,47.0,1.258318138
2570,46.0,1.25888007
2580,46.0,1.259762126
2590,46.0,1.26032534
2600,46.0,1.261034085
2610,46.0,1.261873078
2620,46.0,1.262257845
2630,46.0,1.262642372
2640,46.0,1.263391277
2650,45.0,1.26411658
2660,46.0,1.264997419
2670,46.0,1.265770142
2680,46.0,1.26629049
2690,45.0,1.266747787
2700,47.0,1.267143109
2710,46.0,1.267925988
2720,46.0,1.268765175
2730,46.0,1.269337363
2740,46.0,1.270071789
2750,47.0,1.271164248
2760,47.0,1.272291113
2770,48.0,1.272810222
2780,49.0,1.273155452
2790,46.0,1.273580518
2800,47.0,1.273993781
2810,46.0,1.274395416
2820,47.0,1.275211151
2830,47.0,1.275608411
2840,47.0,1.276266126
2850,48.0,1.278066248
2860,47.0,1.278991817
2870,47.0,1.279726733
2880,48.0,1.280793033
2890,48.0,1.281217988
2900,48.0,1.282278771
2910,50.0,1.283427083
2920,51.0,1.284218185
2930,51.0,1.287463389
2940,50.0,1.288663769
2950,50.0,1.289458914
2960,50.0,1.291035335
2970,51.0,1.291820632
2980,52.0,1.292660933
2990,51.0,1.293544982
3000,51.0,1.294494582
3010,52.0,1.295035999
3020,52.0,1.296477988
3030,52.0,1.29728839
3040,52.0,1.298572026
3050,52.0,1.300763481
3060,51.0,1.301216101
3070,51.0,1.301735111
3080,52.0,1.302355665
3090,52.0,1.302739446
3100,51.0,1.303103345
3110,52.0,1.304254864
3120,52.0,1.304873627
3130,53.0,1.305321371
3140,52.0,1.305619008
3150,52.0,1.306600666
3160,52.0,1.309990268
3170,52.0,1.313103609
3180,52.0,1.31387988
3190,53.0,1.315696204
3200,52.0,1.317902222
3210,53.0,1.318224078
3220,52.0,1.318540206
3230,52.0,1.318855615
3240,53.0,1.319252316
3250,53.0,1.319687002
3260,52.0,1.320141617
3270,53.0,1.32051789
3280,51.0,1.320905295
3290,51.0,1.321412832
3300,52.0,1.322098297
3310,54.0,1.323362706
3320,54.0,1.323920452
3330,53.0,1.325100572
3340,54.0,1.325578951
3350,54.0,1.326380787
3360,54.0,1.326866281
3370,54.0,1.327235683
3380,55.0,1.330780511
3390,55.0,1.333459331
3400,54.0,1.334019458
3410,54.0,1.334577176
3420,54.0,1.334976463
3430,55.0,1.33537892
3440,54.0,1.335948094
3450,55.0,1.336289548
3460,55.0,1.336896091
3470,54.0,1.337732061
3480,55.0,1.339565824
3490,54.0,1.344516305
3500,55.0,1.344943059
3510,55.0,1.345275062
3520,54.0,1.345588158
3530,55.0,1.345929994
3540,55.0,1.346367536
3550,55.0,1.346727956
3560,54.0,1.356985763
3570,54.0,1.357652916
3580,54.0,1.358158519
3590,54.0,1.358779067
3600,54.0,1.359231592
3610,55.0,1.35967082
3620,54.0,1.359999907
3630,55.0,1.360469994
3640,54.0,1.361756398
3650,54.0,1.362677387
3660,54.0,1.363533831
3670,54.0,1.364024246
3680,54.0,1.364569352
3690,54.0,1.365141959
3700,54.0,1.365860294
3710,55.0,1.366349672
3720,56.0,1.367084369
3730,56.0,1.369528375
3740,55.0,1.370560503
3750,54.0,1.371293532
3760,55.0,1.371784749
3770,55.0,1.372196696
3780,54.0,1.374329114
3790,55.0,1.374634715
3800,54.0,1.375564421
3810,54.0,1.376251076
3820,55.0,1.377888506
3830,54.0,1.378682782
3840,54.0,1.380624535
3850,55.0,1.381318315
3860,54.0,1.38654569
3870,54.0,1.388250047
3880,54.0,1.38924748
3890,54.0,1.389884654
3900,54.0,1.390295054
3910,56.0,1.390836983
3920,55.0,1.391418277
3930,57.0,1.392074474
3940,56.0,1.392910399
3950,56.0,1.393537817
3960,56.0,1.394650118
3970,57.0,1.3956166
3980,58.0,1.396530708
3990,57.0,1.397830958
4000,58.0,1.39919211
