iterations,fitness,time
0,22.0,0.00668185
10,22.0,0.008890513
20,24.0,0.022774851
30,24.0,0.036285882
40,24.0,0.050003913
50,24.0,0.13443385
60,24.0,0.210717576
70,24.0,0.412707896
80,23.0,0.414476392
90,23.0,0.416288634
100,24.0,0.426066172
110,24.0,0.439101497
120,25.0,0.440745906
130,25.0,0.442151801
140,25.0,0.449856081
150,25.0,0.452932908
160,25.0,0.454993895
170,27.0,0.457019621
180,28.0,0.457819883
190,29.0,0.460391984
200,28.0,0.462373653
210,28.0,0.464826304
220,28.0,0.467561247
230,28.0,0.46977486
240,26.0,0.476466115
250,27.0,0.478998324
260,26.0,0.481476775
270,28.0,0.484981548
280,28.0,0.488779394
290,28.0,0.499792247
300,30.0,0.503190607
310,29.0,0.50518722
320,31.0,0.508456685
330,31.0,0.511895511
340,31.0,0.513712314
350,32.0,0.514711173
360,31.0,0.515802234
370,33.0,0.516823039
380,35.0,0.517966791
390,35.0,0.519309394
400,36.0,0.521866106
410,36.0,0.641031634
420,36.0,0.643193502
430,36.0,0.644820018
440,37.0,0.646011049
450,37.0,0.648105477
460,37.0,0.650707023
470,37.0,0.652672106
480,37.0,0.654624139
490,39.0,0.65647349
500,35.0,0.658652802
510,36.0,0.660659491
520,38.0,0.666043754
530,36.0,0.667478272
540,39.0,0.668498477
550,40.0,0.67000373
560,40.0,0.671703153
570,40.0,0.673420607
580,40.0,0.675143622
590,40.0,0.677409705
600,40.0,0.68019622
610,40.0,0.682368986
620,40.0,0.684504324
630,40.0,0.686357986
640,41.0,0.687982186
650,39.0,0.689490247
660,42.0,0.691291422
670,39.0,0.694569474
680,40.0,0.697362193
690,39.0,0.69901631
700,41.0,0.704031851
710,40.0,0.707199967
720,39.0,0.711105128
730,40.0,0.712637311
740,40.0,0.713658859
750,40.0,0.714878563
760,40.0,0.716212636
770,41.0,0.717945471
780,41.0,0.72076109
790,41.0,0.723020764
800,42.0,0.725407795
810,42.0,0.727434794
820,41.0,0.729131988
830,41.0,0.730637573
840,41.0,0.731910684
850,42.0,0.733410712
860,41.0,0.736316604
870,42.0,0.738534108
880,41.0,0.740061346
890,41.0,0.741429087
900,42.0,0.743610422
910,42.0,0.745592098
920,41.0,0.747755971
930,41.0,0.749992181
940,42.0,0.752438482
950,41.0,0.754406777
960,41.0,0.756577338
970,41.0,0.75905335
980,41.0,0.76083835
990,41.0,0.763022249
1000,41.0,0.764475628
1010,41.0,0.766248512
1020,41.0,0.767949969
1030,41.0,0.769587473
1040,41.0,0.771128991
1050,41.0,0.772649849
1060,41.0,0.774682806
1070,41.0,0.776898496
1080,42.0,0.779686581
1090,42.0,0.782276277
1100,42.0,0.784463767
1110,42.0,0.785833752
1120,41.0,0.788374904
1130,40.0,0.791087607
1140,41.0,0.793007433
1150,40.0,0.795528861
1160,41.0,0.797761357
1170,40.0,0.799495865
1180,42.0,0.801667552
1190,46.0,0.804133318
1200,43.0,0.806032594
1210,43.0,0.808228775
1220,42.0,0.810201484
1230,41.0,0.910205283
1240,43.0,0.911341393
1250,41.0,0.912622936
1260,40.0,0.913527833
1270,42.0,0.91499766
1280,42.0,0.915694783
1290,42.0,0.916602893
1300,41.0,0.917354309
1310,40.0,0.91811877
1320,40.0,0.971707121
1330,41.0,0.972713584
1340,41.0,0.973848322
1350,41.0,0.975084613
1360,41.0,0.976056129
1370,42.0,0.977060657
1380,42.0,0.97804943
1390,42.0,0.980020006
1400,44.0,0.982011144
1410,42.0,0.98337612
1420,41.0,0.985402343
1430,41.0,0.987553108
1440,42.0,0.989360639
1450,42.0,0.99023918
1460,42.0,0.992736614
1470,42.0,0.994235366
1480,43.0,0.996320181
1490,42.0,0.998246206
1500,42.0,1.000091767
1510,44.0,1.001754165
1520,42.0,1.003287289
1530,42.0,1.006265863
1540,43.0,1.008790917
1550,43.0,1.010477521
1560,43.0,1.014564901
1570,44.0,1.016337107
1580,44.0,1.019422511
1590,43.0,1.02141038
1600,43.0,1.02274455
1610,42.0,1.023694432
1620,41.0,1.025066754
1630,42.0,1.141423239
1640,45.0,1.142331961
1650,45.0,1.143120656
1660,46.0,1.143512057
1670,46.0,1.144783439
1680,46.0,1.145425759
1690,46.0,1.145910933
1700,46.0,1.146656546
1710,46.0,1.147352928
1720,46.0,1.14810047
1730,46.0,1.148689751
1740,46.0,1.149025143
1750,47.0,1.149516939
1760,47.0,1.149934053
1770,47.0,1.150240753
1780,49.0,1.150585561
1790,48.0,1.150949229
1800,49.0,1.151569021
1810,49.0,1.152227716
1820,49.0,1.152787154
1830,47.0,1.153502003
1840,47.0,1.154329298
1850,46.0,1.155063441
1860,47.0,1.155543558
1870,47.0,1.156536452
1880,47.0,1.157409529
1890,46.0,1.15870714
1900,46.0,1.160146698
1910,46.0,1.1620337
1920,46.0,1.162426662
1930,46.0,1.162760291
1940,46.0,1.163968969
1950,47.0,1.164417018
1960,47.0,1.164794414
1970,48.0,1.165553336
1980,47.0,1.166157869
1990,47.0,1.166675259
2000,46.0,1.167242408
2010,46.0,1.167824771
2020,48.0,1.168163483
2030,49.0,1.168628894
2040,49.0,1.168967209
2050,49.0,1.16937736
2060,50.0,1.169775371
2070,50.0,1.170073511
2080,50.0,1.170612787
2090,50.0,1.171080976
2100,50.0,1.171531212
2110,49.0,1.172180087
2120,50.0,1.172594089
2130,51.0,1.173243728
2140,51.0,1.173743669
2150,51.0,1.17431214
2160,50.0,1.174881189
2170,51.0,1.175514344
2180,52.0,1.176112523
2190,51.0,1.176604141
2200,51.0,1.17718424
2210,52.0,1.177859513
2220,50.0,1.178257983
2230,50.0,1.178779306
2240,50.0,1.179538041
2250,50.0,1.180518194
2260,51.0,1.181086221
2270,51.0,1.18152529
2280,53.0,1.182020589
2290,53.0,1.182663616
2300,53.0,1.183918876
2310,53.0,1.184799763
2320,52.0,1.185307106
2330,52.0,1.186049163
2340,52.0,1.186539978
2350,52.0,1.18692541
2360,51.0,1.187600827
2370,50.0,1.188113223
2380,51.0,1.188457675
2390,50.0,1.188831958
2400,51.0,1.189149158
2410,52.0,1.189621489
2420,51.0,1.189902176
2430,51.0,1.190271489
2440,52.0,1.191367779
2450,53.0,1.191783655
2460,53.0,1.192195245
2470,53.0,1.193060725
2480,52.0,1.1935138
2490,52.0,1.194466874
2500,52.0,1.195128348
2510,52.0,1.196358803
2520,51.0,1.197870799
2530,51.0,1.198876952
2540,51.0,1.199547508
2550,51.0,1.199867155
2560,51.0,1.200656905
2570,53.0,1.201133978
2580,51.0,1.201545114
2590,51.0,1.202084464
2600,51.0,1.203894389
2610,52.0,1.204539292
2620,51.0,1.205326253
2630,50.0,1.206664602
2640,50.0,1.207053095
2650,50.0,1.207611653
2660,50.0,1.208147149
2670,50.0,1.20854515
2680,51.0,1.209005447
2690,50.0,1.209464023
2700,51.0,1.209850906
2710,51.0,1.210223963
2720,51.0,1.211135938
2730,51.0,1.212480951
2740,50.0,1.213392215
2750,50.0,1.214001391
2760,51.0,1.214434016
2770,51.0,1.214781888
2780,51.0,1.215603619
2790,51.0,1.21613259
2800,52.0,1.216477243
2810,51.0,1.217371045
2820,52.0,1.217911135
2830,52.0,1.218465802
2840,52.0,1.21878849
2850,51.0,1.219450857
2860,52.0,1.220022467
2870,52.0,1.220394484
2880,52.0,1.220883717
2890,52.0,1.221184272
2900,52.0,1.222340028
2910,52.0,1.22304563
2920,51.0,1.224125321
2930,52.0,1.224591226
2940,51.0,1.224904899
2950,52.0,1.225223914
2960,52.0,1.225708093
2970,53.0,1.226478094
2980,52.0,1.226902376
2990,52.0,1.227679112
3000,53.0,1.228469814
3010,53.0,1.228986198
3020,54.0,1.229339245
3030,54.0,1.229641541
3040,54.0,1.229952049
3050,54.0,1.230237717
3060,52.0,1.230638179
3070,53.0,1.230968599
3080,54.0,1.231264821
3090,52.0,1.231533364
3100,53.0,1.231903505
3110,53.0,1.2322327
3120,52.0,1.232496335
3130,53.0,1.232811014
3140,52.0,1.233157789
3150,53.0,1.233890132
3160,54.0,1.234676434
3170,54.0,1.235917952
3180,54.0,1.23678937
3190,54.0,1.237371877
3200,53.0,1.23851861
3210,54.0,1.239398682
3220,54.0,1.240735309
3230,53.0,1.241355438
3240,53.0,1.242066515
3250,53.0,1.24280071
3260,54.0,1.243421993
3270,53.0,1.244341592
3280,54.0,1.24524132
3290,54.0,1.245780624
3300,54.0,1.246276792
3310,54.0,1.247138031
3320,55.0,1.248593112
3330,54.0,1.25040617
3340,55.0,1.251915658
3350,55.0,1.252779276
3360,55.0,1.253535258
3370,55.0,1.254232767
3380,56.0,1.254876326
3390,56.0,1.255424079
3400,56.0,1.255749878
3410,55.0,1.256566765
3420,55.0,1.257131146
3430,55.0,1.258474247
3440,55.0,1.348259137
3450,56.0,1.348966886
3460,55.0,1.349623161
3470,55.0,1.350037162
3480,55.0,1.350400764
3490,55.0,1.350826059
3500,55.0,1.352119005
3510,55.0,1.353358548
3520,54.0,1.354748377
3530,54.0,1.356275589
3540,54.0,1.357590512
3550,54.0,1.35856516
3560,54.0,1.358974099
3570,54.0,1.360116911
3580,54.0,1.360668916
3590,54.0,1.361814117
3600,54.0,1.362402964
3610,55.0,1.363182406
3620,54.0,1.364445545
3630,54.0,1.364968615
3640,54.0,1.366006047
3650,54.0,1.3665107
3660,54.0,1.368046361
3670,54.0,1.368814077
3680,54.0,1.369593368
3690,54.0,1.370311646
3700,53.0,1.371327057
3710,53.0,1.371990183
3720,53.0,1.372468151
3730,53.0,1.373313283
3740,53.0,1.378343937
3750,54.0,1.407241363
3760,53.0,1.41284667
3770,53.0,1.41371014
3780,53.0,1.414525584
3790,53.0,1.416258925
3800,53.0,1.417553279
3810,54.0,1.418113161
3820,53.0,1.418487577
3830,53.0,1.418846402
3840,54.0,1.419282382
3850,53.0,1.419652287
3860,54.0,1.446822185
3870,54.0,1.447135863
3880,54.0,1.447879389
3890,54.0,1.448420354
3900,53.0,1.44894173
3910,55.0,1.449284976
3920,54.0,1.450964169
3930,55.0,1.452802134
3940,55.0,1.454041966
3950,55.0,1.454629613
3960,55.0,1.456192385
3970,56.0,1.457776124
3980,57.0,1.4589331
3990,56.0,1.459666154
4000,57.0,1.460148798
