iterations,fitness,time
0,22.0,0.008280218
10,23.0,0.013595314
20,24.0,0.019168833
30,24.0,0.020993752
40,24.0,0.028918078
50,25.0,0.038279831
60,24.0,0.049498598
70,25.0,0.058997621
80,24.0,0.065426165
90,24.0,0.076352767
100,23.0,0.217114073
110,23.0,0.226373905
120,24.0,0.438635067
130,24.0,0.440885759
140,23.0,0.443390688
150,24.0,0.445178724
160,24.0,0.447037097
170,24.0,0.44881547
180,24.0,0.450579408
190,25.0,0.457706575
200,24.0,0.459675038
210,24.0,0.460985971
220,24.0,0.462605004
230,25.0,0.464094167
240,25.0,0.465133762
250,27.0,0.529116013
260,26.0,0.530604414
270,25.0,0.53169842
280,25.0,0.533554219
290,27.0,0.535295999
300,26.0,0.53689306
310,28.0,0.539773458
320,26.0,0.547468277
330,28.0,0.554036037
340,28.0,0.558689547
350,29.0,0.584013992
360,28.0,0.585708918
370,28.0,0.588018633
380,28.0,0.589943594
390,29.0,0.592979763
400,29.0,0.59545739
410,29.0,0.598487635
420,29.0,0.601129362
430,30.0,0.602811889
440,29.0,0.605767804
450,29.0,0.610177812
460,30.0,0.61362097
470,30.0,0.614989795
480,35.0,0.63304882
490,35.0,0.63818204
500,36.0,0.641109136
510,35.0,0.64327636
520,35.0,0.645761581
530,36.0,0.648016847
540,36.0,0.648765772
550,37.0,0.649760839
560,36.0,0.650494213
570,36.0,0.653327564
580,36.0,0.654520907
590,37.0,0.656497145
600,37.0,0.657353585
610,36.0,0.658519402
620,36.0,0.659753291
630,36.0,0.660592693
640,36.0,0.661355651
650,35.0,0.664017831
660,35.0,0.666891777
670,35.0,0.669910816
680,35.0,0.675326144
690,35.0,0.702261705
700,35.0,0.702957966
710,35.0,0.70440334
720,35.0,0.705131089
730,36.0,0.70584806
740,36.0,0.706608019
750,36.0,0.707748732
760,37.0,0.712743439
770,37.0,0.713474934
780,36.0,0.715359637
790,36.0,0.717037445
800,36.0,0.718038232
810,36.0,0.718769137
820,36.0,0.720710169
830,36.0,0.797943766
840,36.0,0.799491654
850,37.0,0.802028613
860,36.0,0.804087108
870,35.0,0.806485152
880,35.0,0.808853121
890,35.0,0.81083546
900,35.0,0.812263515
910,35.0,0.813930214
920,35.0,0.816334651
930,36.0,0.821366672
940,35.0,0.828058951
950,35.0,0.831430655
960,36.0,0.834447074
970,36.0,0.838629791
980,36.0,0.839771347
990,37.0,0.84221869
1000,37.0,0.845292118
1010,35.0,0.849510802
1020,35.0,0.851263645
1030,34.0,0.855769078
1040,34.0,0.861317309
1050,35.0,0.871408143
1060,36.0,0.877669745
1070,35.0,0.880904532
1080,35.0,0.882513021
1090,36.0,0.884396573
1100,36.0,0.887006505
1110,36.0,0.888617351
1120,36.0,0.890255942
1130,36.0,0.89138364
1140,36.0,0.892967559
1150,36.0,0.908478011
1160,35.0,0.90929131
1170,36.0,0.91072487
1180,37.0,0.911421297
1190,37.0,0.912278181
1200,36.0,0.913107121
1210,36.0,0.913930437
1220,36.0,0.946001165
1230,37.0,0.946943899
1240,36.0,0.947956722
1250,37.0,0.948919794
1260,37.0,0.949935854
1270,37.0,0.950940378
1280,37.0,0.952031423
1290,37.0,0.953187003
1300,36.0,1.056207439
1310,36.0,1.056904893
1320,36.0,1.05921526
1330,36.0,1.060640272
1340,37.0,1.061822789
1350,37.0,1.063082803
1360,38.0,1.064294019
1370,42.0,1.100552078
1380,42.0,1.108759519
1390,41.0,1.124942223
1400,41.0,1.130158159
1410,42.0,1.13194502
1420,42.0,1.13423092
1430,42.0,1.135442619
1440,42.0,1.137199173
1450,42.0,1.138640252
1460,42.0,1.140033734
1470,42.0,1.141879453
1480,42.0,1.143439343
1490,43.0,1.144948067
1500,43.0,1.146361003
1510,43.0,1.14737189
1520,42.0,1.148391937
1530,43.0,1.149314152
1540,43.0,1.150358683
1550,42.0,1.151515966
1560,42.0,1.152492181
1570,43.0,1.21815466
1580,42.0,1.219763802
1590,43.0,1.220804544
1600,43.0,1.221837503
1610,42.0,1.222811763
1620,41.0,1.223602104
1630,41.0,1.224622468
1640,42.0,1.225573291
1650,42.0,1.227888525
1660,42.0,1.23043436
1670,42.0,1.231991475
1680,43.0,1.233223564
1690,42.0,1.23435922
1700,43.0,1.235298089
1710,43.0,1.236433115
1720,43.0,1.240953962
1730,43.0,1.244534668
1740,43.0,1.246220558
1750,43.0,1.247462778
1760,44.0,1.248612841
1770,43.0,1.250375033
1780,44.0,1.252399405
1790,43.0,1.253687081
1800,43.0,1.254942146
1810,43.0,1.263926199
1820,43.0,1.266703257
1830,42.0,1.267982291
1840,41.0,1.270838056
1850,41.0,1.273117194
1860,41.0,1.274479605
1870,41.0,1.277254678
1880,41.0,1.280966552
1890,42.0,1.282594727
1900,41.0,1.285486366
1910,41.0,1.287202302
1920,41.0,1.289522651
1930,42.0,1.360744296
1940,41.0,1.361547385
1950,41.0,1.362196158
1960,41.0,1.362955234
1970,41.0,1.363629165
1980,41.0,1.364300145
1990,41.0,1.365022372
2000,40.0,1.365807653
2010,40.0,1.366856419
2020,40.0,1.36900695
2030,40.0,1.560596852
2040,40.0,1.571394082
2050,40.0,1.571978752
2060,40.0,1.572432591
2070,41.0,1.573293937
2080,40.0,1.574058064
2090,40.0,1.574340648
2100,41.0,1.574696316
2110,42.0,1.575086026
2120,43.0,1.575387607
2130,43.0,1.575677367
2140,43.0,1.575915443
2150,43.0,1.576177541
2160,43.0,1.576448691
2170,43.0,1.576723404
2180,44.0,1.577271178
2190,45.0,1.577817768
2200,45.0,1.578185907
2210,45.0,1.578484374
2220,45.0,1.578764343
2230,45.0,1.579026
2240,47.0,1.579267514
2250,47.0,1.579575618
2260,47.0,1.579893023
2270,46.0,1.58017962
2280,46.0,1.580534334
2290,45.0,1.580963788
2300,51.0,1.581397947
2310,51.0,1.581730571
2320,51.0,1.581950216
2330,52.0,1.582888182
2340,52.0,1.583173871
2350,52.0,1.58353948
2360,52.0,1.583948516
2370,59.0,1.584424074
2380,59.0,1.585088087
2390,59.0,1.585758962
2400,57.0,1.586181271
2410,57.0,1.586535252
2420,52.0,1.586858069
2430,53.0,1.587191889
2440,53.0,1.587640581
2450,52.0,1.588010378
2460,52.0,1.588487965
2470,52.0,1.589530492
2480,52.0,1.590659828
2490,52.0,1.591246202
2500,52.0,1.592431606
2510,52.0,1.593315682
2520,52.0,1.594237099
2530,52.0,1.594510132
2540,52.0,1.595028942
2550,52.0,1.595578015
2560,53.0,1.59581998
2570,53.0,1.596164056
2580,53.0,1.596631582
2590,53.0,1.597093647
2600,52.0,1.597379264
2610,52.0,1.597732135
2620,52.0,1.598427208
2630,52.0,1.598677729
2640,52.0,1.599098686
2650,51.0,1.599353994
2660,51.0,1.599606771
2670,51.0,1.599911262
2680,51.0,1.600310822
2690,51.0,1.600792071
2700,51.0,1.601097941
2710,51.0,1.601836093
2720,51.0,1.602414674
2730,51.0,1.602766348
2740,51.0,1.603092834
2750,51.0,1.604132871
2760,51.0,1.604579962
2770,51.0,1.60493203
2780,51.0,1.605449628
2790,52.0,1.606339676
2800,51.0,1.606934483
2810,51.0,1.607271864
2820,51.0,1.607535378
2830,51.0,1.607832389
2840,50.0,1.608401836
2850,51.0,1.608843263
2860,51.0,1.609092903
2870,51.0,1.609503077
2880,51.0,1.610218725
2890,51.0,1.611090243
2900,51.0,1.612218802
2910,52.0,1.61283346
2920,52.0,1.61330374
2930,52.0,1.613774805
2940,52.0,1.614681666
2950,52.0,1.614997519
2960,53.0,1.615299697
2970,53.0,1.615900266
2980,53.0,1.616646529
2990,53.0,1.617046905
3000,53.0,1.617392201
3010,53.0,1.617665575
3020,53.0,1.61818243
3030,53.0,1.618529884
3040,53.0,1.618867157
3050,57.0,1.619269246
3060,57.0,1.619797779
3070,57.0,1.620673404
3080,54.0,1.621192585
3090,54.0,1.621644975
3100,54.0,1.622019134
3110,53.0,1.622353683
3120,54.0,1.62300217
3130,53.0,1.623480011
3140,53.0,1.624462722
3150,54.0,1.625527866
3160,54.0,1.626183948
3170,53.0,1.626693923
3180,53.0,1.627157137
3190,53.0,1.627473366
3200,53.0,1.62778948
3210,53.0,1.628138062
3220,53.0,1.628461969
3230,53.0,1.62899178
3240,53.0,1.629931735
3250,53.0,1.631386034
3260,53.0,1.632332194
3270,53.0,1.632730046
3280,53.0,1.63299608
3290,53.0,1.633359879
3300,53.0,1.633731326
3310,53.0,1.633994937
3320,53.0,1.634295919
3330,53.0,1.634579935
3340,53.0,1.634851131
3350,53.0,1.635208003
3360,53.0,1.635610932
3370,54.0,1.636135248
3380,54.0,1.638041673
3390,54.0,1.638701568
3400,54.0,1.640594272
3410,54.0,1.641489679
3420,54.0,1.642107387
3430,56.0,1.643390752
3440,55.0,1.644084032
3450,67.0,1.646960578
3460,67.0,1.647474529
3470,67.0,1.648015425
3480,67.0,1.648513558
3490,67.0,1.648787019
3500,67.0,1.64926543
3510,66.0,1.64952693
3520,66.0,1.6498818
3530,66.0,1.650221488
3540,66.0,1.650543037
3550,67.0,1.651268867
3560,66.0,1.65206255
3570,66.0,1.653088152
3580,66.0,1.653439204
3590,67.0,1.653828681
3600,67.0,1.654096517
3610,67.0,1.654485712
3620,67.0,1.655308328
3630,67.0,1.656167387
3640,68.0,1.65660674
3650,67.0,1.65687863
3660,66.0,1.657511674
3670,66.0,1.657824429
3680,66.0,1.65842329
3690,66.0,1.659297729
3700,66.0,1.65976746
3710,67.0,1.660108849
3720,66.0,1.660605694
3730,66.0,1.66151221
3740,66.0,1.661778347
3750,66.0,1.662088348
3760,67.0,1.662591648
3770,66.0,1.663090523
3780,66.0,1.663619284
3790,66.0,1.664145992
3800,66.0,1.664515999
3810,66.0,1.665019822
3820,66.0,1.66555708
3830,66.0,1.665893917
3840,67.0,1.666170627
3850,67.0,1.666769219
3860,67.0,1.667826822
3870,67.0,1.669064121
3880,67.0,1.670008081
3890,67.0,1.670604835
3900,67.0,1.671340897
3910,66.0,1.671578998
3920,66.0,1.67234943
3930,67.0,1.67275194
3940,67.0,1.673168475
3950,67.0,1.673442731
3960,68.0,1.673747544
3970,66.0,1.674034381
3980,67.0,1.674353149
3990,67.0,1.674652242
4000,67.0,1.675079498
