iterations,fitness,time
0,23.0,0.016291805
10,24.0,0.030624787
20,24.0,0.047021963
30,26.0,0.101386437
40,28.0,0.338530558
50,29.0,0.341033222
60,29.0,0.343706533
70,30.0,0.346427087
80,31.0,0.348994028
90,30.0,0.350777508
100,30.0,0.35263144
110,30.0,0.354923569
120,31.0,0.357086596
130,31.0,0.358566912
140,31.0,0.362045883
150,32.0,0.363494267
160,32.0,0.365818607
170,31.0,0.36846186
180,31.0,0.371766287
190,30.0,0.373585722
200,31.0,0.378437921
210,31.0,0.388020119
220,31.0,0.393126513
230,33.0,0.396072482
240,33.0,0.398492101
250,34.0,0.401695415
260,33.0,0.403530247
270,36.0,0.407919604
280,35.0,0.412655925
290,35.0,0.418085997
300,35.0,0.571268527
310,34.0,0.572890261
320,40.0,0.574400583
330,43.0,0.577348896
340,43.0,0.579716804
350,44.0,0.581249343
360,44.0,0.582577608
370,45.0,0.583820313
380,45.0,0.584642617
390,45.0,0.585642917
400,45.0,0.586568427
410,46.0,0.587290932
420,47.0,0.588110977
430,48.0,0.589151032
440,47.0,0.591711795
450,47.0,0.593775534
460,46.0,0.595748902
470,47.0,0.597371015
480,46.0,0.599072708
490,45.0,0.601413253
500,46.0,0.60339627
510,46.0,0.606491248
520,46.0,0.609745768
530,46.0,0.610660718
540,46.0,0.611482228
550,46.0,0.612441638
560,46.0,0.613245002
570,47.0,0.614049779
580,48.0,0.614890816
590,48.0,0.615602097
600,49.0,0.616246026
610,47.0,0.617253364
620,48.0,0.6180198
630,47.0,0.620919969
640,46.0,0.623014674
650,48.0,0.625394782
660,48.0,0.627381211
670,47.0,0.633465333
680,50.0,0.641401162
690,51.0,0.760558818
700,51.0,0.761788999
710,51.0,0.763530906
720,50.0,0.765149755
730,51.0,0.767018262
740,50.0,0.768969684
750,51.0,0.770908916
760,51.0,0.771920401
770,51.0,0.773138626
780,51.0,0.774064255
790,50.0,0.775158153
800,52.0,0.776163902
810,50.0,0.777213409
820,50.0,0.778303221
830,50.0,0.779664468
840,51.0,0.780952591
850,51.0,0.790437292
860,51.0,0.793667036
870,51.0,0.7947217
880,52.0,0.824564462
890,52.0,0.825642322
900,50.0,0.826688981
910,51.0,0.827633305
920,51.0,0.828409621
930,52.0,0.82921526
940,50.0,0.83016738
950,50.0,0.830889477
960,50.0,0.852865233
970,50.0,0.860445324
980,50.0,0.863206639
990,52.0,0.874614791
1000,51.0,0.879196468
1010,52.0,0.880699768
1020,52.0,0.881827325
1030,51.0,0.883701216
1040,52.0,0.885304772
1050,53.0,0.886571347
1060,53.0,0.888432521
1070,54.0,0.891024447
1080,53.0,0.893138929
1090,52.0,0.904272402
1100,52.0,0.906360678
1110,52.0,0.908935761
1120,51.0,0.911203083
1130,53.0,0.913428578
1140,53.0,0.91556657
1150,53.0,0.919867933
1160,53.0,0.922067191
1170,50.0,0.92602264
1180,51.0,0.92862713
1190,52.0,0.930761798
1200,52.0,0.93209937
1210,53.0,0.952465062
1220,53.0,0.956616976
1230,52.0,0.959273391
1240,52.0,0.988412895
1250,51.0,0.98975736
1260,51.0,0.992383177
1270,52.0,0.994443523
1280,53.0,0.996018004
1290,54.0,0.998476048
1300,55.0,1.000727561
1310,53.0,1.002430695
1320,55.0,1.004894763
1330,55.0,1.007263297
1340,54.0,1.008946867
1350,55.0,1.010493773
1360,55.0,1.012324598
1370,56.0,1.014501117
1380,54.0,1.016031484
1390,55.0,1.017867901
1400,56.0,1.019897551
1410,56.0,1.021951482
1420,56.0,1.024112924
1430,57.0,1.026348676
1440,57.0,1.02812493
1450,57.0,1.0300233
1460,56.0,1.076169773
1470,56.0,1.078888091
1480,55.0,1.081308051
1490,55.0,1.23864315
1500,54.0,1.241437943
1510,55.0,1.243944856
1520,55.0,1.244604884
1530,53.0,1.245708228
1540,53.0,1.246649962
1550,53.0,1.247154851
1560,54.0,1.247684801
1570,54.0,1.249216056
1580,54.0,1.249672989
1590,54.0,1.250046514
1600,52.0,1.250799019
1610,51.0,1.251359153
1620,52.0,1.251785749
1630,53.0,1.252281586
1640,53.0,1.252739592
1650,52.0,1.253342735
1660,52.0,1.254016706
1670,52.0,1.25458973
1680,52.0,1.255265461
1690,51.0,1.255863293
1700,51.0,1.256691378
1710,51.0,1.257867285
1720,51.0,1.258376334
1730,51.0,1.258698979
1740,51.0,1.259434316
1750,52.0,1.259922655
1760,52.0,1.260383535
1770,52.0,1.261342836
1780,53.0,1.26183961
1790,53.0,1.262261109
1800,53.0,1.262620834
1810,53.0,1.263488684
1820,54.0,1.264162517
1830,54.0,1.264793015
1840,55.0,1.265173264
1850,54.0,1.26585861
1860,54.0,1.266437756
1870,53.0,1.267232309
1880,52.0,1.267843566
1890,52.0,1.26860374
1900,52.0,1.269474339
1910,53.0,1.270140383
1920,53.0,1.270595143
1930,51.0,1.271100056
1940,51.0,1.271571174
1950,51.0,1.272162436
1960,52.0,1.272907657
1970,53.0,1.273492798
1980,52.0,1.273982766
1990,53.0,1.274572111
2000,54.0,1.2751983
2010,54.0,1.275782437
2020,54.0,1.276556561
2030,53.0,1.27699345
2040,54.0,1.277534081
2050,57.0,1.278077316
2060,57.0,1.278787522
2070,55.0,1.279294716
2080,59.0,1.280246554
2090,59.0,1.281040199
2100,59.0,1.282043571
2110,59.0,1.282616833
2120,58.0,1.283514615
2130,59.0,1.284145247
2140,58.0,1.285369535
2150,58.0,1.285911527
2160,58.0,1.286428227
2170,58.0,1.287692916
2180,58.0,1.288139876
2190,58.0,1.288555507
2200,59.0,1.288995423
2210,59.0,1.289422858
2220,58.0,1.290663009
2230,56.0,1.291298824
2240,56.0,1.291901434
2250,56.0,1.29248688
2260,56.0,1.293012041
2270,56.0,1.293668645
2280,56.0,1.294031036
2290,56.0,1.29459393
2300,55.0,1.295037552
2310,55.0,1.295589354
2320,56.0,1.295966481
2330,56.0,1.296493679
2340,55.0,1.297020664
2350,55.0,1.297513466
2360,55.0,1.298317995
2370,56.0,1.298786809
2380,55.0,1.300462143
2390,55.0,1.301091597
2400,55.0,1.303377879
2410,55.0,1.304725198
2420,52.0,1.305922865
2430,52.0,1.306589802
2440,53.0,1.307376839
2450,54.0,1.310339354
2460,54.0,1.310937856
2470,55.0,1.312018793
2480,54.0,1.312703046
2490,55.0,1.313173229
2500,53.0,1.313653432
2510,54.0,1.314484624
2520,54.0,1.315176545
2530,53.0,1.316347065
2540,52.0,1.31671282
2550,52.0,1.317058659
2560,53.0,1.317423725
2570,52.0,1.317776676
2580,53.0,1.318331055
2590,53.0,1.318828995
2600,53.0,1.319185361
2610,53.0,1.319519298
2620,53.0,1.319889068
2630,54.0,1.320251507
2640,53.0,1.320626124
2650,53.0,1.321262778
2660,54.0,1.32177792
2670,53.0,1.322216323
2680,54.0,1.322579273
2690,53.0,1.322944899
2700,53.0,1.323346353
2710,54.0,1.323707333
2720,54.0,1.324147506
2730,54.0,1.324517288
2740,55.0,1.325038413
2750,55.0,1.325602471
2760,54.0,1.325928103
2770,55.0,1.326271691
2780,55.0,1.326661332
2790,55.0,1.326976261
2800,55.0,1.327288245
2810,55.0,1.327692173
2820,56.0,1.328217818
2830,57.0,1.328601524
2840,55.0,1.328967734
2850,56.0,1.341089423
2860,56.0,1.341937334
2870,57.0,1.342929421
2880,57.0,1.344107701
2890,57.0,1.344843
2900,56.0,1.345281674
2910,55.0,1.345598118
2920,56.0,1.345914679
2930,56.0,1.346357539
2940,56.0,1.346689509
2950,56.0,1.347038094
2960,56.0,1.361000028
2970,57.0,1.368989902
2980,57.0,1.372213902
2990,55.0,1.373093671
3000,56.0,1.373810302
3010,56.0,1.380676579
3020,57.0,1.385802824
3030,56.0,1.386398399
3040,56.0,1.388938481
3050,56.0,1.390130154
3060,56.0,1.39072067
3070,56.0,1.391569049
3080,56.0,1.392375725
3090,55.0,1.39279018
3100,54.0,1.39336235
3110,54.0,1.393821956
3120,55.0,1.39463816
3130,55.0,1.395532233
3140,54.0,1.396017401
3150,54.0,1.397343613
3160,53.0,1.39790648
3170,53.0,1.398484082
3180,54.0,1.399549084
3190,55.0,1.400181468
3200,54.0,1.400784068
3210,55.0,1.401341635
3220,56.0,1.402689028
3230,54.0,1.404330925
3240,54.0,1.405570323
3250,53.0,1.406091938
3260,54.0,1.406841304
3270,54.0,1.40815668
3280,55.0,1.409655516
3290,54.0,1.410628141
3300,54.0,1.411315309
3310,55.0,1.412475651
3320,55.0,1.413208927
3330,54.0,1.428858467
3340,55.0,1.429832831
3350,54.0,1.431332692
3360,57.0,1.432750073
3370,56.0,1.433517238
3380,56.0,1.434704274
3390,56.0,1.435693374
3400,56.0,1.436186865
3410,61.0,1.437386527
3420,56.0,1.438176849
3430,55.0,1.439411899
3440,55.0,1.441287226
3450,57.0,1.442243699
3460,57.0,1.443272913
3470,58.0,1.444066894
3480,62.0,1.445102483
3490,61.0,1.445666233
3500,61.0,1.44635836
3510,56.0,1.447822426
3520,62.0,1.449313826
3530,58.0,1.45135178
3540,58.0,1.452785366
3550,58.0,1.453743629
3560,58.0,1.45460608
3570,63.0,1.455758702
3580,63.0,1.456372383
3590,63.0,1.457555382
3600,63.0,1.45817538
3610,58.0,1.459137907
3620,62.0,1.46006497
3630,63.0,1.460642756
3640,63.0,1.461930773
3650,62.0,1.462427771
3660,64.0,1.463380872
3670,62.0,1.464077961
3680,63.0,1.465812979
3690,63.0,1.466827744
3700,63.0,1.467645392
3710,63.0,1.468205138
3720,63.0,1.46866058
3730,63.0,1.46924791
3740,63.0,1.470003784
3750,63.0,1.474673776
3760,69.0,1.475066211
3770,62.0,1.475491156
3780,66.0,1.475948021
3790,60.0,1.477290651
3800,62.0,1.477699703
3810,60.0,1.478129033
3820,57.0,1.478551716
3830,56.0,1.479023735
3840,57.0,1.479625264
3850,57.0,1.479972315
3860,57.0,1.480581217
3870,55.0,1.480920164
3880,55.0,1.481236529
3890,56.0,1.481564903
3900,57.0,1.481892687
3910,56.0,1.482255893
3920,56.0,1.482808693
3930,57.0,1.483403041
3940,56.0,1.483968849
3950,57.0,1.484706384
3960,55.0,1.580947954
3970,57.0,1.581775337
3980,56.0,1.582311528
3990,56.0,1.5828139
4000,56.0,1.583186572
