iterations,fitness,time
0,20.0,0.009541032
10,21.0,0.017519791
20,21.0,0.026049042
30,25.0,0.03238855
40,25.0,0.039162335
50,26.0,0.045685062
60,26.0,0.054308181
70,26.0,0.063408346
80,26.0,0.070812833
90,26.0,0.08546036
100,26.0,0.099129816
110,26.0,0.249438712
120,26.0,0.252479634
130,28.0,0.253459247
140,28.0,0.271616049
150,26.0,0.272669075
160,26.0,0.273717662
170,26.0,0.274884206
180,26.0,0.293308512
190,27.0,0.29463366
200,27.0,0.295932351
210,28.0,0.297746083
220,28.0,0.299308154
230,28.0,0.303042922
240,28.0,0.305682705
250,28.0,0.307588824
260,28.0,0.311215048
270,30.0,0.313749464
280,29.0,0.316330341
290,31.0,0.318581488
300,29.0,0.320863714
310,30.0,0.323046265
320,31.0,0.324518977
330,32.0,0.326811317
340,33.0,0.32935637
350,32.0,0.330911508
360,32.0,0.332295293
370,32.0,0.334362934
380,32.0,0.335723102
390,32.0,0.336989638
400,32.0,0.338645267
410,32.0,0.34032158
420,33.0,0.342453619
430,33.0,0.344757093
440,33.0,0.34724205
450,32.0,0.450237429
460,33.0,0.45221252
470,32.0,0.454700472
480,33.0,0.456362134
490,33.0,0.458651814
500,34.0,0.461520358
510,35.0,0.463599279
520,36.0,0.465650903
530,37.0,0.467720831
540,38.0,0.469109101
550,38.0,0.472115104
560,39.0,0.473301801
570,40.0,0.47641519
580,39.0,0.479034117
590,39.0,0.481781418
600,40.0,0.484997812
610,40.0,0.488940655
620,39.0,0.493235772
630,40.0,0.598894363
640,39.0,0.600269505
650,39.0,0.60183247
660,39.0,0.603120821
670,40.0,0.604461604
680,39.0,0.605912204
690,39.0,0.607470025
700,40.0,0.608885752
710,40.0,0.610391726
720,40.0,0.611166436
730,40.0,0.612167066
740,41.0,0.614566669
750,40.0,0.616929058
760,41.0,0.618372652
770,40.0,0.620170141
780,41.0,0.622037711
790,41.0,0.62354351
800,41.0,0.625630217
810,41.0,0.628086726
820,41.0,0.629667954
830,40.0,0.632138324
840,41.0,0.633207619
850,41.0,0.635172284
860,41.0,0.637579769
870,41.0,0.639361035
880,41.0,0.641424963
890,41.0,0.644002061
900,41.0,0.646297156
910,41.0,0.647970019
920,41.0,0.670622289
930,41.0,0.67305802
940,41.0,0.674616788
950,42.0,0.676901881
960,42.0,0.679380654
970,42.0,0.681708421
980,42.0,0.683413134
990,43.0,0.685143861
1000,42.0,0.686860769
1010,42.0,0.689404565
1020,43.0,0.693322602
1030,43.0,0.697890377
1040,42.0,0.70175562
1050,42.0,0.705527198
1060,43.0,0.708136523
1070,43.0,0.711553769
1080,42.0,0.716155031
1090,42.0,0.756083575
1100,43.0,0.761296148
1110,44.0,0.763219953
1120,43.0,0.76603826
1130,43.0,0.768392858
1140,44.0,0.770754077
1150,43.0,0.772868196
1160,43.0,0.774680729
1170,43.0,0.775688683
1180,43.0,0.776648826
1190,44.0,0.778403171
1200,43.0,0.77970959
1210,43.0,0.903838024
1220,42.0,0.907104852
1230,43.0,0.910382912
1240,42.0,1.058117457
1250,42.0,1.061272653
1260,42.0,1.061915397
1270,42.0,1.062703738
1280,42.0,1.063113972
1290,43.0,1.063497767
1300,43.0,1.063787733
1310,43.0,1.064527446
1320,43.0,1.065071826
1330,43.0,1.065562157
1340,43.0,1.06597268
1350,43.0,1.066518709
1360,43.0,1.06722653
1370,43.0,1.067884433
1380,43.0,1.068347324
1390,43.0,1.068795364
1400,44.0,1.069292481
1410,44.0,1.069753124
1420,43.0,1.070293622
1430,44.0,1.070745448
1440,44.0,1.072043171
1450,44.0,1.072433691
1460,44.0,1.072960668
1470,43.0,1.073516211
1480,43.0,1.074245455
1490,42.0,1.075381427
1500,41.0,1.076306154
1510,41.0,1.07674642
1520,42.0,1.077453479
1530,43.0,1.078877123
1540,42.0,1.079454949
1550,42.0,1.079819899
1560,42.0,1.080214298
1570,42.0,1.08055237
1580,42.0,1.080974105
1590,41.0,1.082170892
1600,42.0,1.082829288
1610,42.0,1.083219604
1620,42.0,1.083771975
1630,42.0,1.084155839
1640,43.0,1.084550974
1650,42.0,1.085745212
1660,42.0,1.086680146
1670,43.0,1.087257893
1680,43.0,1.087681666
1690,43.0,1.088195192
1700,43.0,1.088678556
1710,44.0,1.089154832
1720,43.0,1.089755859
1730,43.0,1.090176375
1740,41.0,1.090724612
1750,40.0,1.091200413
1760,41.0,1.092064793
1770,42.0,1.092414654
1780,42.0,1.093574518
1790,41.0,1.093984451
1800,42.0,1.094399608
1810,41.0,1.094690917
1820,42.0,1.095016649
1830,42.0,1.095457496
1840,43.0,1.095915943
1850,42.0,1.096319759
1860,42.0,1.096703758
1870,43.0,1.097125884
1880,42.0,1.097735379
1890,42.0,1.098203934
1900,43.0,1.098891275
1910,43.0,1.099200801
1920,43.0,1.099632818
1930,44.0,1.100217518
1940,43.0,1.101351298
1950,44.0,1.10179602
1960,44.0,1.1022512
1970,45.0,1.102542532
1980,45.0,1.103664861
1990,45.0,1.104997354
2000,45.0,1.105631007
2010,44.0,1.106854873
2020,44.0,1.107895802
2030,44.0,1.109002313
2040,45.0,1.110306244
2050,44.0,1.111136467
2060,44.0,1.112217322
2070,45.0,1.112587351
2080,45.0,1.113081075
2090,46.0,1.11355961
2100,45.0,1.113978741
2110,45.0,1.114659492
2120,46.0,1.115542065
2130,46.0,1.117094619
2140,44.0,1.118604374
2150,43.0,1.119911094
2160,43.0,1.120808687
2170,43.0,1.147000351
2180,43.0,1.147329751
2190,46.0,1.147657108
2200,44.0,1.14795771
2210,44.0,1.148329581
2220,43.0,1.148615606
2230,44.0,1.148901802
2240,44.0,1.149301402
2250,43.0,1.150095472
2260,43.0,1.151033883
2270,44.0,1.151480225
2280,44.0,1.151777129
2290,44.0,1.152123439
2300,44.0,1.152631611
2310,43.0,1.153006093
2320,43.0,1.153290082
2330,44.0,1.153820814
2340,44.0,1.15432311
2350,44.0,1.15471889
2360,45.0,1.15501361
2370,47.0,1.155337182
2380,46.0,1.155713399
2390,45.0,1.156016157
2400,45.0,1.156390446
2410,45.0,1.156739714
2420,46.0,1.15711158
2430,46.0,1.157388081
2440,49.0,1.15771498
2450,45.0,1.158086678
2460,47.0,1.158367295
2470,45.0,1.158649111
2480,49.0,1.158922725
2490,48.0,1.159198345
2500,45.0,1.160216993
2510,48.0,1.224677596
2520,45.0,1.225316853
2530,46.0,1.225837826
2540,46.0,1.22645137
2550,45.0,1.226909911
2560,45.0,1.22736222
2570,45.0,1.22765203
2580,45.0,1.227937743
2590,46.0,1.228222219
2600,46.0,1.228510147
2610,46.0,1.228799771
2620,49.0,1.229092382
2630,47.0,1.229430987
2640,46.0,1.230054699
2650,46.0,1.230741267
2660,46.0,1.238622267
2670,46.0,1.23929603
2680,48.0,1.240923715
2690,47.0,1.242460905
2700,47.0,1.242917628
2710,47.0,1.243235286
2720,49.0,1.24362532
2730,47.0,1.244042221
2740,48.0,1.244350843
2750,49.0,1.248848807
2760,49.0,1.261082003
2770,49.0,1.271748541
2780,49.0,1.276629513
2790,50.0,1.276933597
2800,50.0,1.291575817
2810,50.0,1.291884979
2820,50.0,1.292201981
2830,49.0,1.292674567
2840,52.0,1.292996281
2850,52.0,1.293464672
2860,52.0,1.293894682
2870,54.0,1.29440244
2880,54.0,1.294813443
2890,54.0,1.295571784
2900,53.0,1.296173057
2910,54.0,1.29673341
2920,54.0,1.298255121
2930,54.0,1.298827445
2940,53.0,1.299544302
2950,53.0,1.300569887
2960,53.0,1.301199464
2970,53.0,1.301975945
2980,53.0,1.302864094
2990,53.0,1.303514168
3000,53.0,1.304017158
3010,53.0,1.305208719
3020,53.0,1.30579553
3030,53.0,1.307120735
3040,53.0,1.308132196
3050,54.0,1.308672442
3060,54.0,1.309336859
3070,54.0,1.310283734
3080,54.0,1.311031469
3090,54.0,1.311657726
3100,54.0,1.313579572
3110,53.0,1.313894828
3120,54.0,1.314626279
3130,53.0,1.315693948
3140,53.0,1.316658403
3150,53.0,1.317090963
3160,53.0,1.317482012
3170,53.0,1.317953999
3180,52.0,1.319520266
3190,53.0,1.320031034
3200,52.0,1.320530893
3210,52.0,1.321342293
3220,53.0,1.322094107
3230,53.0,1.322894758
3240,52.0,1.324100155
3250,53.0,1.324848835
3260,53.0,1.326187675
3270,53.0,1.326557273
3280,53.0,1.328013559
3290,53.0,1.32942745
3300,53.0,1.330064545
3310,53.0,1.330873366
3320,53.0,1.332117799
3330,53.0,1.333528258
3340,53.0,1.33380785
3350,53.0,1.334079572
3360,54.0,1.334388403
3370,54.0,1.334759583
3380,54.0,1.335044375
3390,54.0,1.335412619
3400,54.0,1.335777615
3410,53.0,1.336166181
3420,54.0,1.336477026
3430,53.0,1.336806563
3440,54.0,1.337172158
3450,54.0,1.337449664
3460,54.0,1.337731864
3470,54.0,1.338617823
3480,54.0,1.339346658
3490,53.0,1.351673667
3500,53.0,1.35229134
3510,54.0,1.352993673
3520,53.0,1.353635337
3530,54.0,1.354001394
3540,54.0,1.35456188
3550,54.0,1.35502849
3560,54.0,1.355388503
3570,55.0,1.355685682
3580,55.0,1.356008515
3590,53.0,1.356334923
3600,54.0,1.356667708
3610,56.0,1.357007096
3620,56.0,1.357449425
3630,55.0,1.357765123
3640,55.0,1.358232761
3650,55.0,1.358571122
3660,54.0,1.358910074
3670,54.0,1.360583813
3680,54.0,1.362117483
3690,54.0,1.36302703
3700,54.0,1.36424197
3710,55.0,1.364749133
3720,55.0,1.365625713
3730,54.0,1.369267736
3740,54.0,1.370230135
3750,55.0,1.371065736
3760,54.0,1.371630864
3770,54.0,1.375339096
3780,54.0,1.378479808
3790,55.0,1.379867944
3800,55.0,1.381942461
3810,55.0,1.383474437
3820,55.0,1.3863129
3830,54.0,1.386740997
3840,54.0,1.389015484
3850,54.0,1.517412916
3860,55.0,1.518209091
3870,55.0,1.518505877
3880,55.0,1.518928466
3890,55.0,1.519309507
3900,55.0,1.519599145
3910,55.0,1.519886688
3920,55.0,1.520165407
3930,55.0,1.520443836
3940,55.0,1.520719487
3950,55.0,1.521183459
3960,56.0,1.522252094
3970,55.0,1.52268573
3980,55.0,1.523029879
3990,55.0,1.523305372
4000,55.0,1.523579378
