iterations,fitness,time
0,26.0,0.007687365
10,23.0,0.01009543
20,27.0,0.023540133
30,26.0,0.036691723
40,27.0,0.049260828
50,27.0,0.060174846
60,27.0,0.165397679
70,26.0,0.212038361
80,27.0,0.220411855
90,27.0,0.4163545
100,28.0,0.418516244
110,28.0,0.421264109
120,32.0,0.422992791
130,32.0,0.424839317
140,32.0,0.432484176
150,32.0,0.462414193
160,33.0,0.466835315
170,34.0,0.468822349
180,35.0,0.471610733
190,35.0,0.473791978
200,35.0,0.476564959
210,35.0,0.480444213
220,36.0,0.482326695
230,36.0,0.48418521
240,37.0,0.486415711
250,36.0,0.488282943
260,37.0,0.555764017
270,37.0,0.557654721
280,37.0,0.559708483
290,37.0,0.56264661
300,37.0,0.565144426
310,37.0,0.56730536
320,37.0,0.569308393
330,37.0,0.572255553
340,37.0,0.574118897
350,37.0,0.592254842
360,37.0,0.596434995
370,37.0,0.602289397
380,37.0,0.611770682
390,37.0,0.614135298
400,37.0,0.615158401
410,37.0,0.616358771
420,38.0,0.620459147
430,37.0,0.621631834
440,38.0,0.622434335
450,38.0,0.623500078
460,37.0,0.624476491
470,38.0,0.6257005
480,39.0,0.627040631
490,39.0,0.629688831
500,39.0,0.630917637
510,39.0,0.633281674
520,39.0,0.635362672
530,38.0,0.63648934
540,38.0,0.637462765
550,39.0,0.638389781
560,39.0,0.639432938
570,39.0,0.640698762
580,38.0,0.645379268
590,42.0,0.648418697
600,39.0,0.649605451
610,38.0,0.651526719
620,39.0,0.698249583
630,37.0,0.699047031
640,38.0,0.699874645
650,38.0,0.700771333
660,38.0,0.701497071
670,38.0,0.702184565
680,39.0,0.70299385
690,39.0,0.70382275
700,40.0,0.704707128
710,38.0,0.705494133
720,38.0,0.706255917
730,38.0,0.708591783
740,40.0,0.709395771
750,40.0,0.734856351
760,39.0,0.738895591
770,40.0,0.739663212
780,40.0,0.742731844
790,40.0,0.74578189
800,40.0,0.748678072
810,40.0,0.751642481
820,41.0,0.753489537
830,40.0,0.755979148
840,40.0,0.758954495
850,40.0,0.762102484
860,39.0,0.764050513
870,40.0,0.766007373
880,39.0,0.769287542
890,40.0,0.772488644
900,40.0,0.775795225
910,40.0,0.779014222
920,39.0,0.780567734
930,41.0,0.783338127
940,42.0,0.784802438
950,42.0,0.787514226
960,45.0,0.789550206
970,46.0,0.791412746
980,42.0,0.793464045
990,42.0,0.795261357
1000,46.0,0.797206154
1010,46.0,0.800083233
1020,46.0,0.804671477
1030,46.0,0.807250011
1040,46.0,0.809555172
1050,46.0,0.812320965
1060,46.0,0.815046095
1070,46.0,0.817156811
1080,47.0,0.853797652
1090,46.0,0.854852498
1100,47.0,0.855951504
1110,48.0,0.857084957
1120,48.0,0.861035413
1130,47.0,0.862520447
1140,45.0,0.951973256
1150,45.0,0.953945569
1160,45.0,0.956467415
1170,46.0,0.958518086
1180,46.0,0.960528329
1190,46.0,0.963133598
1200,46.0,0.965543825
1210,46.0,0.96818162
1220,46.0,0.971162448
1230,45.0,0.997962875
1240,48.0,1.002741134
1250,45.0,1.004972277
1260,46.0,1.007602876
1270,47.0,1.012914195
1280,47.0,1.016027367
1290,46.0,1.019649597
1300,46.0,1.020842407
1310,47.0,1.039396732
1320,46.0,1.046448637
1330,46.0,1.083622658
1340,47.0,1.115119779
1350,47.0,1.116784203
1360,47.0,1.125228278
1370,47.0,1.128575488
1380,45.0,1.131130296
1390,45.0,1.13481854
1400,46.0,1.137281415
1410,47.0,1.141056241
1420,47.0,1.144545775
1430,46.0,1.148359661
1440,47.0,1.14911306
1450,47.0,1.150316728
1460,47.0,1.151870307
1470,47.0,1.270429025
1480,46.0,1.273863906
1490,44.0,1.277109299
1500,44.0,1.2782296
1510,46.0,1.279642463
1520,46.0,1.28164443
1530,46.0,1.283799323
1540,46.0,1.285496297
1550,48.0,1.287020444
1560,50.0,1.336565854
1570,49.0,1.337954426
1580,48.0,1.338736201
1590,48.0,1.33914187
1600,50.0,1.339692483
1610,47.0,1.340878086
1620,48.0,1.341417281
1630,48.0,1.341792961
1640,47.0,1.342255143
1650,47.0,1.342829368
1660,47.0,1.343333883
1670,46.0,1.34394805
1680,48.0,1.344298476
1690,47.0,1.344633613
1700,51.0,1.345041226
1710,48.0,1.345593683
1720,48.0,1.345955399
1730,47.0,1.346341198
1740,50.0,1.346750748
1750,49.0,1.347322017
1760,51.0,1.347731636
1770,52.0,1.348015161
1780,51.0,1.348447499
1790,51.0,1.348892753
1800,52.0,1.349669665
1810,53.0,1.352415821
1820,51.0,1.352915745
1830,50.0,1.353296747
1840,50.0,1.353592381
1850,50.0,1.354637468
1860,51.0,1.355777228
1870,51.0,1.356584666
1880,51.0,1.357178635
1890,51.0,1.357491446
1900,51.0,1.357844316
1910,51.0,1.35822053
1920,50.0,1.358510832
1930,50.0,1.35889271
1940,51.0,1.359403194
1950,49.0,1.35988464
1960,50.0,1.360321498
1970,49.0,1.360684862
1980,51.0,1.36104037
1990,50.0,1.361546862
2000,50.0,1.362008363
2010,51.0,1.362391441
2020,50.0,1.362968781
2030,50.0,1.36379229
2040,48.0,1.364848158
2050,51.0,1.365182118
2060,52.0,1.365644258
2070,52.0,1.366011078
2080,52.0,1.366623411
2090,52.0,1.367534227
2100,51.0,1.36811975
2110,52.0,1.368874524
2120,52.0,1.369261426
2130,54.0,1.369628641
2140,54.0,1.369960497
2150,54.0,1.370336668
2160,53.0,1.370725454
2170,55.0,1.371203275
2180,55.0,1.371808987
2190,57.0,1.37220458
2200,57.0,1.372507985
2210,54.0,1.372901295
2220,52.0,1.373224232
2230,52.0,1.373753095
2240,51.0,1.374174777
2250,52.0,1.374493072
2260,51.0,1.374867213
2270,51.0,1.375423294
2280,52.0,1.375745618
2290,51.0,1.376149905
2300,51.0,1.376465126
2310,50.0,1.376771107
2320,51.0,1.377180648
2330,50.0,1.377810199
2340,51.0,1.378254562
2350,51.0,1.378773901
2360,51.0,1.379228526
2370,51.0,1.379738737
2380,51.0,1.380929107
2390,51.0,1.381214793
2400,52.0,1.381695795
2410,52.0,1.382117812
2420,51.0,1.384190886
2430,52.0,1.384712527
2440,53.0,1.385102731
2450,53.0,1.386482756
2460,53.0,1.387767441
2470,53.0,1.389168447
2480,51.0,1.389591057
2490,51.0,1.389866331
2500,51.0,1.391387184
2510,52.0,1.392465108
2520,53.0,1.39277088
2530,53.0,1.39356768
2540,52.0,1.395131377
2550,52.0,1.395619351
2560,51.0,1.396301991
2570,51.0,1.396955231
2580,52.0,1.397489363
2590,53.0,1.397848463
2600,53.0,1.398269989
2610,53.0,1.398655921
2620,53.0,1.399950626
2630,53.0,1.400517485
2640,53.0,1.401215034
2650,53.0,1.401594995
2660,53.0,1.402061933
2670,52.0,1.402562393
2680,52.0,1.403161999
2690,53.0,1.403588011
2700,50.0,1.40424537
2710,51.0,1.404768868
2720,53.0,1.405089771
2730,53.0,1.405657436
2740,49.0,1.406868305
2750,49.0,1.407456739
2760,48.0,1.408101959
2770,48.0,1.408724713
2780,48.0,1.409079664
2790,47.0,1.409464423
2800,48.0,1.409874925
2810,46.0,1.410580227
2820,46.0,1.411098189
2830,47.0,1.411494653
2840,47.0,1.411926087
2850,47.0,1.412453583
2860,47.0,1.412802437
2870,50.0,1.413151376
2880,49.0,1.413468583
2890,48.0,1.415006778
2900,47.0,1.416014888
2910,47.0,1.416390181
2920,47.0,1.416775363
2930,48.0,1.417251348
2940,47.0,1.418012797
2950,48.0,1.418737843
2960,48.0,1.419159225
2970,49.0,1.420159366
2980,49.0,1.420859152
2990,48.0,1.421672832
3000,48.0,1.422683782
3010,48.0,1.423138369
3020,48.0,1.423768858
3030,47.0,1.42595765
3040,45.0,1.426461284
3050,46.0,1.426864614
3060,46.0,1.427518134
3070,46.0,1.428197844
3080,46.0,1.428635139
3090,46.0,1.429956254
3100,46.0,1.43026221
3110,48.0,1.430970885
3120,47.0,1.431732667
3130,47.0,1.433032041
3140,47.0,1.434377316
3150,47.0,1.435402987
3160,47.0,1.435980917
3170,47.0,1.437001848
3180,47.0,1.437700497
3190,48.0,1.438549104
3200,48.0,1.439173716
3210,48.0,1.439730709
3220,47.0,1.440655148
3230,47.0,1.441929891
3240,47.0,1.443161638
3250,47.0,1.444517941
3260,50.0,1.445070213
3270,50.0,1.445416955
3280,49.0,1.446916013
3290,50.0,1.447323111
3300,50.0,1.447799616
3310,50.0,1.448614793
3320,50.0,1.449924032
3330,51.0,1.451221485
3340,51.0,1.452586417
3350,51.0,1.453421132
3360,51.0,1.45393604
3370,50.0,1.454633638
3380,52.0,1.455301207
3390,53.0,1.455695522
3400,53.0,1.456035506
3410,52.0,1.45646977
3420,53.0,1.456838756
3430,53.0,1.457194622
3440,53.0,1.457496036
3450,53.0,1.45785833
3460,52.0,1.459103944
3470,53.0,1.459716069
3480,54.0,1.460784168
3490,52.0,1.461409624
3500,53.0,1.462207641
3510,53.0,1.463073848
3520,54.0,1.467030484
3530,54.0,1.475848412
3540,54.0,1.476168482
3550,54.0,1.480392783
3560,54.0,1.480961391
3570,54.0,1.481504375
3580,54.0,1.482324408
3590,54.0,1.48278086
3600,54.0,1.487123229
3610,54.0,1.487518239
3620,53.0,1.487963902
3630,53.0,1.488332993
3640,53.0,1.488878367
3650,53.0,1.489509128
3660,52.0,1.489930081
3670,52.0,1.490434566
3680,53.0,1.490931731
3690,52.0,1.491487871
3700,50.0,1.492219019
3710,50.0,1.492678689
3720,51.0,1.493146607
3730,51.0,1.493991302
3740,51.0,1.494695492
3750,51.0,1.495157748
3760,51.0,1.495531186
3770,51.0,1.496027791
3780,51.0,1.496514931
3790,52.0,1.497034441
3800,51.0,1.497457907
3810,51.0,1.497914129
3820,50.0,1.498366994
3830,49.0,1.499604308
3840,48.0,1.500320852
3850,50.0,1.501044827
3860,50.0,1.501964583
3870,51.0,1.502899629
3880,51.0,1.503625188
3890,53.0,1.504210971
3900,52.0,1.505284145
3910,56.0,1.506114529
3920,56.0,1.506718495
3930,55.0,1.507545287
3940,55.0,1.508063156
3950,55.0,1.509178831
3960,56.0,1.51001616
3970,56.0,1.510636092
3980,55.0,1.511291312
3990,54.0,1.51197686
4000,55.0,1.512699698
