iterations,fitness,time
0,22.0,0.013396975
10,20.0,0.03052811
20,22.0,0.050199473
30,22.0,0.086591072
40,22.0,0.328937129
50,23.0,0.330750952
60,23.0,0.33443228
70,26.0,0.336441399
80,27.0,0.338307058
90,27.0,0.340291266
100,28.0,0.341887748
110,27.0,0.344301938
120,27.0,0.346999482
130,29.0,0.376661845
140,30.0,0.381620491
150,37.0,0.383667177
160,38.0,0.386159426
170,34.0,0.389000751
180,34.0,0.391666627
190,34.0,0.39304256
200,35.0,0.394055542
210,38.0,0.39515983
220,37.0,0.396146743
230,40.0,0.397040468
240,39.0,0.397829826
250,44.0,0.399057975
260,39.0,0.399918719
270,38.0,0.400645054
280,38.0,0.401383065
290,38.0,0.402114582
300,38.0,0.42359146
310,38.0,0.425529003
320,38.0,0.427263292
330,42.0,0.428120376
340,43.0,0.430688754
350,43.0,0.433737438
360,45.0,0.454331825
370,45.0,0.456433603
380,45.0,0.457805166
390,45.0,0.459997102
400,46.0,0.4619128
410,46.0,0.463794837
420,47.0,0.465743286
430,46.0,0.467227826
440,46.0,0.468680949
450,46.0,0.470345551
460,45.0,0.472126477
470,46.0,0.474865903
480,46.0,0.476221847
490,46.0,0.477574759
500,46.0,0.479469257
510,46.0,0.48056829
520,46.0,0.481467411
530,46.0,0.482282846
540,46.0,0.483586598
550,47.0,0.484672349
560,46.0,0.485898365
570,46.0,0.48801689
580,47.0,0.489166712
590,48.0,0.490414665
600,47.0,0.49151546
610,46.0,0.547918619
620,46.0,0.549046154
630,45.0,0.551932921
640,45.0,0.554694939
650,45.0,0.557387873
660,45.0,0.566145839
670,45.0,0.567907821
680,45.0,0.569698941
690,45.0,0.571379891
700,45.0,0.573977223
710,44.0,0.57665593
720,44.0,0.579890342
730,45.0,0.582381495
740,45.0,0.585933765
750,44.0,0.588920101
760,44.0,0.591163852
770,43.0,0.593329047
780,43.0,0.59589558
790,44.0,0.59874986
800,45.0,0.59991845
810,43.0,0.602540284
820,44.0,0.605285321
830,42.0,0.607187082
840,43.0,0.609416085
850,43.0,0.611023989
860,44.0,0.612637441
870,42.0,0.614055243
880,41.0,0.616776226
890,42.0,0.618943143
900,41.0,0.620905531
910,41.0,0.62261568
920,41.0,0.624164407
930,42.0,0.625703354
940,43.0,0.627615714
950,44.0,0.629311134
960,44.0,0.631188171
970,45.0,0.633373184
980,45.0,0.635493077
990,46.0,0.637351347
1000,46.0,0.638848674
1010,47.0,0.640617212
1020,47.0,0.642069094
1030,47.0,0.69617444
1040,47.0,0.696988884
1050,47.0,0.69900138
1060,46.0,0.700594039
1070,46.0,0.701705972
1080,47.0,0.702467227
1090,47.0,0.703562153
1100,47.0,0.704556592
1110,47.0,0.705396985
1120,47.0,0.706132468
1130,47.0,0.706938516
1140,47.0,0.755868416
1150,47.0,0.757042986
1160,48.0,0.758595101
1170,47.0,0.759701078
1180,48.0,0.760545127
1190,48.0,0.76131517
1200,48.0,0.762176744
1210,48.0,0.763034158
1220,48.0,0.763913398
1230,51.0,0.765283525
1240,51.0,0.767452198
1250,52.0,0.770139034
1260,51.0,0.788970355
1270,52.0,0.795311994
1280,52.0,0.826238286
1290,55.0,0.840685038
1300,52.0,0.868617903
1310,52.0,0.870789075
1320,52.0,0.873222103
1330,52.0,0.874462616
1340,53.0,0.876871876
1350,51.0,0.879208003
1360,52.0,0.881180389
1370,51.0,0.883520037
1380,52.0,0.885928824
1390,52.0,0.887833218
1400,52.0,0.889396443
1410,52.0,0.890693028
1420,52.0,0.892915657
1430,52.0,0.894509862
1440,52.0,0.895854834
1450,53.0,0.897716541
1460,52.0,0.900425125
1470,51.0,0.902350538
1480,52.0,0.907470347
1490,52.0,0.911450943
1500,52.0,0.913990576
1510,52.0,0.915880357
1520,52.0,0.918897726
1530,52.0,0.920759261
1540,51.0,0.922336542
1550,51.0,0.924148452
1560,52.0,0.926251022
1570,53.0,0.973020179
1580,53.0,0.974091377
1590,52.0,0.976703836
1600,52.0,0.978000326
1610,52.0,0.979327654
1620,52.0,0.981437428
1630,53.0,0.983610209
1640,55.0,1.094096471
1650,54.0,1.095080674
1660,53.0,1.095953842
1670,53.0,1.096589811
1680,53.0,1.097091211
1690,54.0,1.097457906
1700,55.0,1.098088411
1710,54.0,1.098462931
1720,55.0,1.098887676
1730,55.0,1.100081301
1740,55.0,1.100510453
1750,54.0,1.100870428
1760,54.0,1.101644403
1770,54.0,1.102299965
1780,55.0,1.102919528
1790,55.0,1.103560629
1800,56.0,1.104020621
1810,55.0,1.104444184
1820,56.0,1.105030273
1830,56.0,1.105490978
1840,56.0,1.105919348
1850,56.0,1.106623314
1860,57.0,1.107114442
1870,57.0,1.107591079
1880,57.0,1.108399719
1890,56.0,1.109235228
1900,56.0,1.110082613
1910,57.0,1.110614018
1920,58.0,1.112091872
1930,57.0,1.113134663
1940,60.0,1.113562941
1950,57.0,1.114321244
1960,57.0,1.115881934
1970,57.0,1.116673267
1980,56.0,1.117876461
1990,56.0,1.119000821
2000,57.0,1.119968528
2010,56.0,1.121582988
2020,57.0,1.122584372
2030,56.0,1.12308063
2040,56.0,1.123569336
2050,57.0,1.123993712
2060,57.0,1.124898437
2070,58.0,1.125604101
2080,58.0,1.126199992
2090,58.0,1.127165785
2100,64.0,1.127707474
2110,64.0,1.128753156
2120,63.0,1.129589871
2130,58.0,1.129961014
2140,68.0,1.130428888
2150,64.0,1.130759582
2160,67.0,1.131618297
2170,64.0,1.132137615
2180,66.0,1.133713321
2190,65.0,1.135050225
2200,66.0,1.137002325
2210,66.0,1.139198327
2220,64.0,1.140019844
2230,63.0,1.140961269
2240,63.0,1.141590082
2250,63.0,1.142240363
2260,63.0,1.142622249
2270,64.0,1.143160308
2280,64.0,1.143949441
2290,64.0,1.144549842
2300,64.0,1.145362311
2310,64.0,1.146638803
2320,64.0,1.147331048
2330,64.0,1.148019219
2340,64.0,1.148681301
2350,64.0,1.14909913
2360,64.0,1.149491265
2370,65.0,1.15040284
2380,65.0,1.151258913
2390,64.0,1.151682022
2400,64.0,1.152023859
2410,64.0,1.152492195
2420,64.0,1.153212326
2430,64.0,1.153773807
2440,64.0,1.154156766
2450,65.0,1.154682973
2460,61.0,1.155370759
2470,61.0,1.156233889
2480,61.0,1.156722656
2490,61.0,1.157595271
2500,61.0,1.158177838
2510,60.0,1.159328773
2520,60.0,1.159889711
2530,61.0,1.160294393
2540,60.0,1.162032547
2550,61.0,1.165318397
2560,61.0,1.165762918
2570,61.0,1.166393703
2580,61.0,1.166774898
2590,61.0,1.167359282
2600,61.0,1.167912168
2610,61.0,1.16861966
2620,63.0,1.169130469
2630,62.0,1.169760052
2640,63.0,1.170220246
2650,63.0,1.170647693
2660,63.0,1.171178327
2670,63.0,1.171651538
2680,62.0,1.172228132
2690,62.0,1.172802727
2700,63.0,1.17321467
2710,61.0,1.173755412
2720,62.0,1.17440873
2730,63.0,1.175218548
2740,62.0,1.176110342
2750,65.0,1.176554177
2760,63.0,1.177179454
2770,63.0,1.178257017
2780,65.0,1.179356074
2790,66.0,1.182987515
2800,65.0,1.183604802
2810,64.0,1.184069999
2820,64.0,1.184450447
2830,65.0,1.184953637
2840,62.0,1.185369704
2850,62.0,1.186568004
2860,63.0,1.187360911
2870,62.0,1.188451158
2880,62.0,1.190981254
2890,62.0,1.191341568
2900,63.0,1.192084003
2910,61.0,1.192427537
2920,61.0,1.192753818
2930,61.0,1.193292483
2940,61.0,1.193896791
2950,62.0,1.194381123
2960,63.0,1.194909219
2970,63.0,1.196328696
2980,63.0,1.197185032
2990,64.0,1.198287955
3000,63.0,1.199027511
3010,63.0,1.199808229
3020,63.0,1.200499059
3030,63.0,1.202840632
3040,61.0,1.203566777
3050,60.0,1.20400661
3060,61.0,1.20577424
3070,59.0,1.206242775
3080,59.0,1.207317521
3090,59.0,1.207958367
3100,59.0,1.208605591
3110,59.0,1.209974689
3120,59.0,1.21076873
3130,59.0,1.212281685
3140,60.0,1.212752489
3150,60.0,1.213497631
3160,59.0,1.21492206
3170,60.0,1.216865845
3180,60.0,1.217523231
3190,60.0,1.218278384
3200,60.0,1.220450702
3210,60.0,1.220828858
3220,60.0,1.221541904
3230,60.0,1.222000253
3240,60.0,1.223323382
3250,60.0,1.224411872
3260,59.0,1.225499387
3270,59.0,1.226330884
3280,60.0,1.2365866
3290,59.0,1.237929402
3300,60.0,1.239291995
3310,61.0,1.240517486
3320,59.0,1.240935016
3330,59.0,1.241261992
3340,60.0,1.241608358
3350,60.0,1.242048374
3360,61.0,1.242402423
3370,60.0,1.242857756
3380,59.0,1.243327548
3390,60.0,1.243887814
3400,59.0,1.245620003
3410,59.0,1.246049995
3420,58.0,1.246684212
3430,58.0,1.247915412
3440,58.0,1.248721744
3450,60.0,1.249243033
3460,59.0,1.250038316
3470,60.0,1.251620466
3480,61.0,1.252307455
3490,60.0,1.253380915
3500,59.0,1.254839658
3510,60.0,1.255632757
3520,61.0,1.256922457
3530,60.0,1.258674869
3540,61.0,1.260616916
3550,60.0,1.261079086
3560,60.0,1.262201583
3570,60.0,1.262520794
3580,60.0,1.262824574
3590,60.0,1.263137164
3600,61.0,1.263453864
3610,61.0,1.263979105
3620,64.0,1.264712619
3630,63.0,1.265387468
3640,63.0,1.265854409
3650,64.0,1.26650476
3660,64.0,1.26701362
3670,65.0,1.267477188
3680,66.0,1.267799384
3690,65.0,1.268881535
3700,65.0,1.269672765
3710,62.0,1.270768126
3720,63.0,1.271371634
3730,62.0,1.271916956
3740,62.0,1.273217801
3750,63.0,1.273626878
3760,62.0,1.274152813
3770,62.0,1.274594656
3780,62.0,1.27510001
3790,62.0,1.276088455
3800,61.0,1.277443702
3810,61.0,1.278648543
3820,63.0,1.279658253
3830,63.0,1.350911093
3840,62.0,1.360143577
3850,63.0,1.360928333
3860,64.0,1.361563485
3870,64.0,1.362072367
3880,63.0,1.362991229
3890,64.0,1.364225564
3900,63.0,1.365229565
3910,64.0,1.365883606
3920,65.0,1.366399167
3930,65.0,1.367134081
3940,65.0,1.367893162
3950,65.0,1.368403926
3960,64.0,1.368986744
3970,65.0,1.370395514
3980,65.0,1.370937092
3990,65.0,1.372237079
4000,65.0,1.373202231
