iterations,fitness,time
0,21.0,0.007225994
10,21.0,0.015831034
20,24.0,0.02496797
30,24.0,0.031784398
40,25.0,0.035729467
50,26.0,0.049730378
60,27.0,0.095775031
70,25.0,0.201533026
80,26.0,0.264901261
90,26.0,0.453283977
100,26.0,0.455654659
110,26.0,0.457980087
120,26.0,0.459819063
130,28.0,0.462113028
140,28.0,0.464031597
150,28.0,0.466440541
160,28.0,0.469114945
170,28.0,0.471707002
180,30.0,0.473729102
190,30.0,0.507384414
200,29.0,0.508510274
210,28.0,0.50995205
220,28.0,0.511261086
230,29.0,0.512726147
240,29.0,0.514690336
250,29.0,0.516339149
260,29.0,0.519174154
270,29.0,0.522192963
280,29.0,0.526591535
290,30.0,0.529667796
300,31.0,0.551826384
310,31.0,0.553547274
320,31.0,0.55526254
330,32.0,0.557410117
340,34.0,0.559220813
350,34.0,0.561469886
360,33.0,0.563847143
370,33.0,0.565515667
380,32.0,0.568945714
390,32.0,0.571296488
400,32.0,0.572685665
410,32.0,0.574546847
420,32.0,0.576712625
430,32.0,0.579276493
440,32.0,0.581354806
450,33.0,0.637524079
460,32.0,0.650150837
470,33.0,0.651931045
480,33.0,0.677503097
490,34.0,0.686674901
500,33.0,0.689226902
510,33.0,0.690980275
520,33.0,0.692695404
530,33.0,0.693536315
540,35.0,0.694297951
550,34.0,0.695205282
560,35.0,0.697031712
570,35.0,0.699230433
580,35.0,0.701007368
590,35.0,0.7041051
600,35.0,0.706480325
610,35.0,0.710374108
620,35.0,0.713010499
630,36.0,0.715000611
640,35.0,0.717333943
650,36.0,0.72018136
660,38.0,0.721177692
670,37.0,0.722761006
680,38.0,0.724319526
690,36.0,0.725313603
700,37.0,0.726355618
710,37.0,0.727395474
720,37.0,0.728384361
730,37.0,0.729432102
740,38.0,0.730526797
750,37.0,0.731688974
760,37.0,0.733674199
770,38.0,0.734939195
780,38.0,0.73586271
790,38.0,0.736683735
800,40.0,0.737597418
810,40.0,0.7387464
820,38.0,0.741331164
830,38.0,0.743680977
840,39.0,0.745699547
850,38.0,0.747506058
860,38.0,0.749396846
870,39.0,0.751253277
880,39.0,0.752609977
890,39.0,0.819303702
900,39.0,0.826064621
910,40.0,0.829063996
920,41.0,0.843226776
930,39.0,0.846731856
940,41.0,0.849409723
950,40.0,0.851585417
960,42.0,0.853749209
970,44.0,0.856113831
980,44.0,0.858256315
990,44.0,0.859488317
1000,44.0,0.861294457
1010,45.0,0.862896134
1020,45.0,0.865426581
1030,45.0,0.86781816
1040,45.0,0.869627787
1050,45.0,0.870869637
1060,45.0,0.871972945
1070,44.0,0.873533443
1080,44.0,0.875513047
1090,44.0,0.87771452
1100,44.0,0.879924713
1110,44.0,0.881851864
1120,44.0,0.883975966
1130,51.0,0.886140054
1140,51.0,0.887799126
1150,51.0,0.889027991
1160,51.0,0.890930677
1170,51.0,0.893052675
1180,51.0,0.894953807
1190,51.0,0.896485029
1200,51.0,0.898245204
1210,51.0,0.900114543
1220,53.0,0.901841662
1230,53.0,0.903807797
1240,53.0,0.904693023
1250,54.0,0.906551629
1260,54.0,0.908321678
1270,54.0,0.909994384
1280,54.0,0.912456326
1290,53.0,0.914240665
1300,57.0,0.916187778
1310,53.0,0.917770646
1320,53.0,0.919712425
1330,54.0,0.921773183
1340,53.0,0.925580587
1350,54.0,0.926849954
1360,54.0,0.929546983
1370,54.0,0.930517852
1380,54.0,0.934835219
1390,57.0,0.937221839
1400,58.0,0.938694228
1410,58.0,0.939873853
1420,57.0,0.940853853
1430,58.0,0.942019053
1440,58.0,0.943928321
1450,58.0,0.945524777
1460,57.0,0.947288641
1470,58.0,0.948225041
1480,59.0,0.949252081
1490,57.0,0.951241955
1500,58.0,0.95647079
1510,57.0,0.962585483
1520,57.0,0.964647169
1530,58.0,0.966067765
1540,58.0,0.967750291
1550,58.0,0.96977724
1560,59.0,0.971266192
1570,59.0,0.972891234
1580,59.0,0.975135578
1590,59.0,0.977774101
1600,59.0,0.979746488
1610,59.0,1.015434452
1620,61.0,1.017171417
1630,61.0,1.018654826
1640,61.0,1.021510725
1650,60.0,1.024366202
1660,59.0,1.026981346
1670,60.0,1.028876095
1680,58.0,1.03073697
1690,57.0,1.032332171
1700,58.0,1.033586758
1710,58.0,1.034501342
1720,58.0,1.035826013
1730,58.0,1.115689872
1740,58.0,1.116058681
1750,58.0,1.116470623
1760,58.0,1.117024558
1770,59.0,1.117473594
1780,59.0,1.117904727
1790,59.0,1.118524189
1800,58.0,1.11895182
1810,58.0,1.119419364
1820,58.0,1.120185474
1830,58.0,1.12096692
1840,58.0,1.121583875
1850,59.0,1.122406543
1860,59.0,1.12297252
1870,59.0,1.123614773
1880,59.0,1.124186152
1890,59.0,1.124624246
1900,59.0,1.125215013
1910,59.0,1.126269586
1920,58.0,1.126892164
1930,58.0,1.127586505
1940,58.0,1.128030302
1950,57.0,1.128839472
1960,57.0,1.129915132
1970,57.0,1.131314967
1980,57.0,1.131944504
1990,58.0,1.132261067
2000,58.0,1.133005231
2010,58.0,1.133828724
2020,58.0,1.134171532
2030,57.0,1.134467815
2040,57.0,1.134763907
2050,58.0,1.135109247
2060,58.0,1.135539341
2070,57.0,1.136050105
2080,57.0,1.136907454
2090,57.0,1.1375433
2100,57.0,1.138060415
2110,60.0,1.138785551
2120,57.0,1.139635056
2130,57.0,1.140390427
2140,57.0,1.141056359
2150,57.0,1.14163891
2160,57.0,1.142489577
2170,57.0,1.142812817
2180,57.0,1.143720387
2190,56.0,1.144273482
2200,57.0,1.144701057
2210,57.0,1.145073227
2220,57.0,1.145550481
2230,57.0,1.14606225
2240,56.0,1.146589387
2250,56.0,1.147211876
2260,58.0,1.147626593
2270,57.0,1.149029967
2280,58.0,1.150365064
2290,57.0,1.15075742
2300,57.0,1.151316467
2310,57.0,1.153092733
2320,57.0,1.153435355
2330,57.0,1.153784816
2340,57.0,1.154276128
2350,57.0,1.154669696
2360,58.0,1.155021798
2370,58.0,1.155915609
2380,58.0,1.156612226
2390,58.0,1.157305621
2400,58.0,1.157713558
2410,57.0,1.158112817
2420,57.0,1.158756694
2430,58.0,1.15925925
2440,58.0,1.159775752
2450,58.0,1.16040545
2460,57.0,1.160748518
2470,58.0,1.161135306
2480,58.0,1.161666255
2490,58.0,1.162145077
2500,57.0,1.163039932
2510,58.0,1.163733052
2520,58.0,1.164214512
2530,58.0,1.164575012
2540,58.0,1.164940326
2550,58.0,1.165326317
2560,57.0,1.165971733
2570,57.0,1.16656338
2580,57.0,1.167506421
2590,57.0,1.167958632
2600,58.0,1.168634412
2610,62.0,1.169804317
2620,59.0,1.170171298
2630,59.0,1.170982964
2640,60.0,1.171376151
2650,59.0,1.171846679
2660,59.0,1.17231545
2670,59.0,1.172735653
2680,58.0,1.173218298
2690,58.0,1.174654315
2700,58.0,1.175299064
2710,58.0,1.175954838
2720,58.0,1.176400733
2730,58.0,1.176757131
2740,58.0,1.177125858
2750,59.0,1.177744156
2760,59.0,1.179391874
2770,59.0,1.180111132
2780,59.0,1.180991764
2790,59.0,1.182277087
2800,59.0,1.182909443
2810,59.0,1.183532476
2820,58.0,1.183981049
2830,58.0,1.184434018
2840,65.0,1.185146373
2850,65.0,1.18567269
2860,65.0,1.186110994
2870,65.0,1.186766929
2880,65.0,1.187278005
2890,65.0,1.187833392
2900,66.0,1.188401296
2910,66.0,1.188816714
2920,66.0,1.189158136
2930,66.0,1.189952887
2940,66.0,1.190410512
2950,65.0,1.190794898
2960,66.0,1.191412096
2970,65.0,1.192326742
2980,64.0,1.193337564
2990,65.0,1.194025331
3000,66.0,1.195721295
3010,66.0,1.196253
3020,65.0,1.196875949
3030,65.0,1.197887823
3040,65.0,1.198418091
3050,65.0,1.199009626
3060,65.0,1.199777416
3070,65.0,1.200264159
3080,66.0,1.201384647
3090,65.0,1.202163502
3100,65.0,1.203397039
3110,65.0,1.203845026
3120,65.0,1.204217604
3130,65.0,1.206061595
3140,66.0,1.206576996
3150,66.0,1.207007826
3160,67.0,1.207372045
3170,66.0,1.208044626
3180,66.0,1.208656096
3190,66.0,1.209003137
3200,67.0,1.209743591
3210,67.0,1.210179881
3220,67.0,1.210748672
3230,67.0,1.211086036
3240,66.0,1.211898822
3250,66.0,1.213120515
3260,67.0,1.213810434
3270,67.0,1.214529402
3280,67.0,1.215012652
3290,74.0,1.215516259
3300,66.0,1.215845518
3310,66.0,1.216335132
3320,66.0,1.216923692
3330,66.0,1.217235052
3340,65.0,1.217530727
3350,67.0,1.217827868
3360,66.0,1.218155154
3370,67.0,1.218465811
3380,67.0,1.218780148
3390,67.0,1.21911793
3400,67.0,1.219595546
3410,67.0,1.220218259
3420,66.0,1.221278509
3430,66.0,1.221805619
3440,66.0,1.222752671
3450,66.0,1.223798603
3460,66.0,1.22492989
3470,65.0,1.226157709
3480,66.0,1.227411136
3490,66.0,1.228072444
3500,66.0,1.22891376
3510,66.0,1.229729969
3520,66.0,1.232152421
3530,67.0,1.232506117
3540,67.0,1.234946466
3550,67.0,1.238204705
3560,67.0,1.238681176
3570,68.0,1.242469038
3580,67.0,1.243629839
3590,68.0,1.244814354
3600,68.0,1.24579199
3610,67.0,1.246752276
3620,67.0,1.247247211
3630,67.0,1.247641655
3640,68.0,1.249275135
3650,68.0,1.25028037
3660,68.0,1.251413078
3670,68.0,1.252749654
3680,68.0,1.253949929
3690,68.0,1.254864272
3700,67.0,1.255366281
3710,66.0,1.256221386
3720,66.0,1.257271562
3730,67.0,1.258387199
3740,66.0,1.259730886
3750,67.0,1.260522375
3760,67.0,1.261343795
3770,66.0,1.262174196
3780,66.0,1.26333665
3790,66.0,1.264371246
3800,66.0,1.265781686
3810,67.0,1.266267774
3820,68.0,1.266643771
3830,67.0,1.267801416
3840,67.0,1.26831793
3850,67.0,1.268806782
3860,67.0,1.26978347
3870,67.0,1.270341291
3880,67.0,1.27063595
3890,67.0,1.270896544
3900,67.0,1.271149305
3910,67.0,1.271409179
3920,68.0,1.271665283
3930,67.0,1.271913496
3940,68.0,1.309797252
3950,68.0,1.31044135
3960,69.0,1.311482668
3970,68.0,1.312183827
3980,69.0,1.318372178
3990,68.0,1.319468258
4000,68.0,1.320619591
