iterations,fitness,time
0,22.0,0.011407116
10,21.0,0.025187765
20,23.0,0.039177602
30,25.0,0.08293239
40,23.0,0.096932974
50,23.0,0.327010744
60,23.0,0.329514562
70,25.0,0.333158392
80,26.0,0.334757281
90,25.0,0.357327716
100,26.0,0.359657493
110,26.0,0.361481577
120,25.0,0.363426185
130,25.0,0.373951106
140,25.0,0.375776715
150,25.0,0.377572159
160,25.0,0.37911834
170,25.0,0.413225083
180,26.0,0.41966407
190,26.0,0.421649981
200,26.0,0.424169392
210,26.0,0.427537325
220,28.0,0.429936991
230,29.0,0.450950008
240,27.0,0.452878944
250,27.0,0.455212681
260,28.0,0.457156559
270,28.0,0.459158379
280,28.0,0.461141205
290,29.0,0.463362504
300,29.0,0.465597644
310,29.0,0.468263315
320,28.0,0.470303417
330,29.0,0.47268504
340,29.0,0.475427452
350,28.0,0.476555373
360,30.0,0.478713533
370,30.0,0.480011855
380,30.0,0.481737967
390,30.0,0.484474449
400,29.0,0.487024751
410,29.0,0.489377503
420,29.0,0.492042574
430,31.0,0.494750292
440,29.0,0.496309794
450,29.0,0.497912029
460,29.0,0.499384732
470,30.0,0.501159855
480,30.0,0.502924379
490,30.0,0.504143527
500,30.0,0.505917566
510,29.0,0.510619412
520,29.0,0.512371795
530,30.0,0.513685365
540,31.0,0.596266977
550,31.0,0.598735343
560,31.0,0.600150981
570,31.0,0.602500512
580,32.0,0.604905859
590,32.0,0.60607813
600,32.0,0.60801953
610,31.0,0.609703122
620,31.0,0.611564961
630,32.0,0.614389883
640,31.0,0.61656796
650,31.0,0.618828738
660,31.0,0.621532791
670,31.0,0.624152076
680,31.0,0.626543399
690,32.0,0.628909764
700,31.0,0.632022853
710,31.0,0.634125783
720,31.0,0.636173653
730,31.0,0.637270416
740,32.0,0.638850223
750,31.0,0.640343319
760,33.0,0.642325554
770,32.0,0.644730597
780,32.0,0.64642029
790,32.0,0.647431171
800,33.0,0.649046081
810,32.0,0.650814505
820,32.0,0.652502455
830,42.0,0.654414101
840,32.0,0.656663218
850,32.0,0.658409267
860,32.0,0.659788546
870,31.0,0.661025652
880,40.0,0.662209743
890,33.0,0.662997703
900,34.0,0.663834988
910,39.0,0.664583932
920,39.0,0.665342646
930,40.0,0.666053813
940,41.0,0.666766106
950,42.0,0.667497403
960,40.0,0.668318109
970,41.0,0.669210715
980,41.0,0.669994112
990,41.0,0.672806223
1000,41.0,0.676033009
1010,41.0,0.679051224
1020,41.0,0.681824272
1030,41.0,0.68330291
1040,41.0,0.687434333
1050,41.0,0.689263202
1060,42.0,0.692115586
1070,42.0,0.694164042
1080,43.0,0.695867295
1090,42.0,0.697559456
1100,42.0,0.699178667
1110,42.0,0.700626595
1120,42.0,0.702400824
1130,42.0,0.704803535
1140,41.0,0.706511001
1150,42.0,0.708924158
1160,43.0,0.710838939
1170,44.0,0.713334249
1180,42.0,0.715773299
1190,44.0,0.718260742
1200,45.0,0.71930822
1210,45.0,0.720024436
1220,45.0,0.726780708
1230,45.0,0.729022319
1240,46.0,0.731360697
1250,45.0,0.733708442
1260,45.0,0.736060001
1270,45.0,0.738146249
1280,46.0,0.740666537
1290,45.0,0.742784958
1300,45.0,0.744612906
1310,45.0,0.746021072
1320,45.0,0.748599034
1330,46.0,0.750733229
1340,45.0,0.752727033
1350,45.0,0.754268902
1360,45.0,0.755970439
1370,45.0,0.757735552
1380,45.0,0.75935203
1390,45.0,0.761309101
1400,46.0,0.815755424
1410,46.0,0.817664571
1420,47.0,0.820747167
1430,46.0,0.822729108
1440,46.0,0.82432825
1450,46.0,0.825570898
1460,48.0,0.826700753
1470,46.0,0.82783219
1480,46.0,0.829019427
1490,45.0,0.831033096
1500,45.0,0.832552604
1510,45.0,0.833859538
1520,46.0,0.8360301
1530,47.0,0.837352486
1540,47.0,0.838682056
1550,47.0,0.902029135
1560,46.0,0.903533655
1570,46.0,0.903939208
1580,46.0,0.904489478
1590,47.0,0.905065566
1600,47.0,0.907539806
1610,47.0,0.90905592
1620,49.0,0.910638652
1630,49.0,0.911188074
1640,47.0,0.91340838
1650,47.0,0.914104793
1660,46.0,0.91484325
1670,46.0,0.915193098
1680,45.0,0.916122672
1690,46.0,0.916510035
1700,46.0,0.917277988
1710,46.0,0.918173829
1720,46.0,0.918504903
1730,46.0,0.918844362
1740,47.0,0.919530546
1750,46.0,0.919920951
1760,46.0,0.920407321
1770,46.0,0.920821546
1780,46.0,0.921434424
1790,46.0,0.922564809
1800,47.0,0.923082792
1810,46.0,0.923591093
1820,46.0,0.924645259
1830,46.0,0.925400315
1840,45.0,0.926421219
1850,45.0,0.927433103
1860,45.0,0.928189284
1870,47.0,0.928477491
1880,46.0,0.928759983
1890,47.0,0.929078847
1900,47.0,0.929456543
1910,48.0,0.929762703
1920,47.0,0.930154121
1930,48.0,0.930770024
1940,47.0,0.931401278
1950,47.0,0.931999597
1960,48.0,0.932773856
1970,47.0,0.933171652
1980,47.0,0.933697355
1990,47.0,0.934103015
2000,47.0,0.934634034
2010,47.0,0.93499421
2020,47.0,0.935432808
2030,47.0,0.935902813
2040,48.0,0.936434704
2050,48.0,0.937003549
2060,47.0,0.937611092
2070,47.0,0.938070254
2080,47.0,0.938467012
2090,47.0,0.938969333
2100,47.0,0.939915964
2110,48.0,0.940492272
2120,48.0,0.941806016
2130,48.0,0.942186751
2140,48.0,0.942958836
2150,47.0,0.943768977
2160,47.0,0.944194625
2170,47.0,0.944814601
2180,47.0,0.945341006
2190,47.0,0.946360115
2200,47.0,0.946731354
2210,47.0,0.947213905
2220,48.0,0.947614999
2230,48.0,0.948010101
2240,48.0,0.948558626
2250,49.0,0.948914988
2260,48.0,0.949343909
2270,48.0,0.949672574
2280,48.0,0.95027661
2290,48.0,0.950573979
2300,49.0,0.951307607
2310,49.0,0.951684287
2320,49.0,0.952191108
2330,49.0,0.952647413
2340,50.0,0.952942169
2350,50.0,0.95334343
2360,49.0,0.95390669
2370,49.0,0.954601322
2380,50.0,0.955443578
2390,50.0,0.957119774
2400,50.0,0.957660838
2410,50.0,0.958186412
2420,50.0,0.958893682
2430,50.0,0.959315749
2440,51.0,0.959711672
2450,50.0,0.960236091
2460,51.0,0.960900797
2470,51.0,0.961364242
2480,51.0,0.962211833
2490,51.0,0.962602164
2500,51.0,0.963368397
2510,51.0,0.963923195
2520,52.0,0.964470913
2530,51.0,0.96501258
2540,51.0,0.965447187
2550,51.0,0.9659919
2560,52.0,0.96650667
2570,51.0,0.96704766
2580,51.0,0.967843547
2590,50.0,0.968325898
2600,51.0,0.968938044
2610,51.0,0.969266086
2620,50.0,0.969576296
2630,52.0,0.969882342
2640,53.0,0.970215655
2650,53.0,0.970620609
2660,53.0,0.971012208
2670,54.0,0.971433135
2680,54.0,0.972071381
2690,54.0,0.972880155
2700,54.0,0.973450661
2710,54.0,0.973757794
2720,53.0,0.974062573
2730,53.0,0.974361606
2740,54.0,0.974876424
2750,54.0,0.975673882
2760,53.0,0.976301954
2770,53.0,0.976840646
2780,53.0,0.977518247
2790,52.0,0.978101905
2800,53.0,0.978460057
2810,53.0,0.978752375
2820,52.0,0.979043329
2830,52.0,0.979393754
2840,52.0,0.979881849
2850,52.0,0.981507377
2860,54.0,0.982159883
2870,52.0,0.982477351
2880,52.0,0.982881952
2890,52.0,0.983181862
2900,52.0,0.98363698
2910,52.0,0.984293198
2920,52.0,0.985157407
2930,52.0,0.985485224
2940,53.0,0.986022328
2950,52.0,0.988496948
2960,52.0,0.990642102
2970,52.0,0.991173175
2980,52.0,0.99404406
2990,53.0,0.994489557
3000,52.0,0.994877088
3010,52.0,0.995239426
3020,52.0,0.995816513
3030,52.0,0.996341019
3040,51.0,0.997075724
3050,52.0,0.999051118
3060,52.0,0.999620453
3070,52.0,1.000781981
3080,52.0,1.002527002
3090,52.0,1.003254643
3100,52.0,1.004611743
3110,52.0,1.005201105
3120,52.0,1.006334357
3130,52.0,1.006824699
3140,52.0,1.007969333
3150,52.0,1.009251241
3160,53.0,1.01006852
3170,53.0,1.011089451
3180,52.0,1.01202905
3190,53.0,1.012595289
3200,53.0,1.013124361
3210,52.0,1.014669275
3220,54.0,1.016253816
3230,53.0,1.017659214
3240,54.0,1.018281953
3250,54.0,1.022860355
3260,55.0,1.023988224
3270,55.0,1.026098717
3280,55.0,1.028610087
3290,55.0,1.029662789
3300,56.0,1.030995211
3310,55.0,1.034824513
3320,55.0,1.035762117
3330,55.0,1.042218944
3340,53.0,1.043513078
3350,53.0,1.044935832
3360,54.0,1.046455485
3370,54.0,1.047692597
3380,54.0,1.048916902
3390,54.0,1.050424906
3400,54.0,1.05106215
3410,53.0,1.051914495
3420,53.0,1.052874065
3430,53.0,1.053296113
3440,53.0,1.054302717
3450,53.0,1.055499004
3460,53.0,1.056386716
3470,53.0,1.056891811
3480,53.0,1.057282266
3490,53.0,1.058248795
3500,53.0,1.058851301
3510,52.0,1.059292079
3520,53.0,1.059664455
3530,53.0,1.060228303
3540,52.0,1.060773902
3550,52.0,1.062205506
3560,52.0,1.062735937
3570,53.0,1.063502276
3580,53.0,1.064735526
3590,53.0,1.065768205
3600,54.0,1.107301737
3610,53.0,1.107641639
3620,53.0,1.108092281
3630,53.0,1.108596915
3640,53.0,1.10908541
3650,54.0,1.109717094
3660,53.0,1.110197829
3670,53.0,1.110640219
3680,53.0,1.110984727
3690,53.0,1.111458755
3700,53.0,1.112422191
3710,53.0,1.11307073
3720,53.0,1.11394501
3730,53.0,1.114407253
3740,53.0,1.115167839
3750,53.0,1.115984404
3760,53.0,1.117202068
3770,54.0,1.118764803
3780,53.0,1.120073711
3790,53.0,1.121123462
3800,54.0,1.122280292
3810,53.0,1.123410403
3820,53.0,1.125168695
3830,53.0,1.126147648
3840,53.0,1.126894227
3850,53.0,1.128089423
3860,53.0,1.128926005
3870,53.0,1.130045119
3880,54.0,1.13170261
3890,54.0,1.13290144
3900,53.0,1.13385091
3910,54.0,1.134646703
3920,54.0,1.135549183
3930,54.0,1.13687643
3940,54.0,1.137568417
3950,54.0,1.137934714
3960,54.0,1.138291556
3970,55.0,1.138638767
3980,55.0,1.138972463
3990,54.0,1.139323403
4000,55.0,1.139716813
