iterations,fitness,time
0,24.0,0.008275394
10,25.0,0.018448074
20,25.0,0.026966599
30,24.0,0.033224148
40,27.0,0.043098834
50,26.0,0.051653429
60,25.0,0.061839926
70,26.0,0.069414342
80,26.0,0.305233289
90,26.0,0.307731606
100,26.0,0.31048287
110,28.0,0.322746145
120,26.0,0.324917685
130,26.0,0.327013301
140,29.0,0.328545182
150,29.0,0.330060494
160,29.0,0.392562151
170,29.0,0.395673353
180,29.0,0.397965026
190,29.0,0.400274125
200,28.0,0.402223291
210,30.0,0.404153139
220,29.0,0.406305954
230,30.0,0.425933042
240,29.0,0.427423998
250,29.0,0.428480272
260,31.0,0.429627416
270,32.0,0.431055968
280,32.0,0.432216663
290,30.0,0.433432625
300,32.0,0.434506828
310,32.0,0.435667329
320,31.0,0.455813566
330,34.0,0.460962175
340,34.0,0.462070507
350,35.0,0.463163169
360,33.0,0.464208509
370,33.0,0.601746124
380,35.0,0.60417294
390,36.0,0.607196592
400,37.0,0.610062185
410,36.0,0.613220244
420,36.0,0.620278044
430,36.0,0.625453035
440,38.0,0.627169565
450,38.0,0.628670766
460,37.0,0.629960076
470,37.0,0.631364285
480,36.0,0.632391452
490,36.0,0.633866657
500,35.0,0.635807091
510,35.0,0.638237877
520,35.0,0.639740097
530,36.0,0.640628946
540,36.0,0.641605546
550,35.0,0.720370156
560,34.0,0.722613899
570,35.0,0.723832789
580,35.0,0.726668204
590,35.0,0.729261104
600,37.0,0.732048474
610,35.0,0.733409104
620,34.0,0.735591262
630,35.0,0.737927662
640,37.0,0.740647877
650,37.0,0.742163971
660,40.0,0.743538444
670,40.0,0.746368904
680,40.0,0.74895958
690,40.0,0.75103815
700,40.0,0.754326947
710,40.0,0.757398372
720,41.0,0.759168711
730,40.0,0.761613447
740,41.0,0.764591254
750,41.0,0.76866229
760,40.0,0.77006758
770,41.0,0.77149763
780,41.0,0.772400869
790,40.0,0.773483596
800,40.0,0.774888962
810,40.0,0.776780778
820,40.0,0.778674135
830,40.0,0.7807153
840,39.0,0.782275288
850,42.0,0.784186967
860,42.0,0.786264205
870,39.0,0.787931989
880,40.0,0.789477929
890,41.0,0.792212626
900,45.0,0.794278755
910,45.0,0.795819899
920,45.0,0.796556766
930,44.0,0.797510502
940,45.0,0.800569015
950,44.0,0.801640698
960,43.0,0.802985872
970,44.0,0.803992329
980,43.0,0.805383674
990,43.0,0.807004971
1000,44.0,0.808500642
1010,45.0,0.810689397
1020,45.0,0.812996849
1030,49.0,0.815327595
1040,47.0,0.81803275
1050,47.0,0.821207323
1060,45.0,0.823170916
1070,46.0,0.843643684
1080,47.0,0.847685465
1090,46.0,0.849660414
1100,47.0,0.853217516
1110,45.0,0.880663083
1120,44.0,0.882309406
1130,45.0,0.883303461
1140,45.0,0.885805265
1150,44.0,0.887496938
1160,44.0,0.888624832
1170,44.0,0.889746177
1180,44.0,0.891245098
1190,43.0,0.893091193
1200,44.0,0.918550386
1210,44.0,0.919612229
1220,45.0,0.920571359
1230,44.0,0.921568856
1240,45.0,0.924326051
1250,44.0,0.925240478
1260,44.0,0.925953553
1270,45.0,0.926618433
1280,45.0,0.927309469
1290,44.0,0.928034643
1300,44.0,0.928777144
1310,44.0,0.929514144
1320,44.0,0.930237881
1330,44.0,0.931112269
1340,44.0,0.954626274
1350,45.0,0.956634865
1360,45.0,0.960350954
1370,45.0,0.963771824
1380,44.0,0.965624463
1390,44.0,0.967312093
1400,43.0,0.969115091
1410,43.0,0.971076943
1420,42.0,0.972589568
1430,43.0,0.974210178
1440,44.0,1.21481559
1450,44.0,1.216175612
1460,43.0,1.217966295
1470,43.0,1.219299218
1480,43.0,1.220082896
1490,43.0,1.22079708
1500,43.0,1.222073477
1510,44.0,1.224383179
1520,43.0,1.225929331
1530,44.0,1.227371584
1540,44.0,1.228734318
1550,42.0,1.230239597
1560,42.0,1.231879514
1570,43.0,1.233340188
1580,43.0,1.234416953
1590,43.0,1.342300412
1600,43.0,1.342898542
1610,43.0,1.343267268
1620,42.0,1.343965728
1630,42.0,1.344468062
1640,43.0,1.344825811
1650,43.0,1.345234011
1660,44.0,1.34573618
1670,45.0,1.346106582
1680,45.0,1.346420611
1690,44.0,1.347063759
1700,44.0,1.34752434
1710,45.0,1.348123026
1720,46.0,1.348747883
1730,45.0,1.349100323
1740,45.0,1.349489473
1750,45.0,1.349943103
1760,45.0,1.3505898
1770,46.0,1.350982906
1780,46.0,1.351606108
1790,47.0,1.352011952
1800,45.0,1.352312161
1810,47.0,1.352677054
1820,45.0,1.353258852
1830,45.0,1.35356426
1840,45.0,1.353908533
1850,46.0,1.354174103
1860,46.0,1.354445234
1870,46.0,1.355637524
1880,46.0,1.356301481
1890,46.0,1.356582735
1900,46.0,1.357005811
1910,46.0,1.357727058
1920,47.0,1.358517573
1930,46.0,1.358967559
1940,46.0,1.359332322
1950,46.0,1.359693936
1960,47.0,1.359966599
1970,45.0,1.360364942
1980,45.0,1.360791375
1990,45.0,1.361895937
2000,46.0,1.362876381
2010,46.0,1.363356908
2020,46.0,1.363788823
2030,46.0,1.364063258
2040,47.0,1.3643471
2050,46.0,1.365092745
2060,47.0,1.365522204
2070,46.0,1.366216222
2080,47.0,1.366672752
2090,47.0,1.367058392
2100,46.0,1.367523051
2110,45.0,1.368017652
2120,46.0,1.368531927
2130,47.0,1.369128743
2140,47.0,1.369905896
2150,47.0,1.370241881
2160,47.0,1.370714084
2170,48.0,1.371126073
2180,48.0,1.372064858
2190,48.0,1.372312618
2200,48.0,1.372819459
2210,48.0,1.373148706
2220,48.0,1.373452733
2230,48.0,1.374146272
2240,48.0,1.375190101
2250,49.0,1.375749114
2260,49.0,1.376127311
2270,49.0,1.376622206
2280,49.0,1.377073124
2290,50.0,1.377521561
2300,50.0,1.377817531
2310,50.0,1.378185723
2320,49.0,1.378568904
2330,51.0,1.378887027
2340,51.0,1.379281833
2350,50.0,1.379635259
2360,51.0,1.379882733
2370,51.0,1.380169843
2380,50.0,1.380404696
2390,49.0,1.380656169
2400,49.0,1.381064193
2410,49.0,1.381494968
2420,49.0,1.381826261
2430,49.0,1.38211924
2440,48.0,1.38260453
2450,49.0,1.383354111
2460,49.0,1.384003372
2470,49.0,1.384328494
2480,48.0,1.384729489
2490,48.0,1.385256965
2500,49.0,1.386183631
2510,49.0,1.386472426
2520,48.0,1.386952634
2530,48.0,1.399031418
2540,48.0,1.399349046
2550,48.0,1.399677119
2560,48.0,1.400125948
2570,48.0,1.400426149
2580,48.0,1.400685359
2590,49.0,1.401130987
2600,49.0,1.401644066
2610,50.0,1.401916133
2620,50.0,1.40228282
2630,49.0,1.402606186
2640,49.0,1.40310315
2650,50.0,1.403596465
2660,49.0,1.404110286
2670,49.0,1.405277922
2680,49.0,1.405687655
2690,47.0,1.40599504
2700,48.0,1.406432036
2710,48.0,1.406862206
2720,48.0,1.407556423
2730,48.0,1.407888437
2740,48.0,1.408178584
2750,48.0,1.408623566
2760,48.0,1.408930375
2770,48.0,1.409262652
2780,49.0,1.409825723
2790,47.0,1.410159775
2800,46.0,1.410523256
2810,47.0,1.410932678
2820,47.0,1.411419865
2830,47.0,1.412323315
2840,47.0,1.412762483
2850,46.0,1.413102933
2860,47.0,1.413544729
2870,47.0,1.413897517
2880,47.0,1.414578449
2890,47.0,1.414858649
2900,46.0,1.41527845
2910,46.0,1.41560821
2920,46.0,1.415898412
2930,46.0,1.416322878
2940,46.0,1.41673641
2950,47.0,1.417167942
2960,47.0,1.417526358
2970,47.0,1.417957451
2980,47.0,1.418732407
2990,47.0,1.419353063
3000,47.0,1.41978146
3010,47.0,1.420100607
3020,46.0,1.420439979
3030,47.0,1.420758746
3040,47.0,1.421210191
3050,47.0,1.421626246
3060,47.0,1.421968254
3070,47.0,1.422583415
3080,47.0,1.423967282
3090,47.0,1.424454021
3100,47.0,1.424827325
3110,47.0,1.42518397
3120,47.0,1.425448018
3130,47.0,1.425720118
3140,47.0,1.426005142
3150,47.0,1.426259087
3160,47.0,1.426523999
3170,47.0,1.42678498
3180,47.0,1.428835564
3190,47.0,1.429182745
3200,47.0,1.429529416
3210,47.0,1.429824065
3220,47.0,1.430128667
3230,47.0,1.430353045
3240,47.0,1.430591728
3250,48.0,1.430875153
3260,48.0,1.431217892
3270,48.0,1.431550654
3280,48.0,1.431801495
3290,47.0,1.432016109
3300,48.0,1.432236323
3310,47.0,1.43254171
3320,47.0,1.43278619
3330,47.0,1.433007303
3340,48.0,1.440586632
3350,48.0,1.440850248
3360,48.0,1.441274617
3370,48.0,1.441606907
3380,48.0,1.441934644
3390,48.0,1.442167533
3400,48.0,1.4424093
3410,47.0,1.442735319
3420,47.0,1.443120388
3430,47.0,1.443468569
3440,47.0,1.443877271
3450,47.0,1.444202316
3460,47.0,1.444512223
3470,46.0,1.444742935
3480,46.0,1.444987309
3490,46.0,1.445302228
3500,45.0,1.445537703
3510,47.0,1.445780924
3520,47.0,1.44601447
3530,47.0,1.446321915
3540,47.0,1.473374488
3550,49.0,1.473740332
3560,48.0,1.474212389
3570,48.0,1.474449779
3580,50.0,1.474676358
3590,50.0,1.474902465
3600,50.0,1.475125673
3610,50.0,1.475355568
3620,50.0,1.475809333
3630,50.0,1.476459616
3640,50.0,1.476869784
3650,50.0,1.477192987
3660,50.0,1.477516269
3670,50.0,1.477838941
3680,50.0,1.478105636
3690,50.0,1.478493582
3700,50.0,1.478934981
3710,50.0,1.479202641
3720,51.0,1.479462309
3730,51.0,1.479702643
3740,50.0,1.480076283
3750,51.0,1.480566481
3760,51.0,1.480971105
3770,52.0,1.481281889
3780,52.0,1.492527263
3790,52.0,1.496140896
3800,51.0,1.499238718
3810,51.0,1.50262451
3820,51.0,1.503062837
3830,51.0,1.50376682
3840,51.0,1.505856178
3850,51.0,1.512600586
3860,51.0,1.514637086
3870,51.0,1.515442019
3880,52.0,1.516053908
3890,54.0,1.518794993
3900,52.0,1.519647693
3910,51.0,1.520667618
3920,52.0,1.521517132
3930,52.0,1.521814116
3940,52.0,1.522544664
3950,52.0,1.523018937
3960,53.0,1.523452316
3970,52.0,1.524048621
3980,53.0,1.524805898
3990,54.0,1.527429607
4000,60.0,1.527923514
