iterations,fitness,time
0,20.0,0.004243231
10,20.0,0.007848005
20,20.0,0.011593732
30,21.0,0.016607954
40,21.0,0.023216336
50,21.0,0.03027224
60,21.0,0.040970398
70,21.0,0.047583855
80,21.0,0.051778744
90,21.0,0.061317787
100,21.0,0.117358106
110,21.0,0.13761702
120,21.0,0.234228772
130,21.0,0.254336172
140,21.0,0.492285827
150,22.0,0.49490608
160,22.0,0.497680355
170,27.0,0.499895906
180,33.0,0.503019305
190,33.0,0.504988399
200,33.0,0.507261731
210,34.0,0.510058051
220,34.0,0.512313458
230,34.0,0.51482433
240,34.0,0.517247726
250,35.0,0.52044202
260,36.0,0.522787146
270,35.0,0.52594612
280,35.0,0.529351497
290,34.0,0.533141683
300,35.0,0.535567882
310,34.0,0.538275094
320,35.0,0.541185754
330,35.0,0.543907171
340,35.0,0.578700129
350,36.0,0.582032286
360,36.0,0.586651873
370,36.0,0.591234519
380,36.0,0.592210877
390,36.0,0.593367526
400,37.0,0.594137796
410,36.0,0.595500438
420,37.0,0.601486604
430,37.0,0.604636211
440,36.0,0.60657675
450,37.0,0.610363962
460,37.0,0.734968674
470,37.0,0.737574913
480,37.0,0.773326451
490,37.0,0.787414184
500,37.0,0.788180037
510,37.0,0.788865808
520,37.0,0.789737789
530,36.0,0.790411771
540,36.0,0.791052266
550,36.0,0.791684711
560,37.0,0.793054901
570,36.0,0.793704867
580,37.0,0.7944097
590,37.0,0.795177205
600,36.0,0.795850276
610,36.0,0.796547719
620,36.0,0.79728013
630,37.0,0.798683722
640,37.0,0.799818648
650,37.0,0.800589768
660,37.0,0.80130044
670,37.0,0.801984299
680,37.0,0.802654889
690,37.0,0.803433726
700,38.0,0.804257876
710,38.0,0.806312426
720,39.0,0.809458192
730,39.0,0.811685964
740,39.0,0.813636601
750,39.0,0.815454403
760,38.0,0.817243919
770,38.0,0.818822485
780,38.0,0.820273116
790,38.0,0.822606602
800,38.0,0.824516922
810,38.0,0.82658352
820,39.0,0.82767386
830,40.0,0.829646818
840,39.0,0.832055734
850,40.0,0.839041651
860,40.0,0.842125766
870,39.0,0.844400625
880,40.0,0.847655322
890,39.0,0.850816699
900,40.0,0.852282645
910,40.0,0.853988585
920,40.0,0.856400201
930,40.0,0.859650553
940,39.0,0.861913655
950,39.0,0.863657164
960,40.0,0.867300582
970,39.0,1.154781753
980,39.0,1.155629639
990,39.0,1.156676462
1000,40.0,1.158114105
1010,39.0,1.159189216
1020,39.0,1.159950584
1030,40.0,1.160703821
1040,40.0,1.162034948
1050,40.0,1.162714522
1060,40.0,1.163389449
1070,40.0,1.164038843
1080,40.0,1.164762648
1090,40.0,1.165410244
1100,40.0,1.1660773
1110,41.0,1.166875324
1120,40.0,1.167571534
1130,40.0,1.168290831
1140,44.0,1.168954538
1150,44.0,1.17418151
1160,42.0,1.17489473
1170,40.0,1.175618458
1180,40.0,1.176467023
1190,41.0,1.177321965
1200,41.0,1.178158441
1210,41.0,1.179455484
1220,42.0,1.180352177
1230,40.0,1.181395657
1240,40.0,1.245187205
1250,40.0,1.247346932
1260,40.0,1.249336688
1270,41.0,1.25169999
1280,40.0,1.256480522
1290,40.0,1.259366381
1300,40.0,1.26084244
1310,41.0,1.263881379
1320,41.0,1.266008691
1330,41.0,1.267759716
1340,41.0,1.269387175
1350,41.0,1.270650333
1360,41.0,1.271676349
1370,41.0,1.272647022
1380,41.0,1.273599576
1390,41.0,1.274611266
1400,42.0,1.275717795
1410,42.0,1.276808307
1420,41.0,1.343846227
1430,42.0,1.345440029
1440,42.0,1.346617781
1450,42.0,1.347661969
1460,42.0,1.348904159
1470,42.0,1.350152767
1480,42.0,1.350888297
1490,42.0,1.351543299
1500,42.0,1.352194477
1510,42.0,1.352988844
1520,42.0,1.353631759
1530,43.0,1.354338896
1540,42.0,1.354994652
1550,42.0,1.355715938
1560,41.0,1.356352444
1570,41.0,1.357274421
1580,42.0,1.373053596
1590,42.0,1.373859317
1600,42.0,1.374509226
1610,42.0,1.375331644
1620,42.0,1.375992282
1630,43.0,1.376793714
1640,43.0,1.37745518
1650,42.0,1.378143297
1660,42.0,1.378763413
1670,42.0,1.379437235
1680,42.0,1.410325404
1690,42.0,1.41106183
1700,42.0,1.41175631
1710,41.0,1.413255849
1720,41.0,1.414850828
1730,42.0,1.418818851
1740,42.0,1.427347724
1750,42.0,1.4281735
1760,42.0,1.429524189
1770,42.0,1.453559941
1780,43.0,1.455746862
1790,43.0,1.457561307
1800,43.0,1.459864818
1810,43.0,1.461477901
1820,43.0,1.463056939
1830,44.0,1.465351857
1840,44.0,1.468137689
1850,43.0,1.469744344
1860,44.0,1.472166656
1870,44.0,1.473299231
1880,43.0,1.475512372
1890,43.0,1.477638424
1900,43.0,1.480483312
1910,43.0,1.482204958
1920,43.0,1.484118647
1930,43.0,1.485947134
1940,43.0,1.486594695
1950,44.0,1.488174527
1960,43.0,1.490942291
1970,43.0,1.635548043
1980,43.0,1.63899722
1990,44.0,1.639411793
2000,44.0,1.639918206
2010,44.0,1.640387019
2020,44.0,1.640907394
2030,44.0,1.641449199
2040,45.0,1.641748462
2050,44.0,1.642034919
2060,45.0,1.642289868
2070,45.0,1.642592544
2080,45.0,1.64284973
2090,45.0,1.643135984
2100,44.0,1.643546398
2110,44.0,1.643940066
2120,44.0,1.644518648
2130,44.0,1.645026631
2140,44.0,1.645502273
2150,43.0,1.645915974
2160,44.0,1.646198641
2170,44.0,1.646480911
2180,45.0,1.646750397
2190,44.0,1.647028773
2200,44.0,1.647287486
2210,45.0,1.647757421
2220,45.0,1.648068764
2230,46.0,1.648405815
2240,45.0,1.648700676
2250,44.0,1.649153414
2260,44.0,1.649456719
2270,45.0,1.649753163
2280,45.0,1.650081336
2290,45.0,1.650690744
2300,45.0,1.651919442
2310,46.0,1.652875963
2320,46.0,1.653274003
2330,46.0,1.653811522
2340,46.0,1.654404891
2350,46.0,1.655094409
2360,46.0,1.655437587
2370,45.0,1.655836273
2380,45.0,1.656211079
2390,46.0,1.656445797
2400,45.0,1.656891882
2410,45.0,1.657465715
2420,46.0,1.65808816
2430,45.0,1.658659484
2440,45.0,1.659721463
2450,46.0,1.660272314
2460,46.0,1.660861685
2470,45.0,1.661604858
2480,46.0,1.66209017
2490,48.0,1.662638028
2500,48.0,1.662919511
2510,46.0,1.66349113
2520,46.0,1.663830694
2530,46.0,1.664172631
2540,46.0,1.664706744
2550,46.0,1.66539933
2560,46.0,1.665718148
2570,46.0,1.66612238
2580,46.0,1.666583994
2590,46.0,1.667035511
2600,49.0,1.667682819
2610,48.0,1.668196974
2620,48.0,1.66848261
2630,47.0,1.668827014
2640,47.0,1.669225298
2650,47.0,1.669578959
2660,47.0,1.669865035
2670,47.0,1.670198833
2680,47.0,1.670633636
2690,47.0,1.671024587
2700,47.0,1.671501904
2710,47.0,1.672022364
2720,47.0,1.672624292
2730,47.0,1.673133298
2740,48.0,1.674287649
2750,49.0,1.674685031
2760,48.0,1.675292483
2770,49.0,1.675775248
2780,49.0,1.676082565
2790,50.0,1.67717058
2800,49.0,1.677609687
2810,49.0,1.677943053
2820,49.0,1.678334088
2830,49.0,1.678642846
2840,50.0,1.679150252
2850,49.0,1.679533103
2860,49.0,1.680198443
2870,49.0,1.680567646
2880,48.0,1.68121185
2890,49.0,1.681893473
2900,48.0,1.682510595
2910,49.0,1.682814198
2920,48.0,1.683360075
2930,48.0,1.68447717
2940,48.0,1.685971074
2950,49.0,1.686269368
2960,49.0,1.686699733
2970,48.0,1.686980818
2980,47.0,1.687236817
2990,47.0,1.687635894
3000,48.0,1.687974005
3010,48.0,1.68850663
3020,49.0,1.688999942
3030,48.0,1.689752214
3040,49.0,1.690848364
3050,49.0,1.691998016
3060,48.0,1.693047945
3070,49.0,1.693955646
3080,48.0,1.694979706
3090,48.0,1.695266876
3100,49.0,1.695804192
3110,48.0,1.696515739
3120,48.0,1.697441968
3130,49.0,1.697838887
3140,49.0,1.698416312
3150,50.0,1.699138194
3160,50.0,1.699386775
3170,49.0,1.700123474
3180,49.0,1.700719555
3190,49.0,1.701136297
3200,50.0,1.701571727
3210,49.0,1.701868761
3220,49.0,1.702426996
3230,50.0,1.703105566
3240,50.0,1.70352105
3250,49.0,1.703796474
3260,50.0,1.704326946
3270,49.0,1.704672374
3280,50.0,1.705245203
3290,50.0,1.705770127
3300,50.0,1.706232689
3310,50.0,1.706463777
3320,49.0,1.70674529
3330,49.0,1.707196477
3340,49.0,1.707593958
3350,49.0,1.70951788
3360,49.0,1.710458673
3370,50.0,1.710865333
3380,49.0,1.711152692
3390,51.0,1.71145096
3400,51.0,1.71266135
3410,50.0,1.713055278
3420,50.0,1.714106823
3430,48.0,1.714781009
3440,48.0,1.715206732
3450,48.0,1.715519781
3460,48.0,1.716002975
3470,48.0,1.716581164
3480,49.0,1.717353867
3490,48.0,1.717821737
3500,48.0,1.71809891
3510,50.0,1.718436203
3520,50.0,1.719644361
3530,51.0,1.720211379
3540,50.0,1.721032012
3550,51.0,1.721590933
3560,50.0,1.721981954
3570,50.0,1.722682836
3580,50.0,1.723054875
3590,50.0,1.723354707
3600,50.0,1.723899234
3610,51.0,1.724480269
3620,50.0,1.725287088
3630,50.0,1.726223689
3640,51.0,1.726789202
3650,50.0,1.727814375
3660,50.0,1.728882397
3670,51.0,1.729996004
3680,50.0,1.730837483
3690,51.0,1.731752863
3700,51.0,1.732024927
3710,50.0,1.732368221
3720,50.0,1.732665119
3730,50.0,1.73300325
3740,51.0,1.733342393
3750,51.0,1.733764081
3760,51.0,1.734241675
3770,48.0,1.734556399
3780,48.0,1.735078597
3790,49.0,1.736618546
3800,50.0,1.736941631
3810,50.0,1.737710078
3820,49.0,1.737997879
3830,50.0,1.738451032
3840,50.0,1.739178168
3850,50.0,1.739735522
3860,49.0,1.740044309
3870,48.0,1.740390102
3880,48.0,1.740726057
3890,49.0,1.741512188
3900,49.0,1.742028581
3910,49.0,1.742583259
3920,48.0,1.743459062
3930,48.0,1.74467349
3940,48.0,1.746062031
3950,48.0,1.747302959
3960,48.0,1.74797771
3970,50.0,1.748478711
3980,50.0,1.748793459
3990,50.0,1.749187133
4000,51.0,1.749636417
