iterations,fitness,time
0,16.0,3.87019999999e-05
10,16.0,7.6744e-05
20,20.0,0.000112594
30,20.0,0.000153941
40,21.0,0.000197781
50,21.0,0.000243554
60,21.0,0.000284358
70,21.0,0.000325794
80,21.0,0.000365064
90,21.0,0.000411541
100,21.0,0.00045223
110,22.0,0.000495432
120,24.0,0.000531678
130,24.0,0.000568862
140,24.0,0.000607932
150,24.0,0.00065212
160,24.0,0.000701737
170,24.0,0.000748059
180,24.0,0.000789041
190,24.0,0.00082832
200,24.0,0.000863636
210,24.0,0.00090365
220,24.0,0.000945867
230,24.0,0.000980925
240,24.0,0.00101476
250,24.0,0.001054816
260,24.0,0.001093699
270,24.0,0.001149945
280,24.0,0.0011938
290,24.0,0.00123641
300,24.0,0.001289267
310,24.0,0.001334779
320,24.0,0.001384429
330,24.0,0.001438921
340,24.0,0.001488008
350,24.0,0.001533727
360,24.0,0.001578261
370,24.0,0.001630832
380,24.0,0.00166416
390,24.0,0.001723765
400,24.0,0.001764398
410,24.0,0.001804125
420,24.0,0.001837191
430,24.0,0.001884074
440,24.0,0.0019203
450,24.0,0.001970028
460,24.0,0.002005924
470,24.0,0.002046622
480,25.0,0.002088796
490,25.0,0.002127636
500,25.0,0.002164587
510,25.0,0.00220184
520,25.0,0.002240183
530,25.0,0.002278913
540,25.0,0.002836488
550,25.0,0.003211356
560,25.0,0.003243867
570,25.0,0.0032738
580,26.0,0.003318231
590,27.0,0.003372675
600,27.0,0.003398662
610,28.0,0.003425833
620,28.0,0.003480726
630,28.0,0.003533302
640,29.0,0.003579679
650,30.0,0.003629864
660,30.0,0.003667693
670,30.0,0.003717196
680,31.0,0.003765476
690,31.0,0.003847936
700,31.0,0.003903841
710,31.0,0.003939324
720,31.0,0.004017912
730,33.0,0.0040906
740,33.0,0.004172279
750,34.0,0.004244777
760,34.0,0.004280957
770,34.0,0.004315359
780,34.0,0.004360245
790,34.0,0.004388068
800,34.0,0.004418273
810,34.0,0.004438621
820,35.0,0.004471123
830,35.0,0.004536685
840,35.0,0.004579869
850,35.0,0.004631105
860,35.0,0.004666977
870,35.0,0.004723813
880,35.0,0.004755571
890,38.0,0.004780655
900,38.0,0.004803978
910,38.0,0.004830467
920,38.0,0.004894452
930,38.0,0.004921289
940,38.0,0.004953173
950,38.0,0.004979856
960,40.0,0.005030585
970,40.0,0.005078122
980,41.0,0.005101716
990,41.0,0.005147283
1000,41.0,0.005184473
1010,41.0,0.005213603
1020,41.0,0.005237134
1030,41.0,0.005296443
1040,41.0,0.005336137
1050,41.0,0.005377653
1060,41.0,0.005402521
1070,41.0,0.005426154
1080,44.0,0.005451002
1090,47.0,0.005481833
1100,47.0,0.005506852
1110,47.0,0.005553167
1120,47.0,0.005606409
1130,47.0,0.005631699
1140,47.0,0.005664573
1150,47.0,0.005686916
1160,47.0,0.005728668
1170,47.0,0.005788131
1180,47.0,0.005813155
1190,47.0,0.005835123
1200,47.0,0.005886123
1210,47.0,0.005932446
1220,47.0,0.005976765
1230,47.0,0.006049605
1240,47.0,0.006078149
1250,47.0,0.006131188
1260,47.0,0.006156579
1270,47.0,0.006180224
1280,47.0,0.006199442
1290,47.0,0.006226994
1300,47.0,0.006283201
1310,47.0,0.006326361
1320,47.0,0.006365071
1330,47.0,0.006393311
1340,47.0,0.006442019
1350,47.0,0.006486816
1360,47.0,0.006530801
1370,47.0,0.006585524
1380,47.0,0.006625935
1390,47.0,0.00668108
1400,48.0,0.006758988
1410,48.0,0.006805766
1420,48.0,0.006853007
1430,48.0,0.006914009
1440,48.0,0.006958022
1450,48.0,0.00700195
1460,48.0,0.00704523
1470,48.0,0.007079298
1480,48.0,0.007118757
1490,48.0,0.007162966
1500,48.0,0.007193897
1510,48.0,0.007218456
1520,48.0,0.007246701
1530,48.0,0.007278349
1540,48.0,0.007300046
1550,49.0,0.007345848
1560,49.0,0.007376325
1570,50.0,0.007398345
1580,50.0,0.007457635
1590,50.0,0.007508637
1600,50.0,0.007590606
1610,51.0,0.007649449
1620,57.0,0.007719296
1630,57.0,0.007793074
1640,57.0,0.007866898
1650,57.0,0.007922577
1660,57.0,0.007984643
1670,57.0,0.008035643
1680,57.0,0.008097665
1690,57.0,0.008124853
1700,57.0,0.008146751
1710,57.0,0.008170023
1720,57.0,0.008192019
1730,57.0,0.008216218
1740,57.0,0.00824883
1750,57.0,0.008281542
1760,57.0,0.008336845
1770,57.0,0.008379502
1780,57.0,0.008407857
1790,57.0,0.008466075
1800,57.0,0.008505811
1810,57.0,0.008560967
1820,57.0,0.008593945
1830,57.0,0.008645077
1840,57.0,0.008704443
1850,57.0,0.008771313
1860,57.0,0.008818091
1870,57.0,0.008877145
1880,57.0,0.00892232
1890,57.0,0.008965082
1900,57.0,0.009001625
1910,57.0,0.009025597
1920,57.0,0.009067819
1930,57.0,0.009112216
1940,57.0,0.009151955
1950,57.0,0.009198968
1960,57.0,0.009232568
1970,57.0,0.009265549
1980,57.0,0.009326844
1990,57.0,0.009356425
2000,57.0,0.00937631399999
2010,57.0,0.00942169499999
2020,58.0,0.00947376199999
2030,58.0,0.00951907699999
2040,58.0,0.00956805299999
2050,58.0,0.00960310599999
2060,58.0,0.00964016999999
2070,58.0,0.00969920099999
2080,58.0,0.00976998899999
2090,58.0,0.00980696299999
2100,58.0,0.00985211099999
2110,58.0,0.00989996699999
2120,58.0,0.00992730399999
2130,58.0,0.00996347299999
2140,58.0,0.010006224
2150,58.0,0.010041887
2160,58.0,0.010070004
2170,58.0,0.010108667
2180,58.0,0.010167951
2190,58.0,0.010219206
2200,59.0,0.010260523
2210,59.0,0.01028813
2220,59.0,0.010321152
2230,59.0,0.010349288
2240,59.0,0.010378355
2250,59.0,0.0104463
2260,59.0,0.010473064
2270,59.0,0.010541475
2280,59.0,0.010571289
2290,59.0,0.010599954
2300,59.0,0.010641116
2310,59.0,0.010677914
2320,59.0,0.010716444
2330,59.0,0.010752345
2340,59.0,0.01079056
2350,60.0,0.010827508
2360,60.0,0.01087791
2370,60.0,0.01091836
2380,60.0,0.010977298
2390,60.0,0.011015111
2400,60.0,0.011089347
2410,60.0,0.011119447
2420,60.0,0.011149081
2430,60.0,0.011182773
2440,60.0,0.011230052
2450,60.0,0.011265399
2460,60.0,0.011319665
2470,60.0,0.011375016
2480,60.0,0.011423036
2490,60.0,0.011461688
2500,60.0,0.011487477
2510,60.0,0.011547636
2520,60.0,0.011574046
2530,60.0,0.011593064
2540,61.0,0.011615738
2550,61.0,0.011645508
2560,61.0,0.011679248
2570,61.0,0.011796376
2580,61.0,0.011830141
2590,61.0,0.011869108
2600,61.0,0.01189121
2610,61.0,0.011913267
2620,61.0,0.011936389
2630,61.0,0.011956629
2640,61.0,0.011985279
2650,61.0,0.012006057
2660,61.0,0.01202573
2670,61.0,0.012044983
2680,61.0,0.012062922
2690,61.0,0.012084977
2700,61.0,0.012103769
2710,61.0,0.012123109
2720,61.0,0.012142467
2730,61.0,0.012160352
2740,61.0,0.012178202
2750,61.0,0.012196983
2760,61.0,0.012215867
2770,61.0,0.012233409
2780,61.0,0.012250528
2790,61.0,0.012269756
2800,61.0,0.012289345
2810,61.0,0.012309633
2820,61.0,0.012329979
2830,61.0,0.012349555
2840,61.0,0.012394555
2850,61.0,0.012435886
2860,61.0,0.012494402
2870,61.0,0.012544941
2880,61.0,0.0126006
2890,61.0,0.012657638
2900,61.0,0.012709278
2910,61.0,0.01275637
2920,61.0,0.012804116
2930,61.0,0.012858264
2940,61.0,0.012883362
2950,61.0,0.012942442
2960,61.0,0.01296697
2970,61.0,0.012992158
2980,61.0,0.013011074
2990,61.0,0.013062414
3000,61.0,0.013107643
3010,61.0,0.013157287
3020,61.0,0.013180103
3030,61.0,0.013199745
3040,61.0,0.013219861
3050,61.0,0.013238486
3060,61.0,0.013256579
3070,61.0,0.013273829
3080,61.0,0.01329184
3090,61.0,0.013312285
3100,62.0,0.013332302
3110,62.0,0.013350272
3120,62.0,0.01349898
3130,62.0,0.01357747
3140,62.0,0.0135946
3150,63.0,0.013614382
3160,63.0,0.013631106
3170,64.0,0.013647959
3180,64.0,0.013767999
3190,65.0,0.013786147
3200,65.0,0.013805726
3210,65.0,0.01382507
3220,66.0,0.013851529
3230,67.0,0.013870396
3240,67.0,0.013895105
3250,68.0,0.013932438
3260,68.0,0.013950877
3270,68.0,0.013970973
3280,68.0,0.013992927
3290,68.0,0.014011742
3300,68.0,0.014031093
3310,68.0,0.014049785
3320,68.0,0.014076292
3330,68.0,0.014096578
3340,68.0,0.014115273
3350,68.0,0.014134241
3360,68.0,0.014155085
3370,68.0,0.014173377
3380,68.0,0.014197798
3390,68.0,0.014220106
3400,69.0,0.014239841
3410,69.0,0.014277704
3420,69.0,0.01429743
3430,70.0,0.014319209
3440,73.0,0.014342149
3450,73.0,0.014367854
3460,73.0,0.01505726
3470,73.0,0.015080274
3480,73.0,0.015097767
3490,73.0,0.015117438
3500,73.0,0.01513756
3510,73.0,0.015156326
3520,73.0,0.015194608
3530,73.0,0.015227969
3540,73.0,0.015247472
3550,73.0,0.015273944
3560,73.0,0.015295554
3570,73.0,0.015314023
3580,73.0,0.015334763
3590,73.0,0.015352577
3600,73.0,0.015382486
3610,73.0,0.015401979
3620,73.0,0.015422674
3630,73.0,0.015443938
3640,73.0,0.01546295
3650,74.0,0.015480408
3660,74.0,0.015499039
3670,74.0,0.01552896
3680,74.0,0.015549116
3690,74.0,0.015568999
3700,75.0,0.015594972
3710,75.0,0.015613871
3720,76.0,0.015635796
3730,76.0,0.015661257
3740,76.0,0.01568298
3750,76.0,0.015707755
3760,79.0,0.015729888
3770,80.0,0.015761403
3780,80.0,0.015781866
3790,80.0,0.015801983
3800,80.0,0.015824804
3810,80.0,0.015855032
3820,80.0,0.015880582
3830,80.0,0.015899593
3840,80.0,0.015920992
3850,80.0,0.015946069
3860,80.0,0.015967833
3870,80.0,0.01598884
3880,80.0,0.016008674
3890,80.0,0.016028824
3900,80.0,0.016048148
3910,80.0,0.016066885
3920,80.0,0.016084486
3930,80.0,0.016105218
3940,80.0,0.016123196
3950,80.0,0.016145716
3960,80.0,0.016165548
3970,80.0,0.0161849
3980,80.0,0.016203768
3990,80.0,0.016223704
4000,80.0,0.016246761
