iterations,fitness,time
0,13.0,7.45129999999e-05
10,13.0,0.000112751
20,13.0,0.000150324
30,13.0,0.000187383
40,16.0,0.000224186
50,16.0,0.00025727
60,16.0,0.000292839
70,17.0,0.000349357
80,17.0,0.00038676
90,17.0,0.000431619
100,17.0,0.00047121
110,17.0,0.00051544
120,17.0,0.000554631
130,18.0,0.000611844
140,18.0,0.000650718
150,19.0,0.000691636
160,23.0,0.000728744
170,23.0,0.000778143
180,24.0,0.000810924
190,24.0,0.000847148
200,25.0,0.000888417
210,25.0,0.00092431
220,25.0,0.000961989
230,25.0,0.000999694
240,25.0,0.001038347
250,25.0,0.001080389
260,25.0,0.001115317
270,26.0,0.001156434
280,28.0,0.001199161
290,29.0,0.001238223
300,29.0,0.001278862
310,29.0,0.001314629
320,29.0,0.00135175
330,29.0,0.001388084
340,29.0,0.001427017
350,29.0,0.001499312
360,29.0,0.001539957
370,29.0,0.001578715
380,29.0,0.001614479
390,29.0,0.001656805
400,29.0,0.001699195
410,29.0,0.001738295
420,29.0,0.001772764
430,29.0,0.001810409
440,29.0,0.001849613
450,29.0,0.001886005
460,29.0,0.001924675
470,29.0,0.001962644
480,29.0,0.001998635
490,29.0,0.002031671
500,29.0,0.002066832
510,29.0,0.002105257
520,29.0,0.002140225
530,29.0,0.002181256
540,30.0,0.002225753
550,30.0,0.002264212
560,30.0,0.002300309
570,30.0,0.002334804
580,30.0,0.002374363
590,30.0,0.002412912
600,30.0,0.002451535
610,30.0,0.002490539
620,30.0,0.002526574
630,31.0,0.002567317
640,31.0,0.002665437
650,31.0,0.002702909
660,31.0,0.002743412
670,31.0,0.002783303
680,31.0,0.002820343
690,31.0,0.002897396
700,31.0,0.002946814
710,31.0,0.002979626
720,31.0,0.003014407
730,31.0,0.003056222
740,31.0,0.003087549
750,31.0,0.003123007
760,31.0,0.003169189
770,33.0,0.003919427
780,33.0,0.004601157
790,33.0,0.005297063
800,33.0,0.005968843
810,33.0,0.006362566
820,33.0,0.006833807
830,33.0,0.007233119
840,33.0,0.007909506
850,33.0,0.008469038
860,33.0,0.008990093
870,33.0,0.010797013
880,33.0,0.011180438
890,33.0,0.012368009
900,33.0,0.012532587
910,33.0,0.012560014
920,33.0,0.012588111
930,33.0,0.012615933
940,34.0,0.012641767
950,36.0,0.012666355
960,37.0,0.012724816
970,39.0,0.012752999
980,39.0,0.012778668
990,39.0,0.012802874
1000,39.0,0.012829344
1010,39.0,0.012855332
1020,39.0,0.012889117
1030,39.0,0.01292411
1040,39.0,0.012960403
1050,39.0,0.012996791
1060,39.0,0.013031963
1070,39.0,0.013074097
1080,39.0,0.013102743
1090,39.0,0.013135801
1100,39.0,0.01316
1110,39.0,0.013194186
1120,39.0,0.013225556
1130,39.0,0.013271254
1140,39.0,0.013339886
1150,39.0,0.013385877
1160,39.0,0.013429146
1170,39.0,0.013470712
1180,39.0,0.013507039
1190,39.0,0.013562225
1200,39.0,0.013608634
1210,39.0,0.013641343
1220,39.0,0.013701559
1230,39.0,0.013761178
1240,39.0,0.013793413
1250,39.0,0.013821582
1260,39.0,0.013862819
1270,39.0,0.013901625
1280,39.0,0.013968957
1290,39.0,0.013996519
1300,39.0,0.014018755
1310,39.0,0.014083428
1320,39.0,0.014135256
1330,39.0,0.014181139
1340,39.0,0.014229288
1350,39.0,0.014257899
1360,39.0,0.014294632
1370,39.0,0.014328964
1380,39.0,0.014367426
1390,39.0,0.014392306
1400,39.0,0.014419862
1410,39.0,0.014469689
1420,39.0,0.014498352
1430,39.0,0.014537129
1440,39.0,0.014560107
1450,39.0,0.014621684
1460,39.0,0.014651898
1470,39.0,0.014676499
1480,39.0,0.014722449
1490,39.0,0.014745835
1500,39.0,0.014769024
1510,39.0,0.014805378
1520,39.0,0.014828644
1530,39.0,0.014854205
1540,40.0,0.014887629
1550,40.0,0.014926216
1560,40.0,0.01495043
1570,40.0,0.014992924
1580,40.0,0.015017874
1590,40.0,0.015048811
1600,41.0,0.01508179
1610,42.0,0.01510439
1620,42.0,0.015166476
1630,42.0,0.015234532
1640,42.0,0.015286354
1650,42.0,0.015311281
1660,42.0,0.015349011
1670,42.0,0.015376772
1680,42.0,0.015400252
1690,42.0,0.015423907
1700,42.0,0.015444912
1710,42.0,0.015490894
1720,42.0,0.015518148
1730,43.0,0.015564937
1740,43.0,0.015604509
1750,43.0,0.015630228
1760,43.0,0.015658032
1770,43.0,0.015687288
1780,43.0,0.015734843
1790,44.0,0.015770541
1800,44.0,0.015817314
1810,44.0,0.01586649
1820,44.0,0.015919345
1830,44.0,0.015965948
1840,44.0,0.015995203
1850,44.0,0.016040948
1860,44.0,0.016087438
1870,44.0,0.016127312
1880,44.0,0.016169967
1890,45.0,0.016215336
1900,51.0,0.016236284
1910,51.0,0.016261471
1920,51.0,0.016298111
1930,51.0,0.016319309
1940,51.0,0.016363066
1950,51.0,0.016423751
1960,51.0,0.016452664
1970,51.0,0.016472781
1980,51.0,0.016498677
1990,51.0,0.01652049
2000,51.0,0.016568375
2010,51.0,0.016626429
2020,51.0,0.016665984
2030,51.0,0.016699764
2040,51.0,0.016757084
2050,51.0,0.016816615
2060,51.0,0.016874801
2070,51.0,0.016925192
2080,51.0,0.01694707
2090,51.0,0.016979223
2100,51.0,0.017017102
2110,51.0,0.0170766
2120,51.0,0.017098474
2130,51.0,0.017169745
2140,51.0,0.017202585
2150,51.0,0.01726347
2160,51.0,0.017299249
2170,51.0,0.017360782
2180,51.0,0.01740605
2190,52.0,0.017447555
2200,53.0,0.017498588
2210,53.0,0.017546081
2220,54.0,0.017568623
2230,55.0,0.017602942
2240,56.0,0.017627043
2250,56.0,0.017653904
2260,56.0,0.017710967
2270,56.0,0.017752616
2280,56.0,0.017780698
2290,56.0,0.017819752
2300,56.0,0.017875919
2310,56.0,0.01789498
2320,56.0,0.017944641
2330,56.0,0.017971505
2340,56.0,0.01799511
2350,56.0,0.018021641
2360,56.0,0.018064863
2370,56.0,0.018100735
2380,56.0,0.018130144
2390,56.0,0.018169795
2400,56.0,0.01820457
2410,56.0,0.018255831
2420,56.0,0.018285498
2430,56.0,0.018350693
2440,56.0,0.018386438
2450,56.0,0.01842608
2460,63.0,0.018465791
2470,63.0,0.018493216
2480,63.0,0.018534408
2490,63.0,0.01857332
2500,63.0,0.018603016
2510,63.0,0.018624153
2520,63.0,0.018657528
2530,63.0,0.018712588
2540,63.0,0.01878472
2550,63.0,0.018824245
2560,63.0,0.018856365
2570,63.0,0.018884603
2580,63.0,0.018934419
2590,63.0,0.018959834
2600,63.0,0.019015264
2610,63.0,0.019061691
2620,63.0,0.019109419
2630,63.0,0.019152316
2640,63.0,0.019187157
2650,63.0,0.019234529
2660,63.0,0.019271812
2670,63.0,0.019295225
2680,63.0,0.019341963
2690,63.0,0.019369907
2700,63.0,0.019412879
2710,63.0,0.019452104
2720,63.0,0.019500958
2730,63.0,0.019550415
2740,63.0,0.01957874
2750,63.0,0.019631385
2760,64.0,0.019650917
2770,64.0,0.019703323
2780,64.0,0.019753726
2790,64.0,0.019785117
2800,64.0,0.019815284
2810,64.0,0.019849008
2820,64.0,0.019930428
2830,64.0,0.019958266
2840,64.0,0.019981321
2850,64.0,0.02001854
2860,64.0,0.020054692
2870,64.0,0.02010223
2880,64.0,0.020131335
2890,64.0,0.020166301
2900,64.0,0.020208832
2910,64.0,0.020246404
2920,64.0,0.020289289
2930,64.0,0.020315944
2940,65.0,0.020349284
2950,65.0,0.020401605
2960,65.0,0.020421302
2970,67.0,0.020467519
2980,67.0,0.02048455
2990,67.0,0.020516701
3000,67.0,0.020537259
3010,67.0,0.020555885
3020,67.0,0.020577157
3030,68.0,0.020595095
3040,68.0,0.020621775
3050,68.0,0.020643834
3060,68.0,0.020661897
3070,68.0,0.02069484
3080,68.0,0.02071542
3090,68.0,0.020743263
3100,68.0,0.020760942
3110,68.0,0.020778689
3120,68.0,0.020797247
3130,68.0,0.02081542
3140,68.0,0.020834486
3150,68.0,0.020856418
3160,69.0,0.020875762
3170,69.0,0.020893204
3180,69.0,0.02091528
3190,69.0,0.020933592
3200,69.0,0.020955362
3210,69.0,0.020976386
3220,69.0,0.020994103
3230,69.0,0.021021322
3240,69.0,0.021048927
3250,69.0,0.021068522
3260,69.0,0.021096758
3270,69.0,0.021124447
3280,69.0,0.021141941
3290,69.0,0.021160973
3300,69.0,0.021216247
3310,69.0,0.0212355
3320,69.0,0.021262944
3330,69.0,0.021285261
3340,69.0,0.02130666
3350,69.0,0.021325437
3360,69.0,0.021343957
3370,69.0,0.021363251
3380,69.0,0.021394049
3390,69.0,0.021416244
3400,69.0,0.021441287
3410,69.0,0.021467612
3420,69.0,0.021486748
3430,76.0,0.021507822
3440,76.0,0.02153031
3450,76.0,0.021549387
3460,77.0,0.02157678
3470,77.0,0.021597915
3480,77.0,0.021619597
3490,79.0,0.021645654
3500,79.0,0.021667761
3510,79.0,0.021686988
3520,79.0,0.021708004
3530,79.0,0.021728266
3540,80.0,0.021752568
3550,80.0,0.021770402
3560,80.0,0.021790826
3570,80.0,0.021812555
3580,80.0,0.021830527
3590,81.0,0.021848084
3600,81.0,0.021869224
3610,81.0,0.021892866
3620,81.0,0.021913787
3630,81.0,0.021948717
3640,81.0,0.02199529
3650,81.0,0.022015697
3660,81.0,0.02204311
3670,81.0,0.022066646
3680,81.0,0.022090994
3690,81.0,0.022123704
3700,81.0,0.022148583
3710,81.0,0.022179376
3720,81.0,0.022203401
3730,81.0,0.022223459
3740,81.0,0.022244389
3750,81.0,0.02226599
3760,81.0,0.022285155
3770,81.0,0.02230438
3780,81.0,0.022327319
3790,81.0,0.022350952
3800,81.0,0.022372731
3810,81.0,0.022391031
3820,81.0,0.022411725
3830,81.0,0.022430268
3840,81.0,0.022451723
3850,81.0,0.022469135
3860,81.0,0.022493965
3870,81.0,0.022519142
3880,81.0,0.022542609
3890,81.0,0.022566819
3900,81.0,0.022594913
3910,81.0,0.02261968
3920,81.0,0.022639778
3930,81.0,0.022663656
3940,81.0,0.022685256
3950,81.0,0.022707929
3960,81.0,0.022724737
3970,81.0,0.022744593
3980,81.0,0.02276706
3990,81.0,0.022792197
4000,81.0,0.02280919
