iterations,fitness,time
0,13.0,4.2434e-05
10,13.0,9.1735e-05
20,13.0,0.000138108
30,14.0,0.000178844
40,15.0,0.000226409
50,15.0,0.000264921
60,19.0,0.000302502
70,19.0,0.000339829
80,19.0,0.000386868
90,19.0,0.00042717
100,19.0,0.000463865
110,19.0,0.000503246
120,19.0,0.00054051
130,19.0,0.000574713
140,19.0,0.000626325999999
150,19.0,0.000664906999999
160,20.0,0.000704713999999
170,20.0,0.000743494999999
180,20.0,0.000785226999999
190,20.0,0.000830339999999
200,21.0,0.000870994999999
210,21.0,0.000915825999999
220,21.0,0.000950339999999
230,21.0,0.000987732999999
240,21.0,0.001031442
250,21.0,0.001121518
260,21.0,0.001159387
270,21.0,0.001227008
280,21.0,0.001264615
290,21.0,0.00130268
300,21.0,0.001340784
310,21.0,0.001376043
320,21.0,0.001410955
330,21.0,0.001450068
340,21.0,0.001485394
350,21.0,0.001535886
360,21.0,0.001581314
370,21.0,0.001624959
380,21.0,0.001667846
390,21.0,0.001707644
400,21.0,0.001746367
410,21.0,0.001786158
420,21.0,0.001826322
430,21.0,0.001862613
440,22.0,0.001904948
450,22.0,0.001942156
460,22.0,0.002005848
470,22.0,0.002049558
480,22.0,0.002089924
490,22.0,0.002127494
500,23.0,0.002165986
510,24.0,0.002209362
520,24.0,0.002247274
530,24.0,0.002284722
540,24.0,0.002323029
550,24.0,0.002358212
560,24.0,0.002401181
570,24.0,0.002442348
580,24.0,0.00248124
590,24.0,0.002534062
600,24.0,0.002577291
610,24.0,0.002615676
620,24.0,0.00265355
630,24.0,0.002693133
640,24.0,0.0027288
650,24.0,0.002761638
660,24.0,0.002798048
670,24.0,0.00283471
680,24.0,0.002872994
690,24.0,0.002906383
700,24.0,0.002938672
710,24.0,0.002973641
720,24.0,0.003009937
730,24.0,0.003268726
740,24.0,0.003531426
750,24.0,0.003869304
760,24.0,0.004045488
770,24.0,0.004229135
780,24.0,0.004440707
790,24.0,0.004631925
800,24.0,0.005165751
810,24.0,0.005451324
820,24.0,0.005746158
830,24.0,0.005971043
840,24.0,0.006454462
850,24.0,0.007008953
860,24.0,0.007304341
870,24.0,0.007722312
880,24.0,0.008152672
890,25.0,0.008502628
900,25.0,0.008981028
910,25.0,0.009491271
920,25.0,0.009775783
930,25.0,0.010265483
940,25.0,0.010468609
950,25.0,0.010802727
960,25.0,0.011204092
970,25.0,0.011617323
980,25.0,0.012023668
990,25.0,0.012411639
1000,26.0,0.012778283
1010,32.0,0.012808633
1020,32.0,0.012842903
1030,33.0,0.012868
1040,34.0,0.01289429
1050,35.0,0.012923475
1060,35.0,0.012947575
1070,36.0,0.012979676
1080,36.0,0.013090892
1090,36.0,0.01313413
1100,36.0,0.013175676
1110,37.0,0.013214334
1120,37.0,0.013264287
1130,37.0,0.013295548
1140,37.0,0.01333662
1150,37.0,0.013386494
1160,38.0,0.013460052
1170,38.0,0.013544924
1180,38.0,0.013595434
1190,38.0,0.013649611
1200,38.0,0.013695329
1210,38.0,0.013720224
1220,38.0,0.013746697
1230,38.0,0.013770403
1240,39.0,0.013795642
1250,39.0,0.013858954
1260,39.0,0.013899266
1270,39.0,0.013947443
1280,39.0,0.013978181
1290,39.0,0.014021001
1300,39.0,0.014065078
1310,39.0,0.014120845
1320,39.0,0.014160018
1330,39.0,0.014199452
1340,39.0,0.01422856
1350,39.0,0.014252379
1360,39.0,0.014286073
1370,39.0,0.014350065
1380,39.0,0.014387989
1390,39.0,0.014414942
1400,39.0,0.014480047
1410,39.0,0.014555466
1420,39.0,0.014601613
1430,39.0,0.014651067
1440,39.0,0.014714684
1450,39.0,0.014788649
1460,39.0,0.014848913
1470,39.0,0.014903263
1480,39.0,0.014960006
1490,39.0,0.015020924
1500,39.0,0.015041796
1510,39.0,0.015068075
1520,39.0,0.015112966
1530,39.0,0.015145836
1540,39.0,0.015191094
1550,40.0,0.015216937
1560,40.0,0.015272188
1570,40.0,0.015312774
1580,40.0,0.015348206
1590,40.0,0.015368856
1600,40.0,0.015404053
1610,40.0,0.01543389
1620,40.0,0.015487514
1630,40.0,0.015517351
1640,40.0,0.015545262
1650,40.0,0.015588456
1660,40.0,0.015625775
1670,40.0,0.015666671
1680,40.0,0.01569025
1690,40.0,0.015719756
1700,40.0,0.015746856
1710,40.0,0.015784825
1720,40.0,0.015810152
1730,40.0,0.015844181
1740,40.0,0.015889321
1750,40.0,0.015921723
1760,40.0,0.016009017
1770,40.0,0.016095082
1780,40.0,0.016123798
1790,40.0,0.016144959
1800,40.0,0.016167592
1810,40.0,0.016219901
1820,40.0,0.01624234
1830,40.0,0.016297225
1840,40.0,0.016337814
1850,40.0,0.016379326
1860,40.0,0.016415607
1870,40.0,0.016442073
1880,40.0,0.016464721
1890,40.0,0.016489935
1900,40.0,0.016541444
1910,40.0,0.016583204
1920,40.0,0.016633112
1930,40.0,0.016672205
1940,40.0,0.0167174
1950,40.0,0.016780349
1960,40.0,0.016820792
1970,40.0,0.016866511
1980,40.0,0.016899179
1990,40.0,0.016974974
2000,40.0,0.017013323
2010,40.0,0.017069449
2020,40.0,0.017120554
2030,40.0,0.017196171
2040,40.0,0.01724173
2050,40.0,0.017280075
2060,40.0,0.017320605
2070,40.0,0.017402148
2080,40.0,0.0174582
2090,40.0,0.017478933
2100,40.0,0.017540282
2110,40.0,0.017605159
2120,40.0,0.017669112
2130,40.0,0.017726736
2140,40.0,0.017795888
2150,40.0,0.01782894
2160,40.0,0.017871325
2170,40.0,0.017916494
2180,40.0,0.017966961
2190,40.0,0.01804362
2200,40.0,0.018072641
2210,40.0,0.018135373
2220,41.0,0.018157798
2230,41.0,0.018178464
2240,41.0,0.018199688
2250,41.0,0.01823825
2260,41.0,0.01827918
2270,41.0,0.018305287
2280,41.0,0.018324491
2290,41.0,0.018354691
2300,41.0,0.018406497
2310,41.0,0.018450741
2320,42.0,0.01849847
2330,42.0,0.018551243
2340,42.0,0.018596904
2350,42.0,0.018645893
2360,42.0,0.018719595
2370,42.0,0.018773578
2380,42.0,0.018840008
2390,43.0,0.018901846
2400,43.0,0.018976485
2410,43.0,0.01903305
2420,43.0,0.019076329
2430,43.0,0.019102035
2440,43.0,0.019135842
2450,43.0,0.019173455
2460,43.0,0.019233645
2470,43.0,0.019287025
2480,43.0,0.019326896
2490,43.0,0.019368145
2500,43.0,0.019408561
2510,43.0,0.019430636
2520,43.0,0.019484846
2530,53.0,0.019511605
2540,53.0,0.019579868
2550,53.0,0.019627252
2560,53.0,0.019673499
2570,53.0,0.019727192
2580,53.0,0.019766052
2590,53.0,0.019820807
2600,53.0,0.019841862
2610,53.0,0.019873234
2620,53.0,0.019921851
2630,53.0,0.019951175
2640,53.0,0.019981957
2650,53.0,0.020018699
2660,53.0,0.020050227
2670,53.0,0.020077345
2680,53.0,0.020098385
2690,53.0,0.020121754
2700,53.0,0.020166929
2710,53.0,0.020217775
2720,53.0,0.020291645
2730,53.0,0.0203653
2740,53.0,0.020446445
2750,53.0,0.020523619
2760,53.0,0.020605578
2770,53.0,0.020678783
2780,53.0,0.020760547
2790,53.0,0.020842547
2800,53.0,0.020901169
2810,53.0,0.020935487
2820,53.0,0.021000863
2830,53.0,0.021051075
2840,53.0,0.021086016
2850,53.0,0.021108646
2860,53.0,0.021163172
2870,53.0,0.021203625
2880,53.0,0.021308712
2890,53.0,0.021350195
2900,53.0,0.021420788
2910,53.0,0.021456655
2920,53.0,0.021498454
2930,54.0,0.021541247
2940,54.0,0.021582594
2950,54.0,0.021614149
2960,55.0,0.021632313
2970,56.0,0.02169216
2980,56.0,0.021710471
2990,56.0,0.021727756
3000,56.0,0.021750449
3010,56.0,0.021774305
3020,56.0,0.02179343
3030,56.0,0.021810813
3040,56.0,0.021828459
3050,56.0,0.021846069
3060,56.0,0.02186357
3070,56.0,0.021885025
3080,56.0,0.021904904
3090,56.0,0.021929886
3100,56.0,0.021951017
3110,56.0,0.021971208
3120,56.0,0.021992217
3130,56.0,0.022010846
3140,56.0,0.022031221
3150,56.0,0.022051598
3160,56.0,0.022068872
3170,56.0,0.022096329
3180,57.0,0.022114369
3190,57.0,0.022135286
3200,57.0,0.022154684
3210,57.0,0.022183956
3220,57.0,0.022206599
3230,57.0,0.022226609
3240,57.0,0.022250522
3250,57.0,0.022269285
3260,57.0,0.022300435
3270,57.0,0.022318735
3280,57.0,0.022335737
3290,58.0,0.022354731
3300,58.0,0.022374241
3310,58.0,0.022401809
3320,58.0,0.022427302
3330,58.0,0.022463935
3340,58.0,0.0224836
3350,58.0,0.022505943
3360,58.0,0.022524156
3370,58.0,0.022545553
3380,58.0,0.022563553
3390,58.0,0.022584155
3400,58.0,0.022609324
3410,58.0,0.022632777
3420,58.0,0.022652393
3430,58.0,0.022674979
3440,58.0,0.022695585
3450,58.0,0.022720927
3460,58.0,0.022741569
3470,58.0,0.022763075
3480,58.0,0.022784088
3490,58.0,0.022806221
3500,58.0,0.022826521
3510,58.0,0.022850755
3520,58.0,0.022872538
3530,58.0,0.022891898
3540,58.0,0.02292033
3550,58.0,0.022947513
3560,58.0,0.022974387
3570,58.0,0.022994305
3580,58.0,0.023015668
3590,59.0,0.023033553
3600,59.0,0.02306335
3610,59.0,0.023094238
3620,61.0,0.023125585
3630,61.0,0.023144805
3640,61.0,0.02316543
3650,66.0,0.023188617
3660,66.0,0.023208835
3670,66.0,0.023230405
3680,66.0,0.02325635
3690,67.0,0.02328032
3700,67.0,0.023300513
3710,68.0,0.023320358
3720,68.0,0.023340593
3730,68.0,0.023358651
3740,68.0,0.023380193
3750,68.0,0.023401809
3760,68.0,0.023423979
3770,68.0,0.023449167
3780,68.0,0.023468697
3790,68.0,0.023490703
3800,68.0,0.023513329
3810,68.0,0.023533876
3820,68.0,0.02356208
3830,68.0,0.023585891
3840,68.0,0.023613269
3850,68.0,0.023631509
3860,68.0,0.023657625
3870,68.0,0.02368077
3880,68.0,0.023707815
3890,68.0,0.023732317
3900,68.0,0.023757414
3910,68.0,0.023778519
3920,68.0,0.023800197
3930,68.0,0.023821482
3940,68.0,0.023841545
3950,68.0,0.023867876
3960,68.0,0.023888735
3970,68.0,0.023909102
3980,68.0,0.023927362
3990,68.0,0.023950681
4000,68.0,0.023973141
