iterations,fitness,time
0,17.0,3.42950000001e-05
10,17.0,7.1859e-05
20,17.0,0.000108909
30,17.0,0.000147
40,17.0,0.000182305
50,17.0,0.000223483
60,17.0,0.00027646
70,17.0,0.00031631
80,17.0,0.00035499
90,17.0,0.000398433
100,18.0,0.000434619
110,18.0,0.000474325
120,18.0,0.000511393
130,18.0,0.000553677000001
140,18.0,0.000592324000001
150,18.0,0.000633547000001
160,18.0,0.000670771000001
170,18.0,0.000707637000001
180,18.0,0.000743379000001
190,18.0,0.000779937000001
200,18.0,0.000827823000001
210,18.0,0.000868872000001
220,18.0,0.000907361000001
230,18.0,0.000944851000001
240,18.0,0.000986479000001
250,18.0,0.001040798
260,18.0,0.001087144
270,18.0,0.001130114
280,18.0,0.001168044
290,18.0,0.001207234
300,18.0,0.001237262
310,19.0,0.001275199
320,19.0,0.001315618
330,19.0,0.001354024
340,20.0,0.00139247
350,20.0,0.001427548
360,20.0,0.001468568
370,21.0,0.001503496
380,21.0,0.001541249
390,23.0,0.001580179
400,23.0,0.001623835
410,26.0,0.001667341
420,26.0,0.001701291
430,26.0,0.00173344
440,26.0,0.001764602
450,26.0,0.001803774
460,26.0,0.001842078
470,26.0,0.001881652
480,26.0,0.001926473
490,26.0,0.001989454
500,26.0,0.002027648
510,26.0,0.002065767
520,26.0,0.00209913
530,26.0,0.002135529
540,27.0,0.002171831
550,27.0,0.002217113
560,32.0,0.002257111
570,33.0,0.002294312
580,33.0,0.002331207
590,33.0,0.002371158
600,33.0,0.002406507
610,33.0,0.002444162
620,33.0,0.002479243
630,33.0,0.002515689
640,33.0,0.002551188
650,33.0,0.002592367
660,33.0,0.002636337
670,33.0,0.002707742
680,33.0,0.002765219
690,34.0,0.002797343
700,34.0,0.002830175
710,34.0,0.002861712
720,34.0,0.003224559
730,34.0,0.003593701
740,34.0,0.003978982
750,34.0,0.004532787
760,34.0,0.004795153
770,34.0,0.005320429
780,35.0,0.005754923
790,36.0,0.006134957
800,36.0,0.006540017
810,36.0,0.008002969
820,36.0,0.009613524
830,36.0,0.010050466
840,37.0,0.010381148
850,37.0,0.011817112
860,37.0,0.013413187
870,38.0,0.013574072
880,38.0,0.013598256
890,40.0,0.013631397
900,40.0,0.013657061
910,40.0,0.013684153
920,41.0,0.013722099
930,41.0,0.01375424
940,41.0,0.013789908
950,44.0,0.01381873
960,44.0,0.013845561
970,45.0,0.013870956
980,46.0,0.013897052
990,46.0,0.013921868
1000,46.0,0.013951471
1010,46.0,0.013976987
1020,46.0,0.014000873
1030,46.0,0.014023964
1040,46.0,0.014047021
1050,46.0,0.014073257
1060,48.0,0.014095708
1070,48.0,0.014122458
1080,52.0,0.01415232
1090,52.0,0.014176531
1100,52.0,0.014202009
1110,52.0,0.014225451
1120,52.0,0.01424925
1130,52.0,0.014273885
1140,52.0,0.014299364
1150,52.0,0.014330983
1160,52.0,0.014359975
1170,53.0,0.014389292
1180,53.0,0.014416216
1190,53.0,0.014441084
1200,53.0,0.014464434
1210,53.0,0.014487139
1220,53.0,0.014548378
1230,53.0,0.014624445
1240,57.0,0.014659819
1250,57.0,0.014696627
1260,58.0,0.014739874
1270,58.0,0.014794932
1280,58.0,0.014855111
1290,58.0,0.014897937
1300,58.0,0.014933693
1310,58.0,0.014999297
1320,58.0,0.015052807
1330,58.0,0.015094952
1340,58.0,0.015117248
1350,58.0,0.01517599
1360,58.0,0.015253269
1370,58.0,0.015324741
1380,58.0,0.015470231
1390,58.0,0.015509038
1400,58.0,0.015535636
1410,58.0,0.015559224
1420,58.0,0.015583714
1430,58.0,0.015651681
1440,58.0,0.015723035
1450,58.0,0.015770551
1460,58.0,0.015797747
1470,58.0,0.015819937
1480,58.0,0.015887024
1490,58.0,0.015931707
1500,58.0,0.015968968
1510,58.0,0.01599364
1520,58.0,0.016053283
1530,58.0,0.016098202
1540,58.0,0.016134395
1550,58.0,0.016178356
1560,59.0,0.016212393
1570,59.0,0.016248733
1580,59.0,0.016307906
1590,59.0,0.01634443
1600,59.0,0.016375191
1610,59.0,0.016440061
1620,59.0,0.016479968
1630,59.0,0.016537805
1640,60.0,0.016594224
1650,60.0,0.016638148
1660,60.0,0.016695018
1670,60.0,0.016749779
1680,60.0,0.016798427
1690,60.0,0.016843637
1700,60.0,0.016924913
1710,60.0,0.017005308
1720,60.0,0.017078952
1730,60.0,0.017162246
1740,60.0,0.017239746
1750,60.0,0.017311551
1760,60.0,0.017387711
1770,60.0,0.017469081
1780,60.0,0.017529503
1790,60.0,0.017594437
1800,60.0,0.017628434
1810,60.0,0.017667458
1820,61.0,0.017802743
1830,61.0,0.017838246
1840,62.0,0.017878212
1850,64.0,0.017912475
1860,64.0,0.017962456
1870,65.0,0.018035123
1880,65.0,0.0180575
1890,70.0,0.018081037
1900,70.0,0.018109749
1910,70.0,0.018167833
1920,70.0,0.018197865
1930,70.0,0.018266556
1940,70.0,0.018296751
1950,70.0,0.018322152
1960,70.0,0.018347166
1970,70.0,0.01837115
1980,70.0,0.018395661
1990,70.0,0.018445871
2000,70.0,0.018467425
2010,70.0,0.018488759
2020,70.0,0.018530805
2030,70.0,0.018556332
2040,70.0,0.018588107
2050,71.0,0.018638112
2060,72.0,0.018672225
2070,72.0,0.018714403
2080,73.0,0.018761207
2090,74.0,0.018785518
2100,74.0,0.018808311
2110,76.0,0.018834202
2120,77.0,0.018855623
2130,77.0,0.018908684
2140,77.0,0.018944374
2150,77.0,0.018986884
2160,77.0,0.019033294
2170,77.0,0.01905663
2180,77.0,0.019078486
2190,77.0,0.019104456
2200,77.0,0.019126706
2210,77.0,0.019179119
2220,78.0,0.019209946
2230,78.0,0.019231879
2240,78.0,0.019261388
2250,78.0,0.019300908
2260,78.0,0.019336973
2270,78.0,0.019374541
2280,78.0,0.019414435
2290,78.0,0.019437174
2300,79.0,0.019460625
2310,83.0,0.019482204
2320,83.0,0.019507636
2330,83.0,0.019529925
2340,83.0,0.0195514
2350,83.0,0.019573125
2360,83.0,0.019594018
2370,83.0,0.019615957
2380,83.0,0.019642055
2390,83.0,0.019678488
2400,83.0,0.019704158
2410,83.0,0.01974081
2420,83.0,0.019761133
2430,83.0,0.019795256
2440,83.0,0.019826183
2450,83.0,0.019850797
2460,83.0,0.019869572
2470,83.0,0.019901942
2480,83.0,0.019923931
2490,83.0,0.019942578
2500,83.0,0.019960919
2510,83.0,0.019992843
2520,83.0,0.02001391
2530,83.0,0.020032601
2540,83.0,0.020050797
2550,83.0,0.020069187
2560,83.0,0.020094756
2570,83.0,0.020127702
2580,83.0,0.02014956
2590,83.0,0.020188522
2600,83.0,0.020211223
2610,83.0,0.020242126
2620,83.0,0.020268674
2630,83.0,0.020287559
2640,83.0,0.02030742
2650,83.0,0.020327477
2660,83.0,0.020348007
2670,83.0,0.020367602
2680,83.0,0.020387753
2690,83.0,0.020407512
2700,83.0,0.020427128
2710,83.0,0.020445655
2720,83.0,0.020466559
2730,83.0,0.02048649
2740,83.0,0.020508719
2750,83.0,0.020539981
2760,83.0,0.020570793
2770,83.0,0.020596769
2780,83.0,0.020620311
2790,83.0,0.020644874
2800,83.0,0.020667243
2810,83.0,0.020687113
2820,83.0,0.020723132
2830,83.0,0.020749517
2840,83.0,0.020769242
2850,83.0,0.020792477
2860,83.0,0.020821051
2870,83.0,0.0208472
2880,83.0,0.02086818
2890,83.0,0.020885509
2900,83.0,0.020908291
2910,83.0,0.020928406
2920,83.0,0.020950684
2930,83.0,0.020972656
2940,83.0,0.020990844
2950,83.0,0.02101282
2960,83.0,0.021030272
2970,83.0,0.021052918
2980,83.0,0.021073943
2990,83.0,0.021096993
3000,83.0,0.02111988
3010,83.0,0.02115593
3020,83.0,0.021185645
3030,83.0,0.021224408
3040,83.0,0.021252072
3050,83.0,0.021279037
3060,83.0,0.021327805
3070,83.0,0.021386248
3080,83.0,0.021472891
3090,83.0,0.021510688
3100,84.0,0.021547251
3110,84.0,0.021590309
3120,84.0,0.021634909
3130,84.0,0.021677058
3140,84.0,0.021726777
3150,84.0,0.021782339
3160,85.0,0.021833189
3170,85.0,0.021884582
3180,85.0,0.021931105
3190,85.0,0.021979739
3200,85.0,0.022001746
3210,85.0,0.022036169
3220,85.0,0.022063683
3230,85.0,0.022108161
3240,85.0,0.022141845
3250,85.0,0.022172488
3260,85.0,0.022192839
3270,85.0,0.022245755
3280,85.0,0.022327684
3290,85.0,0.022371454
3300,85.0,0.022414879
3310,86.0,0.022450342
3320,86.0,0.022482671
3330,86.0,0.022509495
3340,86.0,0.022572646
3350,86.0,0.022602236
3360,86.0,0.022649835
3370,86.0,0.022724527
3380,86.0,0.022770057
3390,86.0,0.022809018
3400,86.0,0.022852694
3410,86.0,0.022877373
3420,86.0,0.022901341
3430,86.0,0.022927611
3440,86.0,0.022982439
3450,86.0,0.023017615
3460,86.0,0.023063796
3470,86.0,0.02312904
3480,86.0,0.023155837
3490,86.0,0.02319122
3500,86.0,0.023214902
3510,86.0,0.023238048
3520,86.0,0.02330133
3530,86.0,0.023336282
3540,86.0,0.023395401
3550,86.0,0.023442393
3560,87.0,0.023471933
3570,87.0,0.023497061
3580,87.0,0.023554961
3590,87.0,0.023575464
3600,87.0,0.023621456
3610,87.0,0.023643332
3620,87.0,0.023685946
3630,87.0,0.023730326
3640,87.0,0.023788082
3650,87.0,0.023829622
3660,87.0,0.023853463
3670,87.0,0.023880935
3680,92.0,0.023914549
3690,92.0,0.023941849
3700,92.0,0.023967203
3710,92.0,0.024041785
3720,92.0,0.024112326
3730,92.0,0.024179737
3740,92.0,0.024255592
3750,92.0,0.024286758
3760,92.0,0.024324009
3770,92.0,0.024346049
3780,92.0,0.024390334
3790,92.0,0.024410421
3800,92.0,0.024440148
3810,92.0,0.024467572
3820,92.0,0.024520753
3830,95.0,0.024580882
3840,95.0,0.024619546
3850,95.0,0.024652025
3860,95.0,0.024683173
3870,95.0,0.024714208
3880,95.0,0.024745857
3890,95.0,0.02479825
3900,95.0,0.024841774
3910,95.0,0.024863528
3920,95.0,0.024894685
3930,95.0,0.024920248
3940,95.0,0.024951718
3950,95.0,0.024971279
3960,95.0,0.025024965
3970,95.0,0.025061644
3980,95.0,0.02512274
3990,95.0,0.025179462
4000,95.0,0.025233706
