iterations,fitness,time
0,16.0,4.7328e-05
10,18.0,8.79039999999e-05
20,21.0,0.000136169
30,21.0,0.000177095
40,21.0,0.000213033
50,22.0,0.000251059
60,22.0,0.000288478
70,22.0,0.000322273
80,23.0,0.000357839
90,24.0,0.000392548
100,24.0,0.000442228
110,24.0,0.00047874
120,24.0,0.000518229
130,24.0,0.000556425
140,24.0,0.000594648
150,24.0,0.00063241
160,24.0,0.000669592
170,24.0,0.000710593
180,25.0,0.000747282
190,25.0,0.000787852
200,25.0,0.000825806
210,25.0,0.000861481
220,25.0,0.000898147
230,25.0,0.000941255
240,25.0,0.000980857
250,25.0,0.00101745
260,25.0,0.001061342
270,25.0,0.00110618
280,25.0,0.001146946
290,25.0,0.001185881
300,25.0,0.00121791
310,25.0,0.001253293
320,25.0,0.001290873
330,25.0,0.001331223
340,25.0,0.001368404
350,25.0,0.001403139
360,25.0,0.001449287
370,25.0,0.001495469
380,25.0,0.001548376
390,25.0,0.001597524
400,25.0,0.001645839
410,25.0,0.0016953
420,25.0,0.001747229
430,25.0,0.001817769
440,25.0,0.001865586
450,28.0,0.001914818
460,28.0,0.001957625
470,28.0,0.002014015
480,28.0,0.002060313
490,28.0,0.002109289
500,28.0,0.002155899
510,28.0,0.002199121
520,28.0,0.002243707
530,28.0,0.002291322
540,28.0,0.002337176
550,28.0,0.002371181
560,28.0,0.002408156
570,28.0,0.002446639
580,28.0,0.00248818
590,28.0,0.002533034
600,28.0,0.00257353
610,28.0,0.002605406
620,29.0,0.002642678
630,29.0,0.002677904
640,29.0,0.002710458
650,29.0,0.002740848
660,30.0,0.003002145
670,30.0,0.003302285
680,30.0,0.003469252
690,31.0,0.003663278
700,35.0,0.003839243
710,35.0,0.004003182
720,35.0,0.004310546
730,35.0,0.00469722
740,35.0,0.005085356
750,36.0,0.005379861
760,39.0,0.005750832
770,40.0,0.006164074
780,40.0,0.006464781
790,42.0,0.006780694
800,42.0,0.007099129
810,42.0,0.007527531
820,42.0,0.007910863
830,42.0,0.008430959
840,43.0,0.008748708
850,43.0,0.009166526
860,43.0,0.00962449
870,43.0,0.009670433
880,43.0,0.009696642
890,43.0,0.009722545
900,43.0,0.009746755
910,43.0,0.0097712
920,43.0,0.009802996
930,45.0,0.009825574
940,45.0,0.009850615
950,45.0,0.009877155
960,45.0,0.009926464
970,45.0,0.009957373
980,45.0,0.009984604
990,45.0,0.010041839
1000,45.0,0.010112913
1010,45.0,0.010162812
1020,45.0,0.010216422
1030,45.0,0.010248928
1040,46.0,0.010287882
1050,46.0,0.010327856
1060,46.0,0.010385404
1070,46.0,0.010447196
1080,46.0,0.010504246
1090,46.0,0.010570958
1100,46.0,0.01059751
1110,46.0,0.010638637
1120,46.0,0.0106655
1130,46.0,0.010690636
1140,46.0,0.010726973
1150,46.0,0.010748084
1160,46.0,0.010777915
1170,46.0,0.010806788
1180,47.0,0.01082903
1190,47.0,0.010862076
1200,47.0,0.010914269
1210,47.0,0.010975702
1220,47.0,0.011007473
1230,47.0,0.011046119
1240,47.0,0.011082169
1250,47.0,0.011133084
1260,47.0,0.011156616
1270,47.0,0.011200997
1280,47.0,0.011235301
1290,47.0,0.011274099
1300,47.0,0.011299265
1310,47.0,0.011320806
1320,47.0,0.011380638
1330,48.0,0.011402291
1340,48.0,0.011429176
1350,49.0,0.011459065
1360,49.0,0.011483587
1370,55.0,0.011527147
1380,55.0,0.011551606
1390,55.0,0.011587112
1400,55.0,0.011634633
1410,55.0,0.011658259
1420,55.0,0.011694118
1430,55.0,0.0117264
1440,56.0,0.011760845
1450,57.0,0.011798531
1460,57.0,0.011851189
1470,57.0,0.011889132
1480,57.0,0.01193585
1490,57.0,0.011960377
1500,57.0,0.012005262
1510,57.0,0.012041853
1520,57.0,0.012098464
1530,57.0,0.012122524
1540,57.0,0.012145811
1550,57.0,0.012206745
1560,57.0,0.012243148
1570,57.0,0.012266443
1580,57.0,0.012287789
1590,57.0,0.012322718
1600,57.0,0.012367801
1610,57.0,0.012407826
1620,57.0,0.012471031
1630,57.0,0.012526725
1640,57.0,0.012550606
1650,57.0,0.012570609
1660,57.0,0.01259112
1670,59.0,0.012613837
1680,59.0,0.012633923
1690,59.0,0.012651971
1700,59.0,0.01267091
1710,59.0,0.012691318
1720,59.0,0.012711486
1730,59.0,0.0127315
1740,59.0,0.012750541
1750,59.0,0.012773635
1760,59.0,0.012818357
1770,59.0,0.01284667
1780,60.0,0.012877204
1790,60.0,0.012929606
1800,61.0,0.012967459
1810,61.0,0.013000217
1820,61.0,0.013032316
1830,61.0,0.013063611
1840,62.0,0.013090231
1850,62.0,0.013127883
1860,62.0,0.013184288
1870,62.0,0.013230158
1880,62.0,0.013275939
1890,62.0,0.013323893
1900,62.0,0.013385297
1910,62.0,0.01343298
1920,62.0,0.013468722
1930,64.0,0.013529568
1940,64.0,0.013571352
1950,64.0,0.01361483
1960,64.0,0.013657838
1970,64.0,0.013679349
1980,64.0,0.01370324
1990,64.0,0.013725068
2000,64.0,0.013743538
2010,64.0,0.013762144
2020,64.0,0.013780356
2030,64.0,0.013798658
2040,64.0,0.01381891
2050,64.0,0.013838507
2060,64.0,0.013856918
2070,64.0,0.013876424
2080,64.0,0.013895752
2090,64.0,0.013918331
2100,65.0,0.013940306
2110,65.0,0.013959928
2120,65.0,0.013982249
2130,65.0,0.014004645
2140,65.0,0.014027704
2150,65.0,0.014059303
2160,65.0,0.014082952
2170,65.0,0.014103571
2180,65.0,0.014129118
2190,65.0,0.014151256
2200,65.0,0.014172651
2210,66.0,0.01419148
2220,66.0,0.014208474
2230,66.0,0.014227377
2240,68.0,0.014246826
2250,68.0,0.014266614
2260,68.0,0.01431588
2270,68.0,0.014381914
2280,71.0,0.014413736
2290,71.0,0.014437893
2300,71.0,0.014464156
2310,71.0,0.014500574
2320,71.0,0.01455132
2330,71.0,0.014579451
2340,71.0,0.01461551
2350,71.0,0.014645653
2360,71.0,0.01467757
2370,72.0,0.014732935
2380,72.0,0.014760884
2390,72.0,0.014794979
2400,72.0,0.014844572
2410,72.0,0.014874656
2420,72.0,0.014933034
2430,72.0,0.014973998
2440,72.0,0.015013936
2450,72.0,0.015067217
2460,72.0,0.01513396
2470,72.0,0.015168684
2480,72.0,0.015199743
2490,72.0,0.015259269
2500,72.0,0.015317112
2510,72.0,0.015370848
2520,72.0,0.015430295
2530,72.0,0.015479006
2540,72.0,0.0155293
2550,72.0,0.015585195
2560,72.0,0.015614146
2570,72.0,0.015653941
2580,73.0,0.015711395
2590,73.0,0.015758234
2600,73.0,0.015803803
2610,75.0,0.01582876
2620,75.0,0.015852756
2630,75.0,0.015889071
2640,80.0,0.015921779
2650,80.0,0.015977103
2660,80.0,0.016036069
2670,80.0,0.016116903
2680,80.0,0.016177507
2690,80.0,0.01621073
2700,80.0,0.016234248
2710,80.0,0.016286332
2720,80.0,0.016315426
2730,80.0,0.016367706
2740,80.0,0.016411919
2750,80.0,0.016430468
2760,80.0,0.016485213
2770,80.0,0.016538182
2780,81.0,0.016580189
2790,81.0,0.016611301
2800,81.0,0.016671802
2810,81.0,0.016730717
2820,81.0,0.016760466
2830,81.0,0.016827856
2840,81.0,0.016863205
2850,81.0,0.016882548
2860,81.0,0.016927747
2870,81.0,0.016989188
2880,82.0,0.017046428
2890,84.0,0.017093797
2900,84.0,0.017148343
2910,84.0,0.01718101
2920,84.0,0.017239865
2930,84.0,0.017276174
2940,84.0,0.017335767
2950,84.0,0.017361109
2960,84.0,0.017396946
2970,84.0,0.017437088
2980,84.0,0.017466951
2990,84.0,0.017494081
3000,84.0,0.01751332
3010,84.0,0.017534818
3020,84.0,0.017555534
3030,84.0,0.017576146
3040,84.0,0.017598545
3050,84.0,0.017651997
3060,84.0,0.01773138
3070,84.0,0.017785577
3080,84.0,0.01785819
3090,84.0,0.017923404
3100,84.0,0.017959645
3110,84.0,0.017985814
3120,84.0,0.018012792
3130,84.0,0.018038675
3140,84.0,0.018097766
3150,84.0,0.018146705
3160,84.0,0.018174047
3170,84.0,0.01820659
3180,84.0,0.01824904
3190,84.0,0.018290607
3200,84.0,0.018347495
3210,84.0,0.018396059
3220,84.0,0.018461354
3230,84.0,0.01848885
3240,84.0,0.018528909
3250,84.0,0.018560906
3260,84.0,0.018608748
3270,84.0,0.018639757
3280,84.0,0.018666909
3290,84.0,0.018692779
3300,84.0,0.018733359
3310,84.0,0.018768995
3320,84.0,0.018799878
3330,84.0,0.018822778
3340,84.0,0.01884353
3350,84.0,0.018866868
3360,84.0,0.018892371
3370,84.0,0.01891958
3380,84.0,0.018955189
3390,84.0,0.018997549
3400,84.0,0.019041538
3410,84.0,0.019087153
3420,84.0,0.019124459
3430,84.0,0.019161604
3440,84.0,0.019184228
3450,84.0,0.019372033
3460,84.0,0.01939967
3470,84.0,0.019420882
3480,84.0,0.019443043
3490,84.0,0.019466793
3500,84.0,0.019510234
3510,84.0,0.019534574
3520,84.0,0.019555449
3530,84.0,0.019575858
3540,84.0,0.019602486
3550,84.0,0.01962279
3560,84.0,0.019641661
3570,84.0,0.019662721
3580,84.0,0.019680158
3590,84.0,0.019697382
3600,84.0,0.019749718
3610,84.0,0.019819343
3620,84.0,0.019840816
3630,84.0,0.01986201
3640,84.0,0.0198816
3650,84.0,0.019902036
3660,84.0,0.01992774
3670,84.0,0.01995175
3680,84.0,0.019969316
3690,84.0,0.019986754
3700,84.0,0.020019649
3710,84.0,0.020037045
3720,84.0,0.020067463
3730,84.0,0.020088878
3740,84.0,0.020105768
3750,84.0,0.02012612
3760,84.0,0.02015124
3770,84.0,0.0201704
3780,84.0,0.02018996
3790,84.0,0.020208418
3800,84.0,0.020225316
3810,84.0,0.020242607
3820,84.0,0.020263788
3830,84.0,0.020287969
3840,84.0,0.020313255
3850,84.0,0.020333978
3860,84.0,0.020352101
3870,84.0,0.020376415
3880,84.0,0.020403667
3890,84.0,0.02042507
3900,84.0,0.020445094
3910,84.0,0.020463399
3920,84.0,0.020483052
3930,84.0,0.020508323
3940,84.0,0.020535915
3950,84.0,0.020555683
3960,84.0,0.020595529
3970,84.0,0.020615879
3980,84.0,0.020635297
3990,84.0,0.020656626
4000,84.0,0.020676675
