iterations,fitness,time
0,61.0,0.006181952
10,59.0,0.010621606
20,59.0,0.017533563
30,63.0,0.023738215
40,59.0,0.029825321
50,61.0,0.034840288
60,61.0,0.039663745
70,63.0,0.043647553
80,65.0,0.162186402
90,65.0,0.182854178
100,67.0,0.189280885
110,65.0,0.197948905
120,65.0,0.277183351
130,67.0,0.279594331
140,67.0,0.295325002
150,65.0,0.34781675
160,65.0,0.419593711
170,64.0,0.422278882
180,67.0,0.621378524
190,69.0,0.778207867
200,69.0,0.79912872
210,67.0,0.80072547
220,67.0,0.803747717
230,67.0,0.806758668
240,69.0,0.825922689
250,71.0,0.855055767
260,71.0,0.855679359
270,71.0,0.85592288
280,71.0,0.856288802
290,69.0,0.857255901
300,69.0,0.858000914
310,69.0,0.859365183
320,67.0,0.859606195
330,69.0,0.860029256
340,67.0,0.860290119
350,69.0,0.860651697
360,71.0,0.862197916
370,71.0,0.863492574
380,67.0,0.864840715
390,69.0,0.866055237
400,70.0,0.867029595
410,66.0,0.867942979
420,66.0,0.869423934
430,67.0,0.87029956
440,66.0,0.871757716
450,66.0,0.8726156
460,64.0,0.874100278
470,64.0,0.875394872
480,64.0,0.875734348
490,64.0,0.876215741
500,64.0,0.876683552
510,64.0,0.877196593
520,66.0,0.877746704
530,66.0,0.878317167
540,66.0,0.878776622
550,66.0,0.8795364
560,66.0,0.880043611
570,66.0,0.880401451
580,66.0,0.880835626
590,68.0,0.881230632
600,68.0,0.881803383
610,68.0,0.882382946
620,69.0,0.882971596
630,68.0,0.883599903
640,70.0,0.883897466
650,70.0,0.884169952
660,70.0,0.884752574
670,74.0,0.884995553
680,74.0,0.88557587
690,72.0,0.88608113
700,72.0,0.886583796
710,72.0,0.8871341
720,72.0,0.88766659
730,74.0,0.888206273
740,74.0,0.888499888
750,74.0,0.888958762
760,74.0,0.889474894
770,74.0,0.890105808
780,74.0,0.890829585
790,72.0,0.891174218
800,73.0,0.891986188
810,72.0,0.89242576
820,74.0,0.892913028
830,72.0,0.893315117
840,74.0,0.893603625
850,72.0,0.894403002
860,72.0,0.894960844
870,71.0,0.895686222
880,70.0,0.89655086
890,71.0,0.897202218
900,72.0,0.897977462
910,73.0,0.898702871
920,73.0,0.899644609
930,73.0,0.901009732
940,73.0,0.901387982
950,75.0,0.90208521
960,75.0,0.902323726
970,75.0,0.902525148
980,75.0,0.90294772
990,76.0,0.903433963
1000,76.0,0.903808507
1010,76.0,0.904053767
1020,75.0,0.90436558
1030,75.0,0.904675507
1040,77.0,0.905544592
1050,75.0,0.905830971
1060,75.0,0.906236191
1070,75.0,0.906519189
1080,74.0,0.906853057
1090,74.0,0.907268774
1100,74.0,0.907668359
1110,76.0,0.907973837
1120,76.0,0.908359398
1130,75.0,0.908564535
1140,73.0,0.908887429
1150,73.0,0.9092467
1160,73.0,0.909817752
1170,75.0,0.910087637
1180,75.0,0.910455864
1190,75.0,0.910731576
1200,79.0,0.910935677
1210,77.0,0.911258593
1220,79.0,0.911494834
1230,77.0,0.911814501
1240,79.0,0.912073999
1250,79.0,0.91241892
1260,79.0,0.912681931
1270,79.0,0.913038257
1280,79.0,0.913301653
1290,77.0,0.913586896
1300,77.0,0.913802105
1310,77.0,0.914032938
1320,79.0,0.914331792
1330,79.0,0.915072943
1340,77.0,0.915324239
1350,77.0,0.915564374
1360,77.0,0.915774271
1370,78.0,0.916030877
1380,75.0,0.916229832
1390,75.0,0.916500256
1400,73.0,0.9168307
1410,73.0,0.917260535
1420,75.0,0.917667734
1430,75.0,0.917958089
1440,77.0,0.918333016
1450,73.0,0.918620203
1460,73.0,0.919153101
1470,75.0,0.919609802
1480,73.0,0.920133012
1490,75.0,0.920514985
1500,73.0,0.920983854
1510,75.0,0.921372786
1520,73.0,0.921767068
1530,73.0,0.922118612
1540,73.0,0.922444933
1550,73.0,0.923491757
1560,73.0,0.92447012
1570,75.0,0.925817823
1580,75.0,0.927175824
1590,73.0,0.927993849
1600,75.0,0.929135712
1610,73.0,0.930106362
1620,74.0,0.931010596
1630,74.0,0.931317971
1640,72.0,0.931608145
1650,72.0,0.932043959
1660,72.0,0.932491213
1670,74.0,0.932786886
1680,72.0,0.933206261
1690,72.0,0.933491765
1700,74.0,0.933855465
1710,74.0,0.93440119
1720,74.0,0.934932228
1730,74.0,0.935407469
1740,72.0,0.935909071
1750,72.0,0.936449297
1760,74.0,0.937103209
1770,72.0,0.937445426
1780,72.0,0.937956669
1790,74.0,0.939186882
1800,72.0,0.93995531
1810,74.0,0.940409382
1820,74.0,0.940692668
1830,74.0,0.941260436
1840,74.0,0.941519886
1850,74.0,0.941962984
1860,74.0,0.942356961
1870,74.0,0.943179911
1880,74.0,0.94355987
1890,74.0,0.94431107
1900,72.0,0.944709683
1910,74.0,0.945008139
1920,74.0,0.94608035
1930,74.0,0.946351644
1940,78.0,0.946756966
1950,74.0,0.947514037
1960,78.0,0.947740054
1970,72.0,0.948069562
1980,72.0,0.94843339
1990,74.0,0.948867554
2000,72.0,0.949424978
2010,74.0,0.950147198
2020,74.0,0.950509672
2030,74.0,0.950976304
2040,72.0,0.952044478
2050,74.0,0.952811437
2060,74.0,0.953195757
2070,72.0,0.953578359
2080,74.0,0.954340244
2090,74.0,0.955312185
2100,70.0,0.9556322
2110,72.0,0.956288409
2120,72.0,0.957027355
2130,72.0,0.957584442
2140,72.0,0.958939562
2150,74.0,0.959417302
2160,74.0,0.96034328
2170,72.0,0.961846317
2180,72.0,0.962398385
2190,72.0,0.96271904
2200,70.0,0.963008397
2210,70.0,0.963594573
2220,70.0,0.963945968
2230,72.0,0.964276405
2240,73.0,0.964563585
2250,71.0,0.964891131
2260,73.0,0.965245901
2270,75.0,0.965684783
2280,75.0,0.966122025
2290,75.0,0.966745339
2300,75.0,0.967446181
2310,75.0,0.968423511
2320,75.0,0.972465748
2330,75.0,0.973060691
2340,75.0,0.990567711
2350,75.0,0.991169286
2360,75.0,0.992150014
2370,76.0,0.993377528
2380,75.0,0.994753456
2390,75.0,0.995508505
2400,76.0,0.997112436
2410,75.0,0.997654243
2420,75.0,0.9985848
2430,75.0,0.999959943
2440,76.0,1.000350502
2450,75.0,1.001120965
2460,75.0,1.001934447
2470,77.0,1.002714032
2480,77.0,1.002972242
2490,79.0,1.003509054
2500,77.0,1.004059125
2510,79.0,1.004943808
2520,79.0,1.005509535
2530,81.0,1.006494531
2540,81.0,1.007072846
2550,81.0,1.008285451
2560,81.0,1.009689327
2570,79.0,1.010067383
2580,79.0,1.010481066
2590,79.0,1.010897462
2600,81.0,1.011366346
2610,79.0,1.011795299
2620,79.0,1.012004165
2630,79.0,1.012910252
2640,77.0,1.013700024
2650,77.0,1.014141567
2660,77.0,1.015259592
2670,77.0,1.016132189
2680,75.0,1.016529395
2690,77.0,1.017465485
2700,77.0,1.017966775
2710,75.0,1.018276495
2720,73.0,1.018853428
2730,75.0,1.019529161
2740,73.0,1.020407508
2750,73.0,1.021446221
2760,75.0,1.022396688
2770,71.0,1.023935447
2780,69.0,1.024354619
2790,71.0,1.025162505
2800,73.0,1.025819116
2810,73.0,1.026403091
2820,69.0,1.026722385
2830,69.0,1.026926842
2840,73.0,1.027146058
2850,71.0,1.027364872
2860,71.0,1.027606295
2870,73.0,1.027855565
2880,71.0,1.114715956
2890,75.0,1.115178613
2900,75.0,1.115620578
2910,77.0,1.116196996
2920,78.0,1.116420997
2930,79.0,1.116620396
2940,73.0,1.116835448
2950,75.0,1.117032829
2960,75.0,1.11725854
2970,75.0,1.117594217
2980,73.0,1.117904985
2990,75.0,1.118485224
3000,77.0,1.119259978
3010,75.0,1.120068257
3020,75.0,1.120510822
3030,75.0,1.120713146
3040,75.0,1.120984367
3050,77.0,1.121190941
3060,73.0,1.121404887
3070,73.0,1.121594141
3080,71.0,1.121787138
3090,71.0,1.121976738
3100,69.0,1.122253417
3110,71.0,1.122495628
3120,71.0,1.122716194
3130,71.0,1.122908531
3140,71.0,1.123114566
3150,71.0,1.123308821
3160,69.0,1.123502115
3170,73.0,1.123697856
3180,71.0,1.124216601
3190,71.0,1.124891925
3200,71.0,1.125991782
3210,73.0,1.126431808
3220,73.0,1.127430199
3230,75.0,1.128356978
3240,75.0,1.129621702
3250,75.0,1.130455814
3260,73.0,1.130888915
3270,73.0,1.13142405
3280,73.0,1.131886312
3290,73.0,1.132262543
3300,75.0,1.132697728
3310,75.0,1.133142388
3320,73.0,1.133591649
3330,73.0,1.134327504
3340,73.0,1.134571199
3350,73.0,1.134848968
3360,75.0,1.135150527
3370,75.0,1.135437706
3380,75.0,1.135668747
3390,75.0,1.136686861
3400,77.0,1.137130912
3410,77.0,1.13811429
3420,77.0,1.138963873
3430,79.0,1.140045609
3440,79.0,1.14063157
3450,79.0,1.141668009
3460,79.0,1.142750129
3470,79.0,1.143662922
3480,79.0,1.144592023
3490,79.0,1.144997749
3500,79.0,1.145421435
3510,79.0,1.146361107
3520,79.0,1.146721252
3530,81.0,1.14706362
3540,81.0,1.147421963
3550,81.0,1.148703394
3560,81.0,1.149993104
3570,81.0,1.150589196
3580,81.0,1.151350978
3590,81.0,1.151978134
3600,81.0,1.152564654
3610,81.0,1.153718588
3620,81.0,1.153957679
3630,81.0,1.155064147
3640,81.0,1.155870385
3650,79.0,1.156343912
3660,81.0,1.156889804
3670,81.0,1.157414619
3680,81.0,1.15772889
3690,81.0,1.158215671
3700,79.0,1.15866774
3710,79.0,1.205961771
3720,81.0,1.206506024
3730,81.0,1.208547919
3740,79.0,1.210313487
3750,79.0,1.211694333
3760,79.0,1.212092505
3770,81.0,1.212506403
3780,81.0,1.212816047
3790,79.0,1.213115798
3800,81.0,1.213401824
3810,81.0,1.213678845
3820,79.0,1.213899577
3830,77.0,1.214292503
3840,77.0,1.214552425
3850,79.0,1.214901719
3860,77.0,1.215381723
3870,77.0,1.216346906
3880,77.0,1.216885828
3890,77.0,1.217707786
3900,77.0,1.218959698
3910,77.0,1.219503192
3920,77.0,1.219961071
3930,80.0,1.220604752
3940,79.0,1.220828011
3950,81.0,1.221033892
3960,80.0,1.221287043
3970,79.0,1.221582577
3980,79.0,1.22183862
3990,79.0,1.222085979
4000,78.0,1.222406751
