iterations,fitness,time
0,63.0,0.006235972
10,63.0,0.013742732
20,64.0,0.019793475
30,64.0,0.026879983
40,68.0,0.03438184
50,68.0,0.041004702
60,70.0,0.159198448
70,70.0,0.162468706
80,70.0,0.166924651
90,70.0,0.251215829
100,70.0,0.261272367
110,70.0,0.276977751
120,68.0,0.285990814
130,68.0,0.29680927
140,68.0,0.305031364
150,70.0,0.369411999
160,70.0,0.3700428
170,70.0,0.370691131
180,68.0,0.371474519
190,68.0,0.372114567
200,70.0,0.372802125
210,68.0,0.374065963
220,70.0,0.375386013
230,72.0,0.402037046
240,70.0,0.403644917
250,70.0,0.404726428
260,70.0,0.406207746
270,70.0,0.407389253
280,70.0,0.409281638
290,70.0,0.410993308
300,72.0,0.413528578
310,70.0,0.416404404
320,74.0,0.550330817
330,72.0,0.598958006
340,70.0,0.600381887
350,70.0,0.601680942
360,68.0,0.757852434
370,70.0,0.922381674
380,68.0,0.971018817
390,68.0,0.992955534
400,68.0,0.99417133
410,70.0,0.995869254
420,66.0,0.997283311
430,66.0,0.997883687
440,68.0,0.998498469
450,68.0,0.999094995
460,66.0,0.999720562
470,65.0,1.000380123
480,65.0,1.001635968
490,68.0,1.002953911
500,67.0,1.004634495
510,66.0,1.005838594
520,69.0,1.011975443
530,69.0,1.054315815
540,69.0,1.054857923
550,69.0,1.05560488
560,71.0,1.055896543
570,71.0,1.056580638
580,71.0,1.057012728
590,69.0,1.057453308
600,69.0,1.058069157
610,71.0,1.058886132
620,71.0,1.059735055
630,71.0,1.060169569
640,73.0,1.060478509
650,71.0,1.060784867
660,69.0,1.061725218
670,70.0,1.062211937
680,71.0,1.062885705
690,71.0,1.0649876
700,71.0,1.066541359
710,71.0,1.067940883
720,73.0,1.068982803
730,73.0,1.07015628
740,73.0,1.071766224
750,77.0,1.073417141
760,77.0,1.076736
770,75.0,1.080335939
780,77.0,1.08220952
790,75.0,1.08372243
800,75.0,1.084743281
810,75.0,1.085952707
820,75.0,1.088071582
830,73.0,1.089622311
840,75.0,1.090791376
850,75.0,1.092020622
860,73.0,1.092528248
870,75.0,1.092885577
880,75.0,1.093395213
890,75.0,1.094168499
900,77.0,1.094739224
910,77.0,1.0952653
920,75.0,1.096069874
930,77.0,1.096626873
940,77.0,1.097340211
950,77.0,1.097851193
960,77.0,1.098468816
970,77.0,1.098933735
980,75.0,1.099624949
990,77.0,1.100356091
1000,77.0,1.101245921
1010,75.0,1.103448239
1020,77.0,1.105942331
1030,75.0,1.107305395
1040,75.0,1.108043345
1050,77.0,1.108656789
1060,77.0,1.109010356
1070,79.0,1.109531756
1080,77.0,1.110077925
1090,75.0,1.110416926
1100,73.0,1.110730201
1110,71.0,1.111000605
1120,73.0,1.111333936
1130,73.0,1.111717183
1140,73.0,1.1122046
1150,75.0,1.112521985
1160,75.0,1.11291452
1170,75.0,1.113373717
1180,73.0,1.113845292
1190,71.0,1.114429265
1200,71.0,1.116724682
1210,73.0,1.117173988
1220,71.0,1.118128844
1230,73.0,1.119441958
1240,71.0,1.119855535
1250,71.0,1.120279531
1260,71.0,1.120738494
1270,73.0,1.121262514
1280,73.0,1.12155688
1290,73.0,1.121871269
1300,73.0,1.122391501
1310,73.0,1.123059003
1320,73.0,1.123614228
1330,75.0,1.124342024
1340,75.0,1.125140214
1350,75.0,1.126059855
1360,75.0,1.126545842
1370,75.0,1.165389005
1380,75.0,1.167611121
1390,73.0,1.168013524
1400,73.0,1.16841248
1410,74.0,1.169139343
1420,72.0,1.170203017
1430,72.0,1.170498856
1440,71.0,1.170897536
1450,72.0,1.171326984
1460,72.0,1.172034525
1470,72.0,1.173475815
1480,72.0,1.173815872
1490,72.0,1.174152894
1500,72.0,1.174439716
1510,72.0,1.17471625
1520,73.0,1.17501854
1530,69.0,1.175914558
1540,72.0,1.176296761
1550,68.0,1.176676938
1560,70.0,1.176928953
1570,68.0,1.177407892
1580,70.0,1.177756148
1590,71.0,1.178239134
1600,70.0,1.178530965
1610,69.0,1.178787754
1620,72.0,1.179032378
1630,70.0,1.179341422
1640,72.0,1.179598706
1650,74.0,1.180141766
1660,72.0,1.181491588
1670,74.0,1.18191748
1680,74.0,1.18238705
1690,74.0,1.182892211
1700,74.0,1.183196743
1710,74.0,1.183698229
1720,72.0,1.184459504
1730,74.0,1.184941801
1740,74.0,1.185436925
1750,74.0,1.185826025
1760,74.0,1.186538462
1770,76.0,1.186970744
1780,76.0,1.187585843
1790,78.0,1.187848072
1800,78.0,1.188172069
1810,78.0,1.188644622
1820,78.0,1.188912803
1830,76.0,1.189180515
1840,76.0,1.189588321
1850,76.0,1.189931876
1860,78.0,1.190794039
1870,76.0,1.191223158
1880,78.0,1.191457794
1890,78.0,1.191872555
1900,78.0,1.192375331
1910,78.0,1.192683821
1920,78.0,1.193310137
1930,78.0,1.193724074
1940,78.0,1.194034498
1950,78.0,1.19433922
1960,76.0,1.194627986
1970,76.0,1.195125703
1980,76.0,1.195986386
1990,74.0,1.196629764
2000,74.0,1.197994244
2010,76.0,1.198364598
2020,78.0,1.199444427
2030,76.0,1.201401971
2040,76.0,1.204160183
2050,74.0,1.206027996
2060,74.0,1.207494781
2070,74.0,1.210696099
2080,74.0,1.264307267
2090,74.0,1.264662794
2100,74.0,1.264960465
2110,74.0,1.265270581
2120,74.0,1.265598577
2130,74.0,1.266182938
2140,74.0,1.266435023
2150,74.0,1.266686865
2160,74.0,1.266924915
2170,75.0,1.267150256
2180,75.0,1.267385684
2190,75.0,1.267605818
2200,77.0,1.267850341
2210,77.0,1.268110265
2220,79.0,1.268385777
2230,77.0,1.268664469
2240,75.0,1.269150811
2250,75.0,1.269721017
2260,75.0,1.270278444
2270,77.0,1.270734663
2280,77.0,1.271268305
2290,77.0,1.271716153
2300,77.0,1.272016044
2310,78.0,1.272274549
2320,77.0,1.272526859
2330,77.0,1.272888727
2340,75.0,1.27328613
2350,77.0,1.273711675
2360,79.0,1.274267076
2370,79.0,1.274683141
2380,79.0,1.275153553
2390,79.0,1.275653841
2400,79.0,1.276103986
2410,79.0,1.276430278
2420,80.0,1.276695136
2430,80.0,1.276976959
2440,79.0,1.277218008
2450,79.0,1.277520474
2460,78.0,1.278039675
2470,75.0,1.27851925
2480,77.0,1.28000665
2490,79.0,1.280400545
2500,77.0,1.280964207
2510,77.0,1.282413956
2520,77.0,1.283745834
2530,75.0,1.284210768
2540,77.0,1.284708346
2550,77.0,1.285144969
2560,77.0,1.285671925
2570,75.0,1.286280464
2580,75.0,1.286651672
2590,75.0,1.287204551
2600,77.0,1.290040407
2610,75.0,1.291854314
2620,73.0,1.292295948
2630,73.0,1.292972047
2640,75.0,1.295226275
2650,73.0,1.298243052
2660,75.0,1.298622498
2670,75.0,1.299062177
2680,73.0,1.299569614
2690,73.0,1.300266357
2700,77.0,1.302560635
2710,73.0,1.306523987
2720,73.0,1.311125545
2730,71.0,1.314611548
2740,71.0,1.316082643
2750,71.0,1.325611096
2760,71.0,1.325860082
2770,71.0,1.326103157
2780,69.0,1.326440017
2790,71.0,1.326671463
2800,71.0,1.326903226
2810,73.0,1.327132506
2820,75.0,1.327471412
2830,71.0,1.32772509
2840,73.0,1.328006952
2850,71.0,1.328334219
2860,73.0,1.328673139
2870,73.0,1.329015124
2880,73.0,1.329337986
2890,73.0,1.353332347
2900,73.0,1.353579022
2910,73.0,1.353815772
2920,73.0,1.354056523
2930,73.0,1.368437497
2940,73.0,1.368742398
2950,73.0,1.369113599
2960,73.0,1.369370505
2970,73.0,1.369618821
2980,71.0,1.369910181
2990,73.0,1.388470293
3000,74.0,1.395416975
3010,72.0,1.395890324
3020,72.0,1.396907644
3030,72.0,1.397509615
3040,72.0,1.398042899
3050,70.0,1.398490138
3060,70.0,1.398853487
3070,70.0,1.39925516
3080,72.0,1.399538481
3090,72.0,1.39982165
3100,74.0,1.400158881
3110,72.0,1.400394433
3120,73.0,1.400631253
3130,72.0,1.400913164
3140,71.0,1.401184306
3150,71.0,1.401468218
3160,71.0,1.401770988
3170,72.0,1.402043652
3180,72.0,1.402304761
3190,72.0,1.402652385
3200,72.0,1.402899524
3210,72.0,1.403119616
3220,72.0,1.40333778
3230,72.0,1.403564433
3240,70.0,1.403791956
3250,72.0,1.404023835
3260,71.0,1.404255185
3270,72.0,1.404486559
3280,72.0,1.404742641
3290,74.0,1.404986732
3300,76.0,1.405244636
3310,76.0,1.40555512
3320,76.0,1.406035789
3330,76.0,1.406552711
3340,76.0,1.406979649
3350,74.0,1.407430484
3360,76.0,1.407968753
3370,74.0,1.408543097
3380,72.0,1.409474188
3390,74.0,1.410001813
3400,74.0,1.411278908
3410,74.0,1.412190844
3420,74.0,1.413363323
3430,74.0,1.414597595
3440,74.0,1.415515421
3450,72.0,1.416172307
3460,72.0,1.416969573
3470,72.0,1.418119576
3480,74.0,1.419137048
3490,76.0,1.420193315
3500,76.0,1.420882173
3510,76.0,1.421263297
3520,78.0,1.421593843
3530,76.0,1.421902151
3540,78.0,1.422193265
3550,76.0,1.422447216
3560,76.0,1.422692103
3570,78.0,1.42302057
3580,74.0,1.423432362
3590,74.0,1.423683311
3600,74.0,1.513376066
3610,72.0,1.515506078
3620,72.0,1.516339699
3630,70.0,1.517681464
3640,70.0,1.518591835
3650,70.0,1.519738352
3660,72.0,1.520127627
3670,70.0,1.520674348
3680,70.0,1.522016359
3690,70.0,1.523052568
3700,70.0,1.52791638
3710,70.0,1.579425868
3720,70.0,1.57993393
3730,72.0,1.582742702
3740,70.0,1.584072898
3750,72.0,1.584605191
3760,72.0,1.584914111
3770,74.0,1.585246124
3780,70.0,1.585797907
3790,72.0,1.586490113
3800,74.0,1.58734638
3810,74.0,1.588182643
3820,76.0,1.58910712
3830,78.0,1.590345164
3840,82.0,1.591161092
3850,82.0,1.592350218
3860,80.0,1.593837638
3870,80.0,1.595373508
3880,82.0,1.596359545
3890,80.0,1.597692385
3900,78.0,1.598848254
3910,80.0,1.599725306
3920,80.0,1.601048754
3930,80.0,1.602516761
3940,80.0,1.603481074
3950,80.0,1.604577472
3960,80.0,1.615510721
3970,82.0,1.616578241
3980,82.0,1.617365803
3990,80.0,1.618794548
4000,80.0,1.619661994
