iterations,fitness,time
0,63.0,0.005065641
10,63.0,0.009816503
20,65.0,0.016763823
30,65.0,0.023186239
40,64.0,0.02932311
50,65.0,0.035438806
60,65.0,0.050475524
70,65.0,0.053007747
80,64.0,0.056284313
90,64.0,0.059184288
100,67.0,0.062962789
110,66.0,0.066230457
120,66.0,0.067689399
130,70.0,0.07006928
140,71.0,0.073263973
150,68.0,0.076201786
160,72.0,0.078266556
170,70.0,0.079636049
180,67.0,0.17275084
190,67.0,0.178517921
200,68.0,0.273524762
210,70.0,0.278639729
220,70.0,0.280081931
230,70.0,0.297201138
240,70.0,0.419892585
250,72.0,0.422496154
260,71.0,0.423530877
270,73.0,0.533757928
280,71.0,0.534693024
290,73.0,0.560365643
300,77.0,0.628832105
310,75.0,0.718526646
320,75.0,0.718962175
330,75.0,0.719778186
340,73.0,0.762717951
350,75.0,0.781599886
360,74.0,0.784120999
370,73.0,0.787122662
380,74.0,0.790252771
390,77.0,0.800522437
400,76.0,0.804062604
410,76.0,0.80783572
420,77.0,0.810464121
430,77.0,0.813375413
440,75.0,0.816471749
450,75.0,0.81970983
460,75.0,0.822109324
470,77.0,0.824831487
480,77.0,0.830574665
490,77.0,0.833723834
500,77.0,0.834455617
510,75.0,0.84323907
520,75.0,0.862061557
530,75.0,0.862678852
540,79.0,0.863289845
550,75.0,0.863815687
560,75.0,0.864194039
570,75.0,0.865121241
580,73.0,0.866558196
590,73.0,0.866843655
600,73.0,0.867128215
610,71.0,0.867558309
620,75.0,0.867975942
630,73.0,0.868589489
640,73.0,0.869072049
650,75.0,0.869343899
660,79.0,0.870277899
670,73.0,0.87072973
680,73.0,0.873006201
690,75.0,0.875039768
700,77.0,0.876715637
710,77.0,0.878181908
720,77.0,0.881028091
730,75.0,0.885608425
740,73.0,0.88746763
750,74.0,0.888858446
760,76.0,0.889945798
770,74.0,0.891266968
780,76.0,0.892218187
790,75.0,0.893122605
800,75.0,0.894141605
810,73.0,0.895028525
820,77.0,0.895827784
830,76.0,0.89663555
840,76.0,0.897595083
850,74.0,0.89867632
860,72.0,0.89942299
870,72.0,0.900211504
880,70.0,0.901342613
890,72.0,0.903786965
900,70.0,0.904391378
910,70.0,0.904982504
920,72.0,0.906426177
930,70.0,0.90760219
940,72.0,0.907863726
950,72.0,0.908123496
960,73.0,0.908593531
970,75.0,0.909404407
980,74.0,0.909900743
990,74.0,0.910538656
1000,72.0,0.911134742
1010,70.0,0.911936026
1020,70.0,0.91247532
1030,70.0,0.91338704
1040,70.0,0.915149056
1050,70.0,0.915696704
1060,68.0,0.91666268
1070,69.0,0.917379974
1080,71.0,0.918614088
1090,69.0,0.91911643
1100,70.0,0.919607256
1110,70.0,0.920100954
1120,67.0,0.920557499
1130,69.0,0.921006528
1140,73.0,0.921511704
1150,68.0,0.921788638
1160,66.0,0.924566961
1170,66.0,0.926238097
1180,66.0,0.926858791
1190,68.0,0.927177474
1200,70.0,0.928681645
1210,70.0,0.928989395
1220,70.0,0.932457722
1230,70.0,0.933266954
1240,70.0,0.933793271
1250,72.0,0.934055807
1260,70.0,0.938779051
1270,71.0,0.93967346
1280,72.0,0.940668113
1290,72.0,0.941978776
1300,72.0,0.942388835
1310,76.0,0.942958322
1320,74.0,0.943722281
1330,74.0,0.944468085
1340,75.0,0.94530316
1350,73.0,0.9460931
1360,75.0,0.946664703
1370,72.0,0.94809761
1380,72.0,0.948675493
1390,73.0,0.948980469
1400,71.0,0.949411454
1410,71.0,0.949699461
1420,72.0,0.950008001
1430,70.0,0.950448728
1440,71.0,0.950837615
1450,72.0,0.951474351
1460,72.0,0.952129228
1470,72.0,0.952803279
1480,72.0,0.953087652
1490,71.0,0.953402444
1500,75.0,0.953934676
1510,74.0,0.954211412
1520,76.0,0.954619951
1530,76.0,0.954867894
1540,78.0,0.955465507
1550,74.0,0.955761989
1560,74.0,0.956192843
1570,76.0,0.956451178
1580,74.0,0.956800855
1590,74.0,0.957516729
1600,74.0,0.957838866
1610,74.0,0.958069496
1620,74.0,0.958312638
1630,76.0,0.958714596
1640,70.0,0.959098587
1650,70.0,0.959504692
1660,72.0,0.959920437
1670,72.0,0.960427687
1680,72.0,0.96071729
1690,70.0,0.960956226
1700,68.0,0.961228833
1710,70.0,0.961502665
1720,70.0,0.96173941
1730,70.0,0.962012457
1740,72.0,0.962423848
1750,68.0,0.962745063
1760,70.0,0.963268364
1770,70.0,0.963858391
1780,70.0,0.964328043
1790,70.0,0.964627039
1800,68.0,0.964985497
1810,67.0,0.965624063
1820,69.0,0.966111379
1830,67.0,0.966540052
1840,68.0,0.967555729
1850,66.0,0.968624807
1860,67.0,0.96968563
1870,67.0,0.970984417
1880,67.0,0.97271922
1890,65.0,0.973624257
1900,67.0,0.974392426
1910,67.0,0.975254333
1920,67.0,0.976242174
1930,69.0,0.976657648
1940,67.0,0.977083376
1950,67.0,0.978020826
1960,65.0,0.978375522
1970,67.0,0.97928779
1980,67.0,0.97976351
1990,67.0,0.980196619
2000,67.0,0.980702293
2010,65.0,0.981621318
2020,65.0,0.982038565
2030,65.0,0.982719937
2040,65.0,0.983174183
2050,65.0,0.983614153
2060,67.0,0.983896402
2070,65.0,0.984211536
2080,65.0,0.984649147
2090,63.0,0.985235688
2100,64.0,0.985560417
2110,64.0,0.985967246
2120,66.0,0.986400039
2130,70.0,0.986895891
2140,65.0,0.987415196
2150,64.0,0.988129636
2160,68.0,0.988990866
2170,68.0,0.989374521
2180,68.0,0.989708907
2190,66.0,0.990826175
2200,66.0,0.991334486
2210,67.0,0.991681502
2220,69.0,0.992168486
2230,73.0,0.992759557
2240,73.0,0.99309474
2250,76.0,0.993507769
2260,75.0,0.994051234
2270,75.0,0.994849182
2280,76.0,0.995363539
2290,76.0,0.995692718
2300,76.0,0.996606243
2310,76.0,0.997643588
2320,72.0,0.998932577
2330,72.0,0.999565137
2340,76.0,1.000084419
2350,76.0,1.000602354
2360,76.0,1.00120118
2370,76.0,1.001818793
2380,76.0,1.002202187
2390,76.0,1.003010191
2400,76.0,1.004511979
2410,75.0,1.005037386
2420,74.0,1.005580429
2430,74.0,1.00600837
2440,75.0,1.006461509
2450,76.0,1.00683467
2460,75.0,1.007118907
2470,77.0,1.008133758
2480,74.0,1.008669395
2490,75.0,1.009460663
2500,73.0,1.010402837
2510,77.0,1.010936753
2520,77.0,1.011162204
2530,78.0,1.01142229
2540,73.0,1.011695185
2550,77.0,1.012146135
2560,74.0,1.01263584
2570,73.0,1.013114724
2580,71.0,1.01349328
2590,69.0,1.014844245
2600,71.0,1.016028321
2610,69.0,1.016931701
2620,69.0,1.018559752
2630,69.0,1.019753552
2640,71.0,1.020688608
2650,69.0,1.02180393
2660,71.0,1.109958402
2670,74.0,1.110948451
2680,71.0,1.111569593
2690,72.0,1.11191759
2700,69.0,1.112457194
2710,71.0,1.113008313
2720,71.0,1.113370204
2730,67.0,1.113652175
2740,73.0,1.113929699
2750,71.0,1.11431735
2760,71.0,1.114637406
2770,73.0,1.116098651
2780,72.0,1.11745026
2790,71.0,1.119125663
2800,72.0,1.120223369
2810,70.0,1.120462434
2820,69.0,1.120822961
2830,70.0,1.121304465
2840,66.0,1.1216376
2850,70.0,1.121907035
2860,71.0,1.122344818
2870,66.0,1.12267198
2880,71.0,1.122909103
2890,68.0,1.152355638
2900,69.0,1.152833223
2910,71.0,1.153443611
2920,69.0,1.154768393
2930,70.0,1.155546601
2940,74.0,1.169329248
2950,68.0,1.17021708
2960,68.0,1.206048791
2970,70.0,1.206734558
2980,70.0,1.20717092
2990,71.0,1.208193367
3000,70.0,1.208528931
3010,70.0,1.209099259
3020,72.0,1.209586092
3030,72.0,1.210190939
3040,70.0,1.210912574
3050,70.0,1.211343257
3060,70.0,1.211625079
3070,70.0,1.211900576
3080,72.0,1.213226106
3090,70.0,1.213552481
3100,74.0,1.213993405
3110,76.0,1.214544629
3120,78.0,1.215499406
3130,76.0,1.216087162
3140,76.0,1.217044697
3150,78.0,1.218279236
3160,76.0,1.219407121
3170,76.0,1.220653148
3180,76.0,1.221290227
3190,76.0,1.221808308
3200,76.0,1.222818901
3210,76.0,1.223358305
3220,70.0,1.223804181
3230,72.0,1.224559797
3240,74.0,1.225454344
3250,74.0,1.226206366
3260,72.0,1.226699163
3270,74.0,1.227936814
3280,74.0,1.229148332
3290,71.0,1.229683323
3300,70.0,1.230896058
3310,72.0,1.231555688
3320,72.0,1.232494934
3330,74.0,1.233195558
3340,75.0,1.236468089
3350,75.0,1.236783771
3360,74.0,1.237699037
3370,75.0,1.239165805
3380,75.0,1.240744685
3390,74.0,1.241319034
3400,73.0,1.241882658
3410,77.0,1.242674796
3420,77.0,1.242993661
3430,77.0,1.243594631
3440,75.0,1.244488286
3450,75.0,1.245100919
3460,75.0,1.245844405
3470,75.0,1.246990173
3480,75.0,1.247719605
3490,77.0,1.248218575
3500,77.0,1.248598896
3510,77.0,1.249095982
3520,75.0,1.249423962
3530,75.0,1.249869195
3540,75.0,1.262339157
3550,75.0,1.263917709
3560,73.0,1.264969857
3570,77.0,1.265824288
3580,73.0,1.266389197
3590,75.0,1.266820506
3600,77.0,1.267298593
3610,75.0,1.267870704
3620,71.0,1.26877664
3630,73.0,1.269714151
3640,73.0,1.270571693
3650,75.0,1.283541434
3660,73.0,1.284307017
3670,73.0,1.28520575
3680,75.0,1.286028279
3690,75.0,1.286873087
3700,76.0,1.287385003
3710,74.0,1.288045854
3720,71.0,1.288487987
3730,70.0,1.289389778
3740,72.0,1.290106669
3750,74.0,1.290732299
3760,74.0,1.291173169
3770,73.0,1.291892924
3780,77.0,1.292524131
3790,75.0,1.292950445
3800,73.0,1.293289577
3810,75.0,1.293743099
3820,77.0,1.294039023
3830,75.0,1.294267235
3840,73.0,1.294488951
3850,75.0,1.294710059
3860,73.0,1.29492683
3870,73.0,1.295160767
3880,73.0,1.295491985
3890,75.0,1.295828428
3900,73.0,1.296044437
3910,73.0,1.296266459
3920,73.0,1.296498605
3930,75.0,1.296726713
3940,77.0,1.297073586
3950,71.0,1.298100368
3960,73.0,1.299317699
3970,73.0,1.30027063
3980,75.0,1.300772584
3990,72.0,1.30139756
4000,74.0,1.302557178
