iterations,fitness,time
0,65.0,0.001816707
10,65.0,0.00371391
20,65.0,0.006026648
30,67.0,0.008992094
40,67.0,0.012685442
50,71.0,0.016045692
60,69.0,0.021304047
70,67.0,0.025278352
80,69.0,0.028479781
90,71.0,0.032429212
100,69.0,0.0375926
110,67.0,0.041754937
120,71.0,0.045590563
130,71.0,0.063815613
140,68.0,0.069239474
150,66.0,0.078902722
160,66.0,0.093347294
170,66.0,0.099853702
180,66.0,0.102712258
190,68.0,0.184174519
200,71.0,0.186217915
210,71.0,0.187127333
220,75.0,0.187991149
230,74.0,0.188918446
240,74.0,0.189754071
250,72.0,0.190900268
260,71.0,0.191687581
270,73.0,0.192473323
280,73.0,0.198096809
290,72.0,0.292595371
300,73.0,0.308111303
310,75.0,0.433566619
320,73.0,0.437000989
330,73.0,0.439824576
340,76.0,0.443135247
350,73.0,0.444916077
360,73.0,0.448173557
370,75.0,0.452278475
380,75.0,0.454729568
390,77.0,0.461600844
400,75.0,0.465640941
410,73.0,0.603576976
420,75.0,0.768776636
430,75.0,0.836536613
440,73.0,0.836961067
450,73.0,0.851193517
460,73.0,0.85327538
470,75.0,0.85672241
480,71.0,0.860577134
490,71.0,0.864014761
500,71.0,0.872571075
510,71.0,0.876869261
520,71.0,0.878293094
530,71.0,0.882640481
540,73.0,0.89683253
550,73.0,0.916137378
560,73.0,0.916713725
570,73.0,0.917139328
580,75.0,0.917637829
590,75.0,0.918060087
600,77.0,0.919601082
610,77.0,0.921632163
620,73.0,0.922172169
630,77.0,0.922774672
640,77.0,0.923222829
650,77.0,0.923584295
660,75.0,0.924128786
670,75.0,0.925632902
680,77.0,0.926979325
690,77.0,0.929378417
700,77.0,0.931944134
710,75.0,0.933538277
720,73.0,0.934647693
730,77.0,0.935712044
740,77.0,0.936636915
750,75.0,0.937681563
760,75.0,0.938173291
770,75.0,0.938483414
780,75.0,0.939292279
790,74.0,0.940132111
800,72.0,0.941242269
810,73.0,0.94271512
820,71.0,0.944475784
830,72.0,0.946411346
840,70.0,0.947336914
850,72.0,0.947853459
860,73.0,0.948308923
870,69.0,0.948706455
880,69.0,0.949211646
890,69.0,0.949906275
900,69.0,0.950623382
910,71.0,0.951231024
920,71.0,0.951590985
930,71.0,0.952222961
940,69.0,0.953095836
950,71.0,0.95348006
960,71.0,0.955105693
970,73.0,0.956662021
980,71.0,0.957266326
990,72.0,0.958238096
1000,73.0,0.958581591
1010,75.0,0.959160566
1020,75.0,0.960479726
1030,71.0,0.961658655
1040,73.0,0.962479332
1050,71.0,0.96312401
1060,75.0,0.963407347
1070,73.0,0.963657546
1080,73.0,0.963936574
1090,71.0,0.964274091
1100,69.0,0.964586584
1110,67.0,0.964853775
1120,71.0,0.96523005
1130,65.0,0.965468529
1140,66.0,0.965720104
1150,68.0,0.965978011
1160,72.0,0.966274398
1170,72.0,0.966545076
1180,74.0,0.966813801
1190,74.0,0.967070431
1200,72.0,0.96733565
1210,70.0,0.967660087
1220,72.0,0.967966518
1230,72.0,0.968375478
1240,72.0,0.969190122
1250,71.0,0.969803343
1260,71.0,0.970502977
1270,74.0,0.971159005
1280,72.0,0.97206176
1290,76.0,0.972616662
1300,74.0,0.973035631
1310,74.0,0.974243206
1320,76.0,0.974628881
1330,74.0,0.974955216
1340,74.0,0.975374213
1350,70.0,0.976819811
1360,72.0,0.977326524
1370,72.0,0.977609669
1380,72.0,0.977888521
1390,74.0,0.978148259
1400,74.0,0.9784577
1410,74.0,0.978895736
1420,70.0,0.979247203
1430,71.0,0.979578977
1440,70.0,0.980974151
1450,69.0,0.981491002
1460,72.0,0.982274731
1470,70.0,0.982991044
1480,68.0,0.983386855
1490,70.0,0.98401233
1500,68.0,0.984425643
1510,70.0,0.984881998
1520,70.0,0.985319702
1530,71.0,0.985693236
1540,70.0,0.986164846
1550,71.0,0.986657344
1560,71.0,0.987049804
1570,74.0,0.98743309
1580,76.0,0.987862687
1590,76.0,0.988403039
1600,76.0,0.989599429
1610,75.0,0.990116075
1620,72.0,0.997799293
1630,72.0,1.037921889
1640,72.0,1.039018136
1650,74.0,1.039822235
1660,74.0,1.040442823
1670,74.0,1.040779574
1680,74.0,1.041423202
1690,76.0,1.041732548
1700,76.0,1.04313286
1710,74.0,1.044054477
1720,75.0,1.045332382
1730,75.0,1.045973923
1740,75.0,1.046237927
1750,75.0,1.04648657
1760,78.0,1.047299388
1770,74.0,1.047853498
1780,76.0,1.048215447
1790,78.0,1.048495698
1800,76.0,1.049411514
1810,77.0,1.049790758
1820,76.0,1.051366341
1830,76.0,1.051923191
1840,76.0,1.052486874
1850,74.0,1.052968545
1860,74.0,1.053247572
1870,72.0,1.054402494
1880,72.0,1.054774576
1890,72.0,1.05506401
1900,74.0,1.055390203
1910,76.0,1.055791056
1920,74.0,1.057131111
1930,76.0,1.057458983
1940,76.0,1.057753268
1950,70.0,1.058807245
1960,72.0,1.059138892
1970,76.0,1.059761635
1980,78.0,1.060172155
1990,76.0,1.060475337
2000,76.0,1.061030863
2010,74.0,1.061294249
2020,76.0,1.061883947
2030,76.0,1.062250621
2040,74.0,1.062719416
2050,74.0,1.063045726
2060,72.0,1.063313199
2070,74.0,1.06383347
2080,74.0,1.064769922
2090,74.0,1.065757047
2100,74.0,1.067088684
2110,74.0,1.068215062
2120,76.0,1.069478258
2130,74.0,1.070709135
2140,74.0,1.071065728
2150,76.0,1.071407176
2160,74.0,1.071713967
2170,74.0,1.072394284
2180,73.0,1.072748584
2190,77.0,1.073174864
2200,78.0,1.07391644
2210,77.0,1.074484165
2220,75.0,1.074842705
2230,76.0,1.075195021
2240,78.0,1.07561418
2250,76.0,1.076338073
2260,77.0,1.077046481
2270,77.0,1.077490725
2280,77.0,1.077873801
2290,76.0,1.078383587
2300,76.0,1.079002744
2310,76.0,1.079216007
2320,80.0,1.079454467
2330,82.0,1.079822635
2340,80.0,1.080427049
2350,80.0,1.080885342
2360,78.0,1.081247795
2370,80.0,1.081839728
2380,78.0,1.082242029
2390,76.0,1.082786705
2400,77.0,1.08317327
2410,77.0,1.083454535
2420,75.0,1.084355378
2430,76.0,1.085044184
2440,75.0,1.085445531
2450,76.0,1.086594951
2460,74.0,1.087185282
2470,75.0,1.087589245
2480,75.0,1.088541547
2490,75.0,1.088814021
2500,75.0,1.089350267
2510,75.0,1.089772547
2520,74.0,1.09026826
2530,75.0,1.09072883
2540,76.0,1.091600226
2550,74.0,1.091957344
2560,77.0,1.09246062
2570,75.0,1.092967041
2580,75.0,1.093334572
2590,75.0,1.094255898
2600,75.0,1.09482533
2610,77.0,1.095326205
2620,75.0,1.095978983
2630,77.0,1.096725447
2640,75.0,1.097086823
2650,77.0,1.097511782
2660,75.0,1.098015879
2670,75.0,1.098305605
2680,76.0,1.099348922
2690,79.0,1.100628013
2700,81.0,1.101204382
2710,81.0,1.101690007
2720,83.0,1.102180074
2730,81.0,1.102676693
2740,81.0,1.103221214
2750,81.0,1.103672569
2760,79.0,1.104274884
2770,79.0,1.104783679
2780,79.0,1.105092706
2790,79.0,1.105615921
2800,79.0,1.106089568
2810,79.0,1.106704126
2820,77.0,1.107246523
2830,81.0,1.107714031
2840,75.0,1.1082678
2850,80.0,1.108819668
2860,80.0,1.109124937
2870,78.0,1.109429145
2880,77.0,1.109734879
2890,77.0,1.110001668
2900,78.0,1.111269799
2910,75.0,1.11165604
2920,77.0,1.113482765
2930,77.0,1.115243648
2940,77.0,1.115881151
2950,78.0,1.116167083
2960,79.0,1.116553491
2970,76.0,1.116934986
2980,74.0,1.117321287
2990,74.0,1.117716673
3000,77.0,1.11805379
3010,75.0,1.118329912
3020,74.0,1.118552987
3030,76.0,1.118781008
3040,75.0,1.119219917
3050,76.0,1.119450986
3060,74.0,1.119685372
3070,76.0,1.119936181
3080,76.0,1.120190791
3090,78.0,1.179151677
3100,78.0,1.182258977
3110,76.0,1.183396957
3120,78.0,1.184576889
3130,76.0,1.186006802
3140,78.0,1.186809192
3150,78.0,1.189094754
3160,78.0,1.191176848
3170,78.0,1.194623574
3180,76.0,1.196196593
3190,78.0,1.197930823
3200,76.0,1.199709592
3210,76.0,1.202393442
3220,76.0,1.202880867
3230,75.0,1.203279798
3240,74.0,1.20480631
3250,72.0,1.21025209
3260,71.0,1.214774187
3270,73.0,1.215530867
3280,73.0,1.216227018
3290,74.0,1.218619368
3300,76.0,1.220367843
3310,75.0,1.221435574
3320,73.0,1.222262225
3330,74.0,1.222847383
3340,75.0,1.223506314
3350,77.0,1.225057298
3360,77.0,1.225709977
3370,79.0,1.226331898
3380,75.0,1.226992076
3390,76.0,1.227333999
3400,78.0,1.227578283
3410,76.0,1.227908114
3420,82.0,1.228182539
3430,75.0,1.228481166
3440,79.0,1.229015457
3450,79.0,1.229646328
3460,77.0,1.229980389
3470,77.0,1.23029151
3480,75.0,1.230661207
3490,76.0,1.231111848
3500,76.0,1.231545267
3510,76.0,1.231807238
3520,76.0,1.232268392
3530,78.0,1.232786489
3540,76.0,1.234082315
3550,76.0,1.234930352
3560,76.0,1.235910306
3570,78.0,1.236676198
3580,78.0,1.237193152
3590,78.0,1.238582426
3600,76.0,1.239577969
3610,74.0,1.240490331
3620,76.0,1.241649687
3630,74.0,1.242202431
3640,78.0,1.242576844
3650,77.0,1.243162113
3660,76.0,1.244384033
3670,77.0,1.245201941
3680,78.0,1.246380488
3690,78.0,1.247703705
3700,74.0,1.248474046
3710,74.0,1.249657544
3720,74.0,1.250313164
3730,74.0,1.251334034
3740,72.0,1.3902874
3750,72.0,1.391894659
3760,74.0,1.392913035
3770,72.0,1.393251531
3780,73.0,1.393672583
3790,72.0,1.394117498
3800,72.0,1.394743949
3810,72.0,1.395193591
3820,70.0,1.396123035
3830,71.0,1.396571682
3840,71.0,1.398034567
3850,73.0,1.398930235
3860,75.0,1.399823961
3870,75.0,1.400482488
3880,75.0,1.401435581
3890,73.0,1.402137331
3900,75.0,1.403152381
3910,73.0,1.403541947
3920,75.0,1.404605145
3930,75.0,1.405203487
3940,77.0,1.405768225
3950,73.0,1.406387021
3960,75.0,1.406678723
3970,74.0,1.407040949
3980,75.0,1.407593328
3990,74.0,1.408092308
4000,74.0,1.40871418
