iterations,fitness,time
0,72.0,0.002334992
10,71.0,0.005898902
20,72.0,0.010148546
30,70.0,0.013878616
40,74.0,0.016546878
50,72.0,0.022536152
60,72.0,0.031699973
70,75.0,0.043848587
80,72.0,0.052507383
90,70.0,0.058547876
100,71.0,0.064393314
110,69.0,0.072910662
120,69.0,0.083277273
130,67.0,0.109676858
140,69.0,0.113421515
150,69.0,0.118132386
160,69.0,0.121287015
170,67.0,0.227840102
180,68.0,0.234060543
190,71.0,0.236359597
200,73.0,0.37303515
210,71.0,0.376425456
220,68.0,0.487712978
230,68.0,0.592377567
240,67.0,0.725233472
250,68.0,0.727416157
260,71.0,0.72970799
270,69.0,0.735323769
280,69.0,0.740928608
290,71.0,0.752311157
300,73.0,0.759517002
310,73.0,0.765998573
320,73.0,0.771384547
330,75.0,0.776929928
340,75.0,0.780882726
350,73.0,0.783766733
360,75.0,0.786256823
370,75.0,0.788692769
380,77.0,0.791401076
390,75.0,0.79371228
400,75.0,0.796102641
410,73.0,0.797514384
420,75.0,0.798378764
430,73.0,0.799017565
440,71.0,0.799911324
450,75.0,0.80059306
460,73.0,0.801217614
470,72.0,0.801877101
480,73.0,0.989050749
490,73.0,0.991081207
500,75.0,0.991734394
510,75.0,0.992276587
520,75.0,0.993720058
530,77.0,0.994720959
540,77.0,0.996866171
550,77.0,0.998259807
560,75.0,0.999749972
570,71.0,1.000727787
580,73.0,1.003147794
590,75.0,1.005870045
600,73.0,1.007391035
610,75.0,1.008766047
620,75.0,1.01052299
630,73.0,1.012138282
640,73.0,1.013398662
650,71.0,1.015261334
660,69.0,1.01604556
670,69.0,1.016992041
680,71.0,1.017919345
690,69.0,1.018761386
700,70.0,1.019645222
710,71.0,1.020175085
720,73.0,1.020884142
730,70.0,1.021782023
740,73.0,1.02247806
750,75.0,1.023690105
760,76.0,1.024443967
770,71.0,1.025588509
780,75.0,1.026639196
790,73.0,1.027693287
800,75.0,1.029639466
810,75.0,1.03060016
820,75.0,1.031317336
830,75.0,1.032442339
840,79.0,1.033972861
850,79.0,1.034559688
860,81.0,1.035322617
870,81.0,1.035864759
880,79.0,1.037126235
890,79.0,1.038234641
900,77.0,1.038852756
910,77.0,1.039579652
920,76.0,1.040174697
930,75.0,1.041010995
940,77.0,1.041912076
950,75.0,1.042729982
960,75.0,1.043705041
970,77.0,1.044530824
980,77.0,1.04547357
990,77.0,1.046816852
1000,77.0,1.047815712
1010,77.0,1.048346621
1020,77.0,1.049329173
1030,79.0,1.050734072
1040,79.0,1.051072368
1050,79.0,1.051429702
1060,79.0,1.051749049
1070,79.0,1.052006074
1080,79.0,1.052564688
1090,77.0,1.05297852
1100,79.0,1.053315459
1110,79.0,1.053693432
1120,79.0,1.05401355
1130,79.0,1.054357415
1140,77.0,1.05477121
1150,75.0,1.055424324
1160,77.0,1.057213078
1170,75.0,1.057628826
1180,75.0,1.058014645
1190,75.0,1.058948867
1200,73.0,1.059516527
1210,71.0,1.060092991
1220,73.0,1.061686205
1230,71.0,1.062039487
1240,69.0,1.062476182
1250,67.0,1.063874848
1260,71.0,1.064228545
1270,67.0,1.064839057
1280,71.0,1.065414797
1290,71.0,1.065840163
1300,69.0,1.06651884
1310,67.0,1.066952972
1320,67.0,1.067587765
1330,68.0,1.068024622
1340,67.0,1.068482131
1350,72.0,1.068852641
1360,72.0,1.069389091
1370,70.0,1.069744889
1380,73.0,1.07033607
1390,71.0,1.07085412
1400,71.0,1.072015546
1410,71.0,1.073329926
1420,73.0,1.073676584
1430,72.0,1.07420799
1440,70.0,1.075429102
1450,70.0,1.077491379
1460,70.0,1.078617176
1470,71.0,1.078901852
1480,69.0,1.080098715
1490,69.0,1.080421292
1500,71.0,1.080751621
1510,71.0,1.08129448
1520,71.0,1.08169511
1530,75.0,1.082239681
1540,71.0,1.082938813
1550,73.0,1.083734018
1560,73.0,1.084259396
1570,70.0,1.08467368
1580,69.0,1.085393529
1590,67.0,1.085695637
1600,68.0,1.086053299
1610,70.0,1.087583967
1620,67.0,1.087994835
1630,66.0,1.088561169
1640,71.0,1.089723869
1650,72.0,1.09170736
1660,70.0,1.093297083
1670,70.0,1.09494321
1680,72.0,1.096784278
1690,68.0,1.097182777
1700,68.0,1.097514155
1710,72.0,1.097892393
1720,72.0,1.098305677
1730,72.0,1.098672848
1740,74.0,1.099129665
1750,76.0,1.100686635
1760,72.0,1.101252306
1770,72.0,1.101715014
1780,74.0,1.102504915
1790,72.0,1.102846151
1800,72.0,1.103247708
1810,70.0,1.103853614
1820,70.0,1.10428417
1830,74.0,1.106052987
1840,74.0,1.107303271
1850,72.0,1.10809708
1860,72.0,1.109092162
1870,72.0,1.110081209
1880,74.0,1.110819129
1890,72.0,1.112214382
1900,72.0,1.113639021
1910,72.0,1.114415475
1920,72.0,1.11493195
1930,72.0,1.115392082
1940,73.0,1.115721062
1950,72.0,1.116046639
1960,71.0,1.116404239
1970,71.0,1.116800032
1980,71.0,1.117576707
1990,71.0,1.117984297
2000,73.0,1.118353909
2010,73.0,1.118887686
2020,77.0,1.119488892
2030,77.0,1.120580632
2040,73.0,1.121179615
2050,73.0,1.123144598
2060,75.0,1.123834157
2070,73.0,1.124164257
2080,75.0,1.125087193
2090,75.0,1.125586719
2100,74.0,1.125908744
2110,73.0,1.126370012
2120,76.0,1.126713891
2130,75.0,1.127140234
2140,76.0,1.12856404
2150,77.0,1.129471734
2160,72.0,1.130016965
2170,72.0,1.13048801
2180,74.0,1.132526346
2190,73.0,1.133290805
2200,75.0,1.134280087
2210,75.0,1.135203847
2220,70.0,1.136589411
2230,73.0,1.138330466
2240,71.0,1.139645402
2250,71.0,1.140121026
2260,72.0,1.141065522
2270,73.0,1.141521995
2280,73.0,1.142653199
2290,75.0,1.144386611
2300,75.0,1.212830074
2310,73.0,1.214850958
2320,73.0,1.216240038
2330,73.0,1.216793488
2340,73.0,1.217167384
2350,73.0,1.217628307
2360,75.0,1.218192493
2370,71.0,1.219107281
2380,73.0,1.219692767
2390,73.0,1.221003923
2400,77.0,1.221879837
2410,75.0,1.222932771
2420,71.0,1.223926628
2430,69.0,1.224560824
2440,75.0,1.225935517
2450,75.0,1.227810912
2460,73.0,1.228327679
2470,73.0,1.230110635
2480,75.0,1.231229371
2490,75.0,1.232203313
2500,77.0,1.232971688
2510,79.0,1.233474808
2520,75.0,1.23430566
2530,73.0,1.234889552
2540,76.0,1.236467362
2550,77.0,1.238419266
2560,75.0,1.238797189
2570,75.0,1.239683265
2580,75.0,1.240864449
2590,75.0,1.242049685
2600,75.0,1.243478594
2610,75.0,1.244284036
2620,75.0,1.245683503
2630,72.0,1.247060157
2640,73.0,1.247737109
2650,75.0,1.248655285
2660,71.0,1.249897384
2670,71.0,1.251187236
2680,67.0,1.252503199
2690,69.0,1.252810057
2700,69.0,1.253207509
2710,69.0,1.25449282
2720,69.0,1.25488274
2730,69.0,1.255555935
2740,71.0,1.256551171
2750,77.0,1.257082283
2760,77.0,1.257817213
2770,77.0,1.259233652
2780,73.0,1.26094497
2790,73.0,1.261335605
2800,76.0,1.262235075
2810,77.0,1.263660887
2820,77.0,1.264277937
2830,77.0,1.265099046
2840,77.0,1.266115598
2850,77.0,1.266466214
2860,75.0,1.267867062
2870,77.0,1.269519649
2880,75.0,1.288770366
2890,77.0,1.290421466
2900,74.0,1.291131971
2910,73.0,1.291581567
2920,77.0,1.291984334
2930,77.0,1.292631546
2940,75.0,1.292972143
2950,77.0,1.293259139
2960,75.0,1.293659527
2970,77.0,1.29395576
2980,77.0,1.294366821
2990,75.0,1.294694137
3000,73.0,1.295177578
3010,76.0,1.295513212
3020,74.0,1.295976222
3030,75.0,1.296626658
3040,74.0,1.297433229
3050,71.0,1.297790793
3060,71.0,1.298147591
3070,73.0,1.298531248
3080,75.0,1.298951562
3090,75.0,1.29930252
3100,75.0,1.300961769
3110,75.0,1.303611612
3120,75.0,1.30503466
3130,77.0,1.306927794
3140,77.0,1.307690608
3150,75.0,1.308308534
3160,75.0,1.308684539
3170,75.0,1.436761273
3180,77.0,1.439299195
3190,77.0,1.440281864
3200,79.0,1.441329229
3210,77.0,1.442339991
3220,77.0,1.444092324
3230,77.0,1.446340336
3240,77.0,1.4476007
3250,77.0,1.448022313
3260,77.0,1.448294319
3270,79.0,1.44857211
3280,81.0,1.448878787
3290,77.0,1.44919446
3300,80.0,1.450440551
3310,80.0,1.45111573
3320,80.0,1.452302736
3330,80.0,1.46634251
3340,79.0,1.468113648
3350,79.0,1.469367061
3360,79.0,1.470084904
3370,77.0,1.470895131
3380,79.0,1.471735759
3390,75.0,1.472705254
3400,73.0,1.474193772
3410,75.0,1.475916268
3420,73.0,1.47685023
3430,75.0,1.477618741
3440,73.0,1.478008017
3450,73.0,1.478915111
3460,73.0,1.480004406
3470,71.0,1.480653069
3480,73.0,1.481362185
3490,75.0,1.481935898
3500,73.0,1.482663221
3510,73.0,1.4834876
3520,73.0,1.483832609
3530,71.0,1.48414676
3540,73.0,1.48455992
3550,75.0,1.485290275
3560,75.0,1.485838808
3570,73.0,1.486374659
3580,69.0,1.487059957
3590,71.0,1.487888038
3600,69.0,1.489932427
3610,71.0,1.491383732
3620,71.0,1.49166115
3630,75.0,1.492102601
3640,75.0,1.492440738
3650,75.0,1.492783936
3660,75.0,1.493083435
3670,73.0,1.493373214
3680,75.0,1.493649253
3690,75.0,1.493907492
3700,79.0,1.494194798
3710,75.0,1.494624839
3720,75.0,1.495221252
3730,77.0,1.495865491
3740,77.0,1.496505285
3750,75.0,1.497148798
3760,75.0,1.497620018
3770,75.0,1.497938479
3780,73.0,1.49824326
3790,73.0,1.498558125
3800,72.0,1.498884836
3810,71.0,1.54794547
3820,71.0,1.548576263
3830,71.0,1.54883813
3840,75.0,1.549116762
3850,75.0,1.549416358
3860,76.0,1.550219948
3870,75.0,1.551186369
3880,74.0,1.551581022
3890,73.0,1.552926307
3900,75.0,1.553484604
3910,74.0,1.553836075
3920,72.0,1.554143083
3930,71.0,1.554400449
3940,73.0,1.554654765
3950,74.0,1.554929313
3960,74.0,1.555305955
3970,76.0,1.555580497
3980,76.0,1.555873604
3990,76.0,1.556141136
4000,76.0,1.556506951
