iterations,fitness,time
0,61.0,0.00325484
10,60.0,0.007471156
20,62.0,0.011052639
30,66.0,0.015694455
40,68.0,0.019310273
50,64.0,0.022972353
60,64.0,0.029244272
70,65.0,0.037112502
80,64.0,0.043923008
90,64.0,0.050238028
100,64.0,0.056513441
110,64.0,0.061887077
120,64.0,0.064810304
130,64.0,0.287477286
140,68.0,0.289711941
150,64.0,0.29650775
160,64.0,0.304568867
170,64.0,0.384709335
180,62.0,0.387172868
190,62.0,0.452894499
200,64.0,0.526851235
210,64.0,0.527866405
220,64.0,0.530189334
230,62.0,0.533095124
240,64.0,0.536279426
250,64.0,0.539167893
260,64.0,0.541300109
270,66.0,0.543087313
280,68.0,0.544738815
290,68.0,0.546798271
300,70.0,0.54861562
310,74.0,0.550628763
320,70.0,0.552662575
330,70.0,0.554962556
340,72.0,0.556969058
350,70.0,0.559415929
360,74.0,0.561338343
370,72.0,0.563678844
380,72.0,0.565681531
390,72.0,0.56738414
400,72.0,0.568964006
410,71.0,0.571034144
420,72.0,0.572211346
430,72.0,0.574067984
440,72.0,0.575402109
450,72.0,0.576870482
460,74.0,0.578258442
470,72.0,0.579843675
480,72.0,0.581381728
490,74.0,0.582993436
500,74.0,0.584942594
510,72.0,0.587266085
520,74.0,0.588879157
530,72.0,0.590479342
540,72.0,0.591856197
550,72.0,0.592240228
560,72.0,0.615352587
570,72.0,0.630051951
580,74.0,0.636661865
590,74.0,0.639107786
600,72.0,0.642612819
610,74.0,0.649115082
620,72.0,0.650931092
630,72.0,0.652898306
640,74.0,0.653911882
650,72.0,0.654973001
660,74.0,0.655496483
670,74.0,0.76308676
680,76.0,0.789678372
690,74.0,0.897379219
700,74.0,1.01068704
710,74.0,1.024721382
720,74.0,1.027836423
730,76.0,1.03085427
740,76.0,1.033625232
750,76.0,1.070501819
760,76.0,1.071089621
770,76.0,1.071450868
780,74.0,1.071787966
790,74.0,1.072233713
800,74.0,1.072625506
810,76.0,1.073038248
820,74.0,1.073516669
830,74.0,1.074028476
840,74.0,1.074503348
850,74.0,1.075099057
860,74.0,1.075514484
870,74.0,1.076490481
880,76.0,1.077413416
890,75.0,1.078397546
900,75.0,1.079595974
910,75.0,1.080545911
920,75.0,1.08165733
930,75.0,1.082936625
940,73.0,1.084025215
950,73.0,1.084723113
960,73.0,1.08522407
970,73.0,1.085681415
980,73.0,1.086003858
990,73.0,1.086489216
1000,73.0,1.086997585
1010,73.0,1.087583925
1020,75.0,1.087884072
1030,73.0,1.088401519
1040,73.0,1.089040094
1050,77.0,1.089788725
1060,77.0,1.090550853
1070,77.0,1.091048122
1080,73.0,1.091822182
1090,75.0,1.09216343
1100,71.0,1.092862201
1110,72.0,1.09360991
1120,72.0,1.094182645
1130,74.0,1.094649321
1140,74.0,1.095584841
1150,74.0,1.09605577
1160,74.0,1.096504928
1170,72.0,1.097088497
1180,72.0,1.097858779
1190,72.0,1.098208271
1200,72.0,1.098776033
1210,72.0,1.099176398
1220,72.0,1.099946654
1230,74.0,1.100296012
1240,74.0,1.100635635
1250,72.0,1.100966976
1260,74.0,1.101484518
1270,74.0,1.102128039
1280,74.0,1.102789434
1290,74.0,1.103408007
1300,72.0,1.104129429
1310,73.0,1.104781592
1320,76.0,1.105408222
1330,73.0,1.106160703
1340,74.0,1.106702093
1350,76.0,1.107333852
1360,74.0,1.108116307
1370,78.0,1.10883466
1380,76.0,1.109674622
1390,76.0,1.110312934
1400,76.0,1.110870943
1410,76.0,1.111274256
1420,76.0,1.111616817
1430,76.0,1.112307108
1440,76.0,1.112921156
1450,76.0,1.113326268
1460,76.0,1.113590855
1470,76.0,1.114270222
1480,76.0,1.11448939
1490,74.0,1.114965766
1500,74.0,1.115224955
1510,74.0,1.115539163
1520,74.0,1.115764856
1530,76.0,1.116884022
1540,76.0,1.11724133
1550,74.0,1.117533013
1560,76.0,1.117912721
1570,75.0,1.118185993
1580,76.0,1.11855898
1590,76.0,1.119438257
1600,76.0,1.120633344
1610,76.0,1.120895351
1620,76.0,1.121927296
1630,76.0,1.122333362
1640,76.0,1.12256827
1650,75.0,1.122982613
1660,74.0,1.123423757
1670,75.0,1.124096612
1680,73.0,1.124466084
1690,73.0,1.124738343
1700,73.0,1.12544786
1710,73.0,1.126150015
1720,73.0,1.126647823
1730,73.0,1.126922831
1740,72.0,1.127146505
1750,73.0,1.127431658
1760,74.0,1.127920181
1770,72.0,1.128306481
1780,72.0,1.128745188
1790,74.0,1.128959076
1800,74.0,1.12945176
1810,72.0,1.130012854
1820,74.0,1.130278595
1830,74.0,1.131121243
1840,72.0,1.131335355
1850,70.0,1.131701927
1860,70.0,1.131938737
1870,70.0,1.132228796
1880,68.0,1.132518931
1890,70.0,1.132713504
1900,70.0,1.132918257
1910,72.0,1.133311528
1920,68.0,1.133589274
1930,70.0,1.133781164
1940,68.0,1.133980098
1950,68.0,1.134254569
1960,70.0,1.134463861
1970,68.0,1.134688838
1980,68.0,1.135033265
1990,68.0,1.135279879
2000,68.0,1.135716865
2010,70.0,1.13605878
2020,66.0,1.136383241
2030,68.0,1.136799272
2040,70.0,1.137267563
2050,68.0,1.137502328
2060,70.0,1.137786747
2070,69.0,1.138111706
2080,68.0,1.138377257
2090,70.0,1.138569405
2100,70.0,1.139436684
2110,70.0,1.140632899
2120,72.0,1.141699548
2130,73.0,1.142533531
2140,74.0,1.143690308
2150,77.0,1.145055637
2160,75.0,1.145981156
2170,75.0,1.146664238
2180,77.0,1.147394704
2190,75.0,1.147854724
2200,75.0,1.148150323
2210,73.0,1.148713055
2220,73.0,1.149283715
2230,73.0,1.149900155
2240,73.0,1.150304341
2250,77.0,1.15077614
2260,75.0,1.151215027
2270,73.0,1.151670391
2280,73.0,1.151987194
2290,75.0,1.152457416
2300,75.0,1.152750707
2310,75.0,1.153141576
2320,75.0,1.153605393
2330,76.0,1.154095616
2340,76.0,1.154585625
2350,75.0,1.155006582
2360,75.0,1.155312254
2370,74.0,1.155706287
2380,76.0,1.155978498
2390,76.0,1.156358044
2400,76.0,1.156959937
2410,74.0,1.157302069
2420,74.0,1.15764344
2430,74.0,1.158467964
2440,76.0,1.158917115
2450,74.0,1.159320991
2460,74.0,1.159707447
2470,76.0,1.159959502
2480,74.0,1.16032507
2490,74.0,1.160580325
2500,72.0,1.160969419
2510,74.0,1.161241934
2520,74.0,1.161521773
2530,76.0,1.1618506
2540,76.0,1.162236957
2550,76.0,1.162707044
2560,76.0,1.163204785
2570,78.0,1.163559234
2580,78.0,1.163966797
2590,76.0,1.164898165
2600,78.0,1.165494806
2610,78.0,1.16580174
2620,78.0,1.166345187
2630,82.0,1.166921916
2640,78.0,1.167860757
2650,78.0,1.168599391
2660,78.0,1.168794426
2670,78.0,1.169232326
2680,80.0,1.170008204
2690,80.0,1.170991958
2700,82.0,1.172243881
2710,82.0,1.172754971
2720,82.0,1.173086396
2730,80.0,1.173345
2740,82.0,1.173947361
2750,80.0,1.174189108
2760,80.0,1.174416269
2770,80.0,1.174627034
2780,82.0,1.174820242
2790,80.0,1.175028111
2800,82.0,1.175346344
2810,82.0,1.17663153
2820,80.0,1.177450542
2830,80.0,1.178162761
2840,80.0,1.179041717
2850,80.0,1.179481084
2860,82.0,1.179879769
2870,80.0,1.180155695
2880,78.0,1.180571757
2890,80.0,1.18109935
2900,78.0,1.181855596
2910,78.0,1.182481706
2920,78.0,1.183637297
2930,76.0,1.184252475
2940,74.0,1.185181816
2950,76.0,1.185783655
2960,76.0,1.187063593
2970,76.0,1.187948639
2980,76.0,1.189206893
2990,76.0,1.190637744
3000,76.0,1.191154463
3010,76.0,1.191960785
3020,76.0,1.192273183
3030,78.0,1.193224454
3040,76.0,1.193985828
3050,76.0,1.194731423
3060,78.0,1.195226013
3070,76.0,1.196076966
3080,74.0,1.196622584
3090,76.0,1.197110225
3100,76.0,1.197608849
3110,80.0,1.198109762
3120,76.0,1.19972574
3130,76.0,1.200835954
3140,74.0,1.201615193
3150,76.0,1.202013538
3160,80.0,1.202261928
3170,80.0,1.202944449
3180,80.0,1.203390855
3190,82.0,1.204034396
3200,84.0,1.204629225
3210,82.0,1.204960005
3220,82.0,1.20550163
3230,82.0,1.20638443
3240,82.0,1.20725847
3250,82.0,1.208733992
3260,84.0,1.209045314
3270,82.0,1.209590528
3280,82.0,1.211237041
3290,80.0,1.211831758
3300,78.0,1.212522
3310,77.0,1.213863849
3320,77.0,1.214700564
3330,77.0,1.215530569
3340,77.0,1.216474611
3350,75.0,1.217212371
3360,75.0,1.218637843
3370,75.0,1.219379482
3380,74.0,1.219735999
3390,73.0,1.219950097
3400,73.0,1.22024082
3410,73.0,1.220505988
3420,75.0,1.220728991
3430,73.0,1.22094231
3440,75.0,1.22116386
3450,73.0,1.221830023
3460,73.0,1.222152917
3470,73.0,1.222997262
3480,73.0,1.223256679
3490,75.0,1.223546939
3500,73.0,1.22381069
3510,76.0,1.224112069
3520,76.0,1.224334514
3530,76.0,1.224575289
3540,74.0,1.224879049
3550,74.0,1.225071612
3560,73.0,1.225321546
3570,73.0,1.226743621
3580,75.0,1.227706522
3590,75.0,1.228094568
3600,77.0,1.228489437
3610,77.0,1.228865843
3620,77.0,1.229255204
3630,78.0,1.229553474
3640,77.0,1.232609616
3650,77.0,1.233698555
3660,79.0,1.286349953
3670,79.0,1.287308766
3680,79.0,1.287965613
3690,79.0,1.289076257
3700,81.0,1.289519345
3710,79.0,1.289925942
3720,79.0,1.2908624
3730,77.0,1.29208
3740,77.0,1.293021208
3750,75.0,1.293385966
3760,75.0,1.293723737
3770,75.0,1.294343364
3780,77.0,1.29462666
3790,75.0,1.295015753
3800,77.0,1.295299665
3810,77.0,1.295971275
3820,77.0,1.296364463
3830,77.0,1.308501593
3840,75.0,1.309661575
3850,77.0,1.310567785
3860,76.0,1.310927445
3870,75.0,1.311194192
3880,71.0,1.311538727
3890,75.0,1.312405582
3900,75.0,1.313207974
3910,75.0,1.31367823
3920,74.0,1.314323489
3930,74.0,1.314775872
3940,73.0,1.315712255
3950,75.0,1.316439868
3960,77.0,1.317004511
3970,76.0,1.317851947
3980,76.0,1.318948827
3990,78.0,1.319594057
4000,78.0,1.320125962
