iterations,fitness,time
0,60.0,0.003649837
10,62.0,0.007125412
20,63.0,0.010163457
30,65.0,0.012315677
40,63.0,0.016347233
50,63.0,0.023300189
60,64.0,0.033140889
70,65.0,0.042054147
80,65.0,0.049743013
90,65.0,0.056061556
100,65.0,0.07650701
110,65.0,0.081785708
120,65.0,0.087936932
130,65.0,0.243907474
140,67.0,0.24886119
150,67.0,0.266531551
160,67.0,0.28449796
170,71.0,0.297473496
180,71.0,0.299255048
190,71.0,0.30303296
200,71.0,0.306034105
210,69.0,0.307032649
220,71.0,0.308011456
230,71.0,0.308948016
240,73.0,0.309387533
250,73.0,0.334278051
260,73.0,0.334757902
270,73.0,0.335158696
280,73.0,0.335564989
290,73.0,0.336031936
300,71.0,0.336460793
310,71.0,0.336864087
320,73.0,0.337258576
330,69.0,0.337758211
340,71.0,0.338230703
350,73.0,0.338844402
360,75.0,0.33982028
370,75.0,0.340366236
380,75.0,0.341121776
390,75.0,0.341773137
400,73.0,0.38823693
410,75.0,0.391291115
420,75.0,0.399399969
430,74.0,0.400242714
440,75.0,0.404885534
450,75.0,0.409921489
460,75.0,0.410339354
470,75.0,0.414120257
480,76.0,0.416357142
490,75.0,0.417041357
500,75.0,0.495423154
510,75.0,0.571067868
520,75.0,0.572645164
530,75.0,0.575597334
540,75.0,0.582078131
550,75.0,0.584856159
560,73.0,0.591508497
570,75.0,0.730923899
580,75.0,0.837920166
590,73.0,0.852823574
600,73.0,0.855542832
610,75.0,0.858400355
620,73.0,0.862692987
630,73.0,0.870485055
640,75.0,0.874694308
650,75.0,0.87811599
660,75.0,0.881957801
670,74.0,0.885503492
680,74.0,0.889309098
690,73.0,0.891721927
700,74.0,0.894228892
710,74.0,0.896655503
720,76.0,0.898523668
730,72.0,0.900111257
740,72.0,0.901778021
750,72.0,0.902405009
760,72.0,0.90420864
770,74.0,0.905676295
780,70.0,0.906973206
790,72.0,0.908830687
800,70.0,0.909757302
810,70.0,0.911297921
820,70.0,0.912467508
830,68.0,1.022390031
840,68.0,1.022822609
850,68.0,1.023617693
860,68.0,1.024093643
870,70.0,1.02463954
880,70.0,1.024910825
890,68.0,1.02518207
900,68.0,1.025448898
910,70.0,1.025848799
920,70.0,1.02618934
930,68.0,1.02643524
940,68.0,1.026730896
950,68.0,1.027207048
960,68.0,1.027691685
970,72.0,1.028140525
980,70.0,1.028663634
990,70.0,1.028959667
1000,70.0,1.029201425
1010,71.0,1.029438863
1020,71.0,1.029680507
1030,72.0,1.029930515
1040,70.0,1.030202829
1050,70.0,1.031316891
1060,70.0,1.032863296
1070,70.0,1.033350521
1080,72.0,1.033802661
1090,70.0,1.034127704
1100,70.0,1.034376221
1110,68.0,1.034619153
1120,70.0,1.034830503
1130,72.0,1.036374941
1140,68.0,1.036694898
1150,68.0,1.037268746
1160,69.0,1.039532838
1170,69.0,1.042051843
1180,69.0,1.045582742
1190,69.0,1.05152906
1200,67.0,1.052945121
1210,67.0,1.053871544
1220,69.0,1.055800786
1230,69.0,1.0573252
1240,71.0,1.05830481
1250,69.0,1.059945425
1260,67.0,1.060259217
1270,67.0,1.061080709
1280,66.0,1.061333721
1290,67.0,1.061840849
1300,67.0,1.062113181
1310,69.0,1.062806273
1320,69.0,1.063471104
1330,69.0,1.064077093
1340,69.0,1.064912553
1350,69.0,1.065133842
1360,71.0,1.065556458
1370,72.0,1.065980524
1380,71.0,1.066727082
1390,70.0,1.068001601
1400,70.0,1.068638351
1410,68.0,1.069553531
1420,66.0,1.070978381
1430,65.0,1.071652883
1440,66.0,1.072534672
1450,66.0,1.073021497
1460,66.0,1.07341587
1470,68.0,1.073949624
1480,68.0,1.074293309
1490,68.0,1.074921671
1500,68.0,1.075557584
1510,68.0,1.076041876
1520,70.0,1.076575225
1530,68.0,1.076901631
1540,70.0,1.077163905
1550,70.0,1.077602703
1560,70.0,1.077953811
1570,70.0,1.078513947
1580,72.0,1.079597614
1590,74.0,1.080057156
1600,76.0,1.08031551
1610,76.0,1.080595464
1620,76.0,1.0811869
1630,76.0,1.082087696
1640,76.0,1.08271171
1650,76.0,1.083396852
1660,76.0,1.083662327
1670,76.0,1.084405636
1680,76.0,1.084806867
1690,76.0,1.085522615
1700,76.0,1.086166667
1710,76.0,1.086411207
1720,76.0,1.086934395
1730,76.0,1.087363439
1740,76.0,1.087631193
1750,76.0,1.088215438
1760,76.0,1.088526471
1770,76.0,1.089070139
1780,78.0,1.089462278
1790,76.0,1.089691721
1800,76.0,1.089992704
1810,76.0,1.090213006
1820,76.0,1.090509102
1830,74.0,1.091233071
1840,76.0,1.091600989
1850,74.0,1.091803415
1860,76.0,1.092162097
1870,74.0,1.092579645
1880,76.0,1.093000502
1890,76.0,1.093319871
1900,76.0,1.093522365
1910,76.0,1.093908016
1920,74.0,1.094151054
1930,76.0,1.094401468
1940,76.0,1.094728508
1950,76.0,1.094967193
1960,74.0,1.095275303
1970,74.0,1.095601362
1980,76.0,1.095844392
1990,76.0,1.096202537
2000,76.0,1.096599557
2010,75.0,1.097773108
2020,75.0,1.098028534
2030,76.0,1.098437401
2040,74.0,1.098665871
2050,74.0,1.098935901
2060,72.0,1.099519001
2070,72.0,1.099802921
2080,76.0,1.100126526
2090,78.0,1.100411867
2100,78.0,1.10068456
2110,74.0,1.100948406
2120,74.0,1.101177499
2130,74.0,1.101398477
2140,78.0,1.101742898
2150,76.0,1.102085047
2160,76.0,1.102375541
2170,78.0,1.102704463
2180,76.0,1.103187434
2190,76.0,1.103502675
2200,76.0,1.103861442
2210,78.0,1.104216297
2220,78.0,1.104569932
2230,80.0,1.105016026
2240,80.0,1.105806798
2250,80.0,1.106114656
2260,80.0,1.106925598
2270,81.0,1.107981601
2280,80.0,1.109275384
2290,82.0,1.110747393
2300,80.0,1.111556295
2310,80.0,1.112322331
2320,82.0,1.113555186
2330,80.0,1.113971822
2340,80.0,1.114237329
2350,80.0,1.114479484
2360,80.0,1.115054038
2370,78.0,1.115476302
2380,78.0,1.115820275
2390,78.0,1.116694267
2400,80.0,1.117139377
2410,78.0,1.117468021
2420,78.0,1.118124138
2430,78.0,1.118486185
2440,76.0,1.118820546
2450,78.0,1.119263812
2460,78.0,1.119886618
2470,77.0,1.120332867
2480,76.0,1.120845751
2490,76.0,1.121685228
2500,74.0,1.122006983
2510,76.0,1.122741242
2520,74.0,1.123080663
2530,74.0,1.123295982
2540,76.0,1.123573602
2550,77.0,1.123868828
2560,76.0,1.12455482
2570,74.0,1.12517873
2580,76.0,1.125904328
2590,76.0,1.126683768
2600,76.0,1.127370615
2610,76.0,1.1278458
2620,74.0,1.128142633
2630,76.0,1.12859594
2640,74.0,1.129633885
2650,74.0,1.129973014
2660,74.0,1.13046502
2670,76.0,1.131127001
2680,74.0,1.131522021
2690,74.0,1.132276275
2700,74.0,1.133482396
2710,74.0,1.134152697
2720,74.0,1.135198536
2730,74.0,1.135561668
2740,74.0,1.136472741
2750,74.0,1.137274397
2760,74.0,1.13845611
2770,74.0,1.139143965
2780,76.0,1.139617297
2790,76.0,1.140567142
2800,76.0,1.14092162
2810,76.0,1.141315261
2820,74.0,1.141957186
2830,72.0,1.142779944
2840,74.0,1.144610662
2850,76.0,1.145314364
2860,71.0,1.146043387
2870,74.0,1.146239296
2880,74.0,1.146463124
2890,74.0,1.146675471
2900,75.0,1.146980142
2910,73.0,1.147288352
2920,72.0,1.147742465
2930,74.0,1.148161867
2940,76.0,1.14858287
2950,74.0,1.14926594
2960,76.0,1.149593359
2970,76.0,1.149795379
2980,76.0,1.149977828
2990,76.0,1.150269255
3000,76.0,1.151051771
3010,76.0,1.151526664
3020,72.0,1.152053202
3030,73.0,1.152522422
3040,72.0,1.152955699
3050,74.0,1.153586493
3060,74.0,1.153823741
3070,76.0,1.154805009
3080,74.0,1.155560761
3090,76.0,1.156455138
3100,78.0,1.156765277
3110,76.0,1.157153592
3120,78.0,1.157466713
3130,78.0,1.157871669
3140,78.0,1.158179702
3150,78.0,1.158866064
3160,78.0,1.17743133
3170,80.0,1.177765298
3180,78.0,1.178135553
3190,78.0,1.178768729
3200,80.0,1.179739377
3210,78.0,1.180058907
3220,78.0,1.181197292
3230,78.0,1.18220572
3240,78.0,1.182720211
3250,78.0,1.184706875
3260,78.0,1.185216762
3270,80.0,1.185557467
3280,78.0,1.186533524
3290,79.0,1.187809979
3300,78.0,1.189182626
3310,78.0,1.189812324
3320,78.0,1.190481981
3330,78.0,1.191378022
3340,78.0,1.192259497
3350,78.0,1.193732718
3360,78.0,1.193965441
3370,80.0,1.194407169
3380,78.0,1.194973518
3390,78.0,1.196314761
3400,78.0,1.196653082
3410,78.0,1.196991792
3420,78.0,1.198921476
3430,78.0,1.199406775
3440,78.0,1.200292178
3450,80.0,1.201081677
3460,78.0,1.201580806
3470,78.0,1.203036173
3480,78.0,1.203613351
3490,78.0,1.204258018
3500,78.0,1.204826502
3510,78.0,1.205433008
3520,76.0,1.206464495
3530,78.0,1.207263303
3540,78.0,1.207589201
3550,78.0,1.208284732
3560,78.0,1.20923242
3570,78.0,1.209717553
3580,78.0,1.209953059
3590,76.0,1.210220785
3600,76.0,1.211218399
3610,76.0,1.211833238
3620,78.0,1.21238353
3630,78.0,1.212883809
3640,78.0,1.213404532
3650,80.0,1.213753764
3660,78.0,1.214129924
3670,78.0,1.214390201
3680,78.0,1.214591339
3690,78.0,1.214786319
3700,78.0,1.214977604
3710,78.0,1.215224288
3720,78.0,1.215531419
3730,78.0,1.215752549
3740,76.0,1.216259294
3750,76.0,1.246666314
3760,76.0,1.247482271
3770,74.0,1.247932405
3780,76.0,1.248752507
3790,74.0,1.250416924
3800,78.0,1.251253364
3810,80.0,1.251991631
3820,80.0,1.252647275
3830,80.0,1.252909659
3840,80.0,1.25331223
3850,80.0,1.255472546
3860,78.0,1.260699228
3870,78.0,1.261232954
3880,78.0,1.265750913
3890,78.0,1.266569731
3900,76.0,1.26705391
3910,78.0,1.267745577
3920,78.0,1.26832543
3930,76.0,1.269013028
3940,76.0,1.269481298
3950,78.0,1.269934389
3960,76.0,1.270379721
3970,76.0,1.270896198
3980,76.0,1.271412136
3990,78.0,1.271733954
4000,80.0,1.271990567
