iterations,fitness,time
0,62.0,0.002236098
10,62.0,0.004270054
20,64.0,0.006590416
30,68.0,0.009481116
40,66.0,0.013143848
50,64.0,0.016539422
60,64.0,0.021483169
70,64.0,0.026028944
80,64.0,0.029760001
90,64.0,0.034264474
100,64.0,0.037582018
110,66.0,0.04177097
120,66.0,0.046078668
130,66.0,0.049182077
140,63.0,0.051074588
150,63.0,0.053672851
160,63.0,0.05756447
170,64.0,0.240711752
180,65.0,0.250621191
190,65.0,0.27992403
200,63.0,0.287134811
210,65.0,0.294592635
220,67.0,0.300219131
230,65.0,0.307242698
240,65.0,0.314250022
250,67.0,0.319738278
260,69.0,0.326444152
270,69.0,0.332266634
280,66.0,0.337829421
290,69.0,0.341257303
300,71.0,0.347444258
310,74.0,0.351543482
320,73.0,0.352047825
330,72.0,0.352697267
340,73.0,0.353309278
350,72.0,0.353786686
360,74.0,0.354331342
370,74.0,0.354899995
380,74.0,0.355487973
390,73.0,0.35589648
400,74.0,0.356499534
410,74.0,0.356926066
420,75.0,0.357521408
430,75.0,0.35809456
440,74.0,0.365604682
450,74.0,0.371159529
460,74.0,0.373802964
470,74.0,0.375423534
480,74.0,0.377489211
490,74.0,0.378432955
500,76.0,0.387794966
510,76.0,0.392826777
520,74.0,0.40089808
530,76.0,0.4081051
540,76.0,0.425898301
550,76.0,0.441021108
560,76.0,0.481263054
570,76.0,0.482352392
580,76.0,0.483804085
590,76.0,0.638903262
600,78.0,0.706983589
610,76.0,0.799469578
620,76.0,0.887168431
630,76.0,0.889082215
640,76.0,0.891601335
650,78.0,0.894390203
660,76.0,0.902374207
670,76.0,0.913099412
680,76.0,0.946421646
690,76.0,0.946873383
700,76.0,0.947203978
710,78.0,0.947481986
720,74.0,0.94783952
730,76.0,0.948142245
740,74.0,0.948470656
750,74.0,0.949848668
760,74.0,0.950157701
770,74.0,0.950519328
780,72.0,0.950921791
790,72.0,0.951284748
800,70.0,0.951635147
810,70.0,0.952330377
820,68.0,0.952859691
830,68.0,0.953353479
840,68.0,0.953987423
850,72.0,0.954780146
860,68.0,0.956109516
870,74.0,0.957487842
880,76.0,0.958791516
890,76.0,0.959922034
900,72.0,0.961155641
910,74.0,0.962920165
920,74.0,0.964689976
930,74.0,0.96579835
940,72.0,0.967722649
950,72.0,0.969343615
960,74.0,0.970008459
970,74.0,0.970501715
980,74.0,0.971239272
990,72.0,0.971763945
1000,74.0,0.97223965
1010,76.0,0.972787604
1020,76.0,0.973414565
1030,76.0,0.97409012
1040,74.0,0.974504309
1050,74.0,0.975038346
1060,75.0,0.975745797
1070,74.0,0.97648371
1080,74.0,0.977030143
1090,74.0,0.977469462
1100,76.0,0.977989047
1110,74.0,0.978639217
1120,72.0,0.979103962
1130,72.0,0.979550165
1140,72.0,0.980128179
1150,72.0,0.980958048
1160,72.0,0.981793301
1170,72.0,0.982435079
1180,72.0,0.982962553
1190,72.0,0.983700354
1200,72.0,0.984066154
1210,72.0,0.984913809
1220,72.0,0.985525609
1230,72.0,0.986217228
1240,70.0,0.986986279
1250,70.0,0.987384191
1260,72.0,0.988421573
1270,74.0,0.989192272
1280,72.0,0.989541367
1290,72.0,0.989932837
1300,72.0,0.990363266
1310,74.0,0.99093415
1320,74.0,0.991513965
1330,74.0,0.992248517
1340,76.0,0.992711631
1350,74.0,0.992986218
1360,74.0,0.993493536
1370,74.0,0.994120269
1380,74.0,0.994579981
1390,74.0,0.994924169
1400,74.0,0.995761086
1410,72.0,0.996192799
1420,72.0,0.99671107
1430,72.0,0.997204176
1440,70.0,0.997639738
1450,72.0,0.998401765
1460,72.0,0.999177358
1470,74.0,1.000093659
1480,72.0,1.000651006
1490,70.0,1.001018031
1500,74.0,1.001572253
1510,72.0,1.001819555
1520,72.0,1.002162538
1530,70.0,1.002439436
1540,70.0,1.00286763
1550,72.0,1.003691552
1560,72.0,1.004016082
1570,70.0,1.00430012
1580,70.0,1.004712417
1590,70.0,1.005079007
1600,72.0,1.005489862
1610,72.0,1.005886067
1620,72.0,1.006136874
1630,72.0,1.006592196
1640,74.0,1.007338107
1650,72.0,1.007714631
1660,74.0,1.008146383
1670,70.0,1.008561107
1680,72.0,1.008835387
1690,76.0,1.009117862
1700,76.0,1.009317436
1710,76.0,1.009703316
1720,76.0,1.010244607
1730,76.0,1.010508694
1740,76.0,1.010725575
1750,78.0,1.011017886
1760,76.0,1.01142318
1770,76.0,1.011701061
1780,78.0,1.012093209
1790,78.0,1.012594885
1800,78.0,1.012889759
1810,78.0,1.013248203
1820,78.0,1.013556392
1830,76.0,1.013773222
1840,76.0,1.014084588
1850,75.0,1.014581
1860,73.0,1.014833609
1870,74.0,1.015231089
1880,76.0,1.015674341
1890,76.0,1.016005626
1900,76.0,1.016668146
1910,76.0,1.01733764
1920,74.0,1.018179061
1930,76.0,1.018494562
1940,74.0,1.018984992
1950,74.0,1.019771718
1960,72.0,1.021204906
1970,71.0,1.02155312
1980,71.0,1.021865341
1990,73.0,1.022637202
2000,72.0,1.022866517
2010,72.0,1.023233676
2020,72.0,1.023595934
2030,72.0,1.024022497
2040,70.0,1.024308176
2050,70.0,1.024891566
2060,72.0,1.025284406
2070,72.0,1.025658196
2080,72.0,1.026106002
2090,70.0,1.026678244
2100,72.0,1.027896147
2110,72.0,1.028214069
2120,74.0,1.029600606
2130,72.0,1.03158446
2140,74.0,1.03321791
2150,72.0,1.034444236
2160,74.0,1.037521183
2170,74.0,1.0378808
2180,74.0,1.03813936
2190,72.0,1.038353475
2200,76.0,1.038619299
2210,76.0,1.038907847
2220,77.0,1.039356391
2230,77.0,1.039580536
2240,76.0,1.039785513
2250,78.0,1.039975346
2260,76.0,1.040161635
2270,76.0,1.040361606
2280,77.0,1.040565963
2290,76.0,1.040755769
2300,76.0,1.040960257
2310,78.0,1.04117683
2320,78.0,1.041414014
2330,76.0,1.041644103
2340,76.0,1.041990798
2350,78.0,1.042473626
2360,80.0,1.042989795
2370,80.0,1.043297813
2380,80.0,1.043733975
2390,80.0,1.044166149
2400,80.0,1.044540448
2410,78.0,1.04484121
2420,78.0,1.045063643
2430,78.0,1.04528261
2440,78.0,1.045587647
2450,79.0,1.04580723
2460,78.0,1.046027978
2470,78.0,1.04625806
2480,76.0,1.046490147
2490,80.0,1.047261434
2500,80.0,1.047511965
2510,80.0,1.047898531
2520,78.0,1.048269108
2530,80.0,1.048589043
2540,78.0,1.048954578
2550,78.0,1.049260358
2560,80.0,1.050256937
2570,78.0,1.050619272
2580,80.0,1.051188003
2590,78.0,1.052003336
2600,78.0,1.052839636
2610,78.0,1.053930904
2620,80.0,1.054268176
2630,80.0,1.054801723
2640,80.0,1.055297675
2650,80.0,1.05565735
2660,81.0,1.056304994
2670,81.0,1.056715674
2680,81.0,1.057353129
2690,81.0,1.057784536
2700,81.0,1.058585812
2710,79.0,1.059525725
2720,80.0,1.060156282
2730,81.0,1.061072849
2740,83.0,1.061282182
2750,83.0,1.061656206
2760,83.0,1.06265473
2770,83.0,1.063185939
2780,81.0,1.063423425
2790,83.0,1.063702016
2800,81.0,1.06405435
2810,81.0,1.064541863
2820,83.0,1.065070263
2830,83.0,1.066067951
2840,83.0,1.066753686
2850,85.0,1.067443646
2860,85.0,1.067960482
2870,85.0,1.068409163
2880,85.0,1.069067833
2890,84.0,1.069396222
2900,83.0,1.070002514
2910,85.0,1.070744885
2920,84.0,1.073143297
2930,84.0,1.073508214
2940,81.0,1.073822423
2950,80.0,1.074325415
2960,80.0,1.074516583
2970,78.0,1.074731503
2980,74.0,1.074985401
2990,78.0,1.075500108
3000,76.0,1.075896924
3010,77.0,1.07628617
3020,77.0,1.076497751
3030,78.0,1.076810933
3040,76.0,1.077148107
3050,78.0,1.077440722
3060,74.0,1.077813021
3070,76.0,1.080099562
3080,76.0,1.08044113
3090,76.0,1.080813671
3100,76.0,1.081469887
3110,77.0,1.082216757
3120,77.0,1.082949079
3130,76.0,1.084252895
3140,76.0,1.085244586
3150,76.0,1.086030906
3160,76.0,1.086723603
3170,78.0,1.087469201
3180,76.0,1.088165212
3190,74.0,1.08877587
3200,76.0,1.089800771
3210,78.0,1.090686019
3220,78.0,1.09192586
3230,76.0,1.092725752
3240,76.0,1.093220847
3250,74.0,1.093857662
3260,74.0,1.094539042
3270,76.0,1.095549098
3280,74.0,1.097585185
3290,74.0,1.098154062
3300,74.0,1.099609283
3310,74.0,1.099933906
3320,74.0,1.100351641
3330,75.0,1.10103375
3340,74.0,1.102066439
3350,74.0,1.103376003
3360,74.0,1.104095855
3370,74.0,1.105531255
3380,78.0,1.105922413
3390,78.0,1.106551315
3400,76.0,1.107732308
3410,78.0,1.109039071
3420,78.0,1.10951804
3430,78.0,1.111877139
3440,78.0,1.113116913
3450,76.0,1.113629276
3460,76.0,1.114030142
3470,76.0,1.114812604
3480,78.0,1.115231951
3490,78.0,1.116283119
3500,76.0,1.116833146
3510,76.0,1.117903787
3520,76.0,1.118638637
3530,75.0,1.11950898
3540,75.0,1.120721281
3550,74.0,1.121268105
3560,72.0,1.121589086
3570,72.0,1.122036755
3580,74.0,1.122443589
3590,72.0,1.122657846
3600,70.0,1.123293704
3610,70.0,1.124040694
3620,70.0,1.124713455
3630,70.0,1.125565982
3640,70.0,1.126435585
3650,72.0,1.126955421
3660,74.0,1.12725809
3670,74.0,1.127773138
3680,72.0,1.128214266
3690,74.0,1.128700434
3700,72.0,1.129410933
3710,74.0,1.130304767
3720,74.0,1.131173302
3730,72.0,1.131541177
3740,72.0,1.131891797
3750,72.0,1.132168082
3760,72.0,1.132739242
3770,74.0,1.133924771
3780,74.0,1.139014685
3790,74.0,1.139574944
3800,74.0,1.139932919
3810,74.0,1.140199433
3820,74.0,1.140458679
3830,72.0,1.140663023
3840,74.0,1.140856308
3850,75.0,1.141084762
3860,75.0,1.141362844
3870,75.0,1.14160783
3880,75.0,1.142524541
3890,75.0,1.143775114
3900,76.0,1.144359904
3910,78.0,1.200766943
3920,75.0,1.201164821
3930,75.0,1.201426206
3940,75.0,1.201693995
3950,75.0,1.202094166
3960,77.0,1.202493593
3970,77.0,1.203075321
3980,77.0,1.203476082
3990,77.0,1.204520537
4000,75.0,1.204814866
