iterations,fitness,time
0,61.0,0.006879897
10,60.0,0.011806815
20,61.0,0.019501179
30,60.0,0.027261745
40,60.0,0.034004675
50,62.0,0.040461942
60,61.0,0.045161114
70,61.0,0.051926231
80,63.0,0.063052578
90,63.0,0.070440452
100,65.0,0.085218812
110,67.0,0.105643021
120,65.0,0.11683438
130,65.0,0.128975616
140,69.0,0.167604646
150,65.0,0.168825011
160,68.0,0.183334422
170,67.0,0.233763692
180,69.0,0.306781921
190,71.0,0.309186597
200,71.0,0.419934143
210,71.0,0.486116564
220,71.0,0.526941846
230,71.0,0.614993848
240,69.0,0.702220703
250,68.0,0.704382459
260,67.0,0.705909722
270,68.0,0.707008174
280,70.0,0.707947716
290,68.0,0.709088162
300,68.0,0.710230295
310,68.0,0.714251389
320,70.0,0.727342801
330,70.0,0.727589955
340,70.0,0.727830868
350,71.0,0.728416604
360,70.0,0.728946094
370,72.0,0.729304367
380,74.0,0.729625598
390,72.0,0.729929726
400,72.0,0.730327438
410,74.0,0.73116197
420,74.0,0.732109001
430,74.0,0.733454716
440,72.0,0.734876264
450,72.0,0.735905482
460,72.0,0.736727048
470,74.0,0.737600719
480,74.0,0.738643948
490,74.0,0.739379903
500,74.0,0.740130308
510,74.0,0.741013576
520,72.0,0.742192545
530,70.0,0.743791433
540,72.0,0.74501315
550,70.0,0.746013827
560,72.0,0.747183214
570,74.0,0.748113733
580,76.0,0.748722847
590,76.0,0.749134909
600,77.0,0.750029985
610,77.0,0.750513135
620,75.0,0.750989609
630,73.0,0.751434709
640,74.0,0.751933503
650,74.0,0.752348473
660,75.0,0.752828915
670,76.0,0.753291779
680,75.0,0.754016629
690,74.0,0.754376746
700,72.0,0.755269037
710,74.0,0.755503373
720,74.0,0.755738273
730,74.0,0.756122017
740,73.0,0.756669924
750,74.0,0.757441266
760,73.0,0.757969437
770,71.0,0.75849668
780,73.0,0.758859595
790,73.0,0.759281539
800,73.0,0.759690248
810,75.0,0.759956386
820,77.0,0.760361317
830,77.0,0.760704683
840,77.0,0.761317681
850,77.0,0.761885445
860,79.0,0.762720715
870,79.0,0.763671141
880,77.0,0.764256413
890,75.0,0.76449067
900,77.0,0.76498707
910,79.0,0.765465573
920,78.0,0.765965608
930,77.0,0.766600974
940,77.0,0.767291762
950,77.0,0.767920192
960,77.0,0.768900214
970,77.0,0.769161967
980,75.0,0.76944603
990,75.0,0.769835094
1000,75.0,0.770148877
1010,75.0,0.770505315
1020,77.0,0.770782056
1030,77.0,0.771134323
1040,75.0,0.771435275
1050,75.0,0.771685631
1060,77.0,0.772005012
1070,77.0,0.772300024
1080,77.0,0.772582784
1090,75.0,0.772863501
1100,75.0,0.773170248
1110,75.0,0.773409897
1120,75.0,0.773623383
1130,75.0,0.773853365
1140,74.0,0.774074505
1150,75.0,0.774618476
1160,75.0,0.774985775
1170,74.0,0.775256517
1180,73.0,0.775532634
1190,73.0,0.77586054
1200,75.0,0.776214002
1210,73.0,0.776485978
1220,73.0,0.776951189
1230,73.0,0.777189626
1240,73.0,0.77758187
1250,73.0,0.777781391
1260,71.0,0.777997028
1270,72.0,0.778289725
1280,71.0,0.778500471
1290,72.0,0.778850643
1300,74.0,0.779162756
1310,76.0,0.779476497
1320,75.0,0.780440021
1330,76.0,0.780711642
1340,76.0,0.781113057
1350,78.0,0.781410887
1360,80.0,0.781771953
1370,80.0,0.782549012
1380,80.0,0.782763786
1390,80.0,0.782994303
1400,80.0,0.783255552
1410,80.0,0.783580211
1420,82.0,0.78386892
1430,82.0,0.784293452
1440,83.0,0.784679601
1450,82.0,0.785072414
1460,84.0,0.785395193
1470,82.0,0.785690726
1480,82.0,0.786105
1490,80.0,0.786433569
1500,80.0,0.786695844
1510,80.0,0.786926454
1520,80.0,0.787440971
1530,82.0,0.788464247
1540,80.0,0.789351736
1550,80.0,0.790689682
1560,80.0,0.792100617
1570,80.0,0.793589851
1580,80.0,0.79496828
1590,78.0,0.795908556
1600,80.0,0.796974937
1610,80.0,0.797274904
1620,78.0,0.79749161
1630,78.0,0.797923655
1640,76.0,0.798144956
1650,77.0,0.798813608
1660,77.0,0.799165111
1670,78.0,0.799574844
1680,78.0,0.799816552
1690,78.0,0.800072803
1700,78.0,0.800347369
1710,78.0,0.801312034
1720,76.0,0.801838298
1730,76.0,0.802261615
1740,74.0,0.802565046
1750,74.0,0.802920019
1760,74.0,0.803202467
1770,74.0,0.803471704
1780,74.0,0.803750435
1790,72.0,0.804155389
1800,74.0,0.8044405
1810,76.0,0.804797763
1820,74.0,0.805142825
1830,74.0,0.805439431
1840,74.0,0.805895471
1850,76.0,0.806463656
1860,76.0,0.806966413
1870,74.0,0.807360111
1880,74.0,0.80797534
1890,76.0,0.80852526
1900,74.0,0.808785352
1910,75.0,0.809121804
1920,75.0,0.809502784
1930,73.0,0.809825208
1940,71.0,0.810328254
1950,71.0,0.810819477
1960,71.0,0.811199305
1970,71.0,0.811544465
1980,73.0,0.812346685
1990,71.0,0.812662218
2000,75.0,0.813259805
2010,75.0,0.81373332
2020,75.0,0.814291121
2030,73.0,0.814934045
2040,73.0,0.815870129
2050,73.0,0.816323515
2060,75.0,0.81671356
2070,73.0,0.817037776
2080,73.0,0.817968502
2090,73.0,0.818881573
2100,75.0,0.819259719
2110,71.0,0.819700036
2120,73.0,0.82009122
2130,71.0,0.820296829
2140,71.0,0.821015905
2150,70.0,0.821523075
2160,71.0,0.822071595
2170,70.0,0.822961284
2180,72.0,0.823405956
2190,72.0,0.823989399
2200,72.0,0.824262709
2210,69.0,0.824919261
2220,70.0,0.825570523
2230,70.0,0.826455241
2240,69.0,0.843900682
2250,69.0,0.844322669
2260,71.0,0.844615926
2270,70.0,0.844912882
2280,69.0,0.845352284
2290,69.0,0.845855774
2300,70.0,0.846879927
2310,72.0,0.847135936
2320,72.0,0.847491833
2330,71.0,0.849099664
2340,71.0,0.850522022
2350,75.0,0.851154129
2360,70.0,0.851971088
2370,71.0,0.852550494
2380,72.0,0.853186451
2390,73.0,0.854373936
2400,72.0,0.854840305
2410,72.0,0.855317116
2420,73.0,0.856488871
2430,73.0,0.85718019
2440,73.0,0.85867674
2450,76.0,0.859127326
2460,76.0,0.859854765
2470,76.0,0.860249485
2480,75.0,0.860843153
2490,75.0,0.861230708
2500,73.0,0.861752625
2510,73.0,0.862033979
2520,75.0,0.86250878
2530,75.0,0.863863137
2540,76.0,0.864590181
2550,76.0,0.864954056
2560,76.0,0.86573579
2570,76.0,0.866391637
2580,76.0,0.867298657
2590,78.0,0.867827961
2600,78.0,0.868151146
2610,75.0,0.868672292
2620,76.0,0.869679497
2630,76.0,0.870829274
2640,74.0,0.871575143
2650,78.0,0.872435146
2660,78.0,0.873260136
2670,80.0,0.873581583
2680,79.0,0.874100548
2690,79.0,0.874730968
2700,81.0,0.87545122
2710,79.0,0.875984679
2720,79.0,0.876541547
2730,79.0,0.876858212
2740,77.0,0.877537604
2750,77.0,0.878323152
2760,77.0,0.87871559
2770,79.0,0.879488703
2780,81.0,0.880177623
2790,79.0,0.880449437
2800,79.0,0.88068016
2810,77.0,0.880969754
2820,79.0,0.882029708
2830,77.0,0.882395289
2840,75.0,0.883162644
2850,77.0,0.884250462
2860,77.0,0.884953342
2870,77.0,0.885733025
2880,79.0,0.887046922
2890,77.0,0.887798291
2900,75.0,0.88986291
2910,75.0,0.89064032
2920,77.0,0.891980697
2930,75.0,0.893189526
2940,77.0,0.894149805
2950,77.0,0.895849218
2960,75.0,0.898206938
2970,73.0,0.899430354
2980,73.0,0.90146257
2990,75.0,0.902086391
3000,73.0,0.902851226
3010,75.0,0.944637841
3020,75.0,0.945057173
3030,73.0,0.945417893
3040,73.0,0.945859803
3050,75.0,0.946369292
3060,75.0,0.947110574
3070,72.0,0.947355083
3080,71.0,0.947729208
3090,69.0,0.948297666
3100,71.0,0.948974411
3110,71.0,0.949221287
3120,75.0,0.949520898
3130,75.0,0.949776173
3140,77.0,0.954731868
3150,75.0,0.955490791
3160,75.0,0.955932392
3170,73.0,0.956367401
3180,75.0,0.956830008
3190,75.0,0.957125863
3200,75.0,0.957677741
3210,75.0,0.960121199
3220,75.0,0.96187516
3230,76.0,0.963264545
3240,75.0,0.963724047
3250,75.0,0.964083945
3260,75.0,0.9653639
3270,75.0,0.969170747
3280,75.0,0.970318493
3290,77.0,0.97058952
3300,77.0,0.972708884
3310,77.0,0.97452043
3320,77.0,1.02163754
3330,77.0,1.022183832
3340,75.0,1.022426864
3350,75.0,1.022688897
3360,73.0,1.02290998
3370,75.0,1.024678329
3380,75.0,1.025996658
3390,77.0,1.027236021
3400,77.0,1.028107245
3410,79.0,1.028993641
3420,79.0,1.029553296
3430,77.0,1.030405116
3440,79.0,1.032031043
3450,75.0,1.032489678
3460,77.0,1.032810048
3470,77.0,1.03327096
3480,77.0,1.033534267
3490,77.0,1.033839184
3500,77.0,1.034127928
3510,75.0,1.034382236
3520,77.0,1.034602963
3530,77.0,1.034982553
3540,77.0,1.035228736
3550,75.0,1.035615065
3560,75.0,1.035921524
3570,75.0,1.036621528
3580,76.0,1.03749501
3590,77.0,1.039472612
3600,76.0,1.051949265
3610,76.0,1.052167441
3620,76.0,1.052353294
3630,76.0,1.052541739
3640,74.0,1.052805848
3650,76.0,1.053078785
3660,76.0,1.053273983
3670,78.0,1.053474036
3680,79.0,1.053772018
3690,78.0,1.05407813
3700,80.0,1.054358147
3710,78.0,1.054545138
3720,78.0,1.054810563
3730,78.0,1.055123365
3740,78.0,1.055369896
3750,78.0,1.05555297
3760,78.0,1.055738555
3770,78.0,1.055925773
3780,78.0,1.056110713
3790,78.0,1.056316598
3800,78.0,1.056505608
3810,76.0,1.056693725
3820,76.0,1.056965784
3830,74.0,1.057225243
3840,74.0,1.057426396
3850,74.0,1.057626291
3860,74.0,1.057827877
3870,74.0,1.058074874
3880,74.0,1.058306752
3890,77.0,1.058523057
3900,77.0,1.058734168
3910,77.0,1.058948648
3920,77.0,1.059157004
3930,77.0,1.059469008
3940,77.0,1.059674125
3950,77.0,1.059889615
3960,77.0,1.060101659
3970,77.0,1.060401133
3980,77.0,1.060615117
3990,77.0,1.060821744
4000,77.0,1.061120742
