iterations,fitness,time
0,64.0,0.00297487
10,64.0,0.005716306
20,63.0,0.006954295
30,66.0,0.00860883
40,65.0,0.010253138
50,65.0,0.011336105
60,65.0,0.012323102
70,66.0,0.013467277
80,66.0,0.01454544
90,69.0,0.015485265
100,70.0,0.01663151
110,72.0,0.018215785
120,70.0,0.023348105
130,72.0,0.028198227
140,67.0,0.035073114
150,69.0,0.036458784
160,70.0,0.038079496
170,72.0,0.039331264
180,74.0,0.040918648
190,72.0,0.042076411
200,72.0,0.051618955
210,72.0,0.053945055
220,74.0,0.056165141
230,74.0,0.060892064
240,74.0,0.064735279
250,72.0,0.067387646
260,72.0,0.070027244
270,74.0,0.072430307
280,72.0,0.078410146
290,74.0,0.079445335
300,72.0,0.220493578
310,74.0,0.226466711
320,74.0,0.234432275
330,76.0,0.238894549
340,74.0,0.245271443
350,72.0,0.249679495
360,74.0,0.25529955
370,78.0,0.26020975
380,75.0,0.265197024
390,77.0,0.274358639
400,75.0,0.286930958
410,76.0,0.432089008
420,76.0,0.463649567
430,77.0,0.664966333
440,79.0,0.68881048
450,77.0,0.692424779
460,77.0,0.693133479
470,78.0,0.697747647
480,79.0,0.717853538
490,76.0,0.7181965
500,76.0,0.71851871
510,76.0,0.71898629
520,78.0,0.719728249
530,76.0,0.720255835
540,74.0,0.720815719
550,74.0,0.721390515
560,74.0,0.72213607
570,72.0,0.722497471
580,72.0,0.722812253
590,72.0,0.723332436
600,72.0,0.723867411
610,74.0,0.72428213
620,73.0,0.724708569
630,71.0,0.725330288
640,71.0,0.726108561
650,71.0,0.727328151
660,71.0,0.728887365
670,71.0,0.730131079
680,71.0,0.731753018
690,72.0,0.732875066
700,74.0,0.733991556
710,72.0,0.735914254
720,70.0,0.737905926
730,75.0,0.739235506
740,69.0,0.740710866
750,72.0,0.742159567
760,68.0,0.743275989
770,70.0,0.744446216
780,70.0,0.745695149
790,72.0,0.746351197
800,70.0,0.747065191
810,72.0,0.747842781
820,70.0,0.748554825
830,70.0,0.749496319
840,68.0,0.750081031
850,66.0,0.751237958
860,70.0,0.752177846
870,72.0,0.752662183
880,70.0,0.753204155
890,69.0,0.753790488
900,69.0,0.754504603
910,69.0,0.755142004
920,72.0,0.755536805
930,70.0,0.756277785
940,68.0,0.757171445
950,71.0,0.757568044
960,70.0,0.757946918
970,70.0,0.758426032
980,70.0,0.759155197
990,70.0,0.76032245
1000,72.0,0.760986639
1010,66.0,0.761685035
1020,68.0,0.762383639
1030,68.0,0.763347329
1040,68.0,0.764125251
1050,69.0,0.765117854
1060,67.0,0.765748697
1070,70.0,0.766774945
1080,68.0,0.767604381
1090,68.0,0.768503371
1100,70.0,0.769501989
1110,68.0,0.770097031
1120,66.0,0.770816433
1130,68.0,0.771293408
1140,68.0,0.771613496
1150,70.0,0.778309101
1160,70.0,0.779289456
1170,70.0,0.780252107
1180,72.0,0.780849601
1190,72.0,0.781814458
1200,72.0,0.782857945
1210,72.0,0.783448113
1220,70.0,0.78416579
1230,72.0,0.784744405
1240,72.0,0.785228307
1250,74.0,0.785851397
1260,70.0,0.78627551
1270,72.0,0.786921912
1280,74.0,0.787230003
1290,74.0,0.78763684
1300,73.0,0.787990267
1310,74.0,0.788416327
1320,73.0,0.788776895
1330,73.0,0.789207443
1340,79.0,0.789568489
1350,80.0,0.790009951
1360,79.0,0.790369348
1370,81.0,0.790956409
1380,79.0,0.791744503
1390,77.0,0.792271165
1400,75.0,0.793279093
1410,74.0,0.793687685
1420,74.0,0.794077635
1430,73.0,0.795060326
1440,72.0,0.79555763
1450,70.0,0.795978115
1460,74.0,0.796548642
1470,76.0,0.797075443
1480,76.0,0.797711228
1490,75.0,0.798279314
1500,75.0,0.799395911
1510,78.0,0.800060114
1520,80.0,0.800444699
1530,77.0,0.800819184
1540,77.0,0.801284594
1550,76.0,0.801715685
1560,77.0,0.802138451
1570,74.0,0.802639597
1580,74.0,0.803251016
1590,74.0,0.803980225
1600,74.0,0.80443264
1610,73.0,0.804766215
1620,74.0,0.805147855
1630,71.0,0.805540734
1640,73.0,0.805911085
1650,75.0,0.806381797
1660,73.0,0.807619709
1670,71.0,0.808260269
1680,67.0,0.808778253
1690,69.0,0.809122438
1700,69.0,0.809597733
1710,71.0,0.810066345
1720,73.0,0.810433421
1730,71.0,0.810747225
1740,71.0,0.811099949
1750,73.0,0.812930351
1760,71.0,0.814312699
1770,76.0,0.815472466
1780,76.0,0.817181196
1790,74.0,0.818641969
1800,71.0,0.819645808
1810,74.0,0.821048991
1820,75.0,0.82179963
1830,71.0,0.822755941
1840,71.0,0.824071749
1850,71.0,0.824685736
1860,71.0,0.825097794
1870,69.0,0.82591422
1880,69.0,0.826281581
1890,69.0,0.826834419
1900,71.0,0.827527391
1910,73.0,0.827943812
1920,75.0,0.828584071
1930,76.0,0.829315922
1940,77.0,0.830041336
1950,77.0,0.830499886
1960,76.0,0.830868941
1970,77.0,0.831187329
1980,75.0,0.831817727
1990,76.0,0.832485602
2000,75.0,0.833143949
2010,75.0,0.833619499
2020,75.0,0.834284506
2030,76.0,0.834981889
2040,76.0,0.835853072
2050,74.0,0.836459679
2060,74.0,0.83765807
2070,74.0,0.838617421
2080,74.0,0.839881765
2090,76.0,0.840493363
2100,74.0,0.841400065
2110,72.0,0.841743161
2120,71.0,0.842098703
2130,73.0,0.843164088
2140,70.0,0.843505496
2150,67.0,0.844407713
2160,69.0,0.844837416
2170,71.0,0.845310037
2180,67.0,0.845850519
2190,69.0,0.847106882
2200,69.0,0.847647191
2210,70.0,0.848732211
2220,71.0,0.849320732
2230,73.0,0.850315186
2240,73.0,0.8516338
2250,75.0,0.852266733
2260,75.0,0.853102767
2270,73.0,0.853851399
2280,74.0,0.85521295
2290,74.0,0.855668711
2300,77.0,0.856329424
2310,77.0,0.85740831
2320,73.0,0.858514583
2330,75.0,0.859019274
2340,73.0,0.860129358
2350,75.0,0.860720492
2360,75.0,0.879516861
2370,75.0,0.879839349
2380,74.0,0.880187173
2390,75.0,0.880566464
2400,75.0,0.880955466
2410,73.0,0.882343471
2420,75.0,0.882986464
2430,75.0,0.883831616
2440,77.0,0.884705906
2450,78.0,0.88534991
2460,77.0,0.886438967
2470,76.0,0.887458541
2480,75.0,0.888416262
2490,77.0,0.906737564
2500,77.0,0.908463577
2510,75.0,0.910186374
2520,75.0,0.910833182
2530,75.0,0.911587768
2540,73.0,0.912738625
2550,73.0,0.914559805
2560,71.0,0.915468018
2570,73.0,0.916252012
2580,71.0,0.916955122
2590,73.0,0.917670267
2600,71.0,0.918152276
2610,73.0,0.918762232
2620,73.0,0.919445857
2630,71.0,0.921022128
2640,71.0,0.922188348
2650,69.0,0.923295085
2660,71.0,0.923757832
2670,65.0,0.924415091
2680,67.0,0.925007388
2690,73.0,0.925565638
2700,69.0,0.926142717
2710,70.0,0.926827818
2720,71.0,0.927433053
2730,69.0,0.928059109
2740,69.0,0.929544723
2750,73.0,0.931338556
2760,70.0,0.931894939
2770,69.0,0.933066122
2780,71.0,0.934066424
2790,69.0,0.934678879
2800,69.0,0.935501629
2810,69.0,0.936590739
2820,69.0,0.937980322
2830,71.0,0.938826163
2840,69.0,0.939608548
2850,70.0,0.940714683
2860,70.0,0.941082616
2870,69.0,0.941410498
2880,70.0,0.941973043
2890,70.0,0.942663431
2900,70.0,0.943248356
2910,74.0,0.971763732
2920,68.0,0.972671056
2930,66.0,0.973242862
2940,70.0,0.974039841
2950,71.0,0.975300638
2960,71.0,0.976576369
2970,68.0,0.977440284
2980,70.0,0.978311674
2990,72.0,0.978615495
3000,70.0,0.978986325
3010,71.0,0.979562324
3020,71.0,0.980176955
3030,72.0,0.981067042
3040,68.0,0.98192238
3050,68.0,0.982787553
3060,70.0,0.983162427
3070,68.0,0.983504623
3080,70.0,0.983826225
3090,68.0,0.984198936
3100,70.0,0.984642208
3110,70.0,0.984969623
3120,70.0,0.985342812
3130,72.0,0.985609162
3140,69.0,0.985863672
3150,72.0,0.986259939
3160,69.0,0.986705319
3170,70.0,0.987041342
3180,72.0,0.987428922
3190,70.0,0.987823195
3200,72.0,0.988093681
3210,72.0,0.988364716
3220,68.0,0.988830751
3230,74.0,0.989436592
3240,76.0,0.989821969
3250,75.0,0.990232038
3260,76.0,0.99069296
3270,75.0,0.991524951
3280,77.0,0.992194323
3290,75.0,0.992566738
3300,75.0,0.992839399
3310,75.0,0.993111145
3320,75.0,0.993389632
3330,77.0,0.993649202
3340,77.0,0.993916473
3350,72.0,0.994185463
3360,73.0,0.994733101
3370,75.0,0.995291437
3380,77.0,0.995687788
3390,77.0,0.996147559
3400,77.0,0.996432966
3410,77.0,0.996816708
3420,78.0,0.997071801
3430,80.0,0.997325849
3440,80.0,0.99761587
3450,80.0,0.997937837
3460,78.0,0.998220121
3470,78.0,0.998498788
3480,82.0,0.999104168
3490,76.0,0.999780817
3500,76.0,1.000483055
3510,76.0,1.000855562
3520,76.0,1.001231058
3530,76.0,1.001491675
3540,70.0,1.00193264
3550,74.0,1.002549416
3560,72.0,1.002847453
3570,70.0,1.003142764
3580,72.0,1.003475479
3590,73.0,1.003765995
3600,73.0,1.00410674
3610,74.0,1.004689723
3620,80.0,1.00527652
3630,80.0,1.005655901
3640,82.0,1.006045681
3650,74.0,1.006534335
3660,74.0,1.006809041
3670,72.0,1.007096136
3680,74.0,1.0073794
3690,74.0,1.007669904
3700,72.0,1.007950035
3710,72.0,1.008227533
3720,74.0,1.008663598
3730,74.0,1.009457357
3740,76.0,1.009793287
3750,74.0,1.010132104
3760,74.0,1.010437538
3770,74.0,1.010716692
3780,74.0,1.010991577
3790,74.0,1.011280078
3800,74.0,1.011605186
3810,74.0,1.012089521
3820,70.0,1.012353171
3830,72.0,1.012614691
3840,74.0,1.012916804
3850,74.0,1.013179715
3860,75.0,1.013478313
3870,72.0,1.013927676
3880,70.0,1.014207888
3890,74.0,1.014520319
3900,73.0,1.01480631
3910,74.0,1.015320144
3920,71.0,1.015624626
3930,72.0,1.01693636
3940,73.0,1.01767809
3950,75.0,1.018163827
3960,72.0,1.018575231
3970,72.0,1.019207878
3980,78.0,1.019530631
3990,78.0,1.020142156
4000,78.0,1.022342786
