iterations,fitness,time
0,59.0,0.005252862
10,61.0,0.010182505
20,64.0,0.014875743
30,67.0,0.021357649
40,71.0,0.028052862
50,71.0,0.034057092
60,71.0,0.039877476
70,71.0,0.045279007
80,69.0,0.163306563
90,73.0,0.170724053
100,69.0,0.188575998
110,68.0,0.26721578
120,69.0,0.268424579
130,67.0,0.269331422
140,65.0,0.270906101
150,63.0,0.282738516
160,65.0,0.285215448
170,69.0,0.290326755
180,71.0,0.383755743
190,71.0,0.388877683
200,71.0,0.389785503
210,69.0,0.404968496
220,73.0,0.529937583
230,73.0,0.535696372
240,70.0,0.542496751
250,72.0,0.547266592
260,74.0,0.552435792
270,72.0,0.55652772
280,72.0,0.563276158
290,72.0,0.567951177
300,74.0,0.572121863
310,74.0,0.577743491
320,72.0,0.582021118
330,74.0,0.752086778
340,74.0,0.870586582
350,74.0,0.986080897
360,75.0,0.991208017
370,74.0,0.996381061
380,73.0,1.001926652
390,75.0,1.035130626
400,77.0,1.035836019
410,79.0,1.036210581
420,75.0,1.036682272
430,74.0,1.037011525
440,74.0,1.037479429
450,76.0,1.037941491
460,74.0,1.03860369
470,74.0,1.039204068
480,76.0,1.039747804
490,76.0,1.040287034
500,78.0,1.040652013
510,76.0,1.041175492
520,78.0,1.04157749
530,78.0,1.042184469
540,76.0,1.043462506
550,76.0,1.044893112
560,74.0,1.046577986
570,76.0,1.048730041
580,80.0,1.05009157
590,76.0,1.051572654
600,75.0,1.052704862
610,76.0,1.054046799
620,76.0,1.055644264
630,76.0,1.056782159
640,76.0,1.05844628
650,78.0,1.059074579
660,76.0,1.059566901
670,76.0,1.060114967
680,77.0,1.060725121
690,75.0,1.06136531
700,77.0,1.061707537
710,76.0,1.062252605
720,76.0,1.062663402
730,80.0,1.063234602
740,78.0,1.063893395
750,82.0,1.064624187
760,82.0,1.065037528
770,82.0,1.065813928
780,84.0,1.066802754
790,84.0,1.06760632
800,84.0,1.068139286
810,86.0,1.068664023
820,86.0,1.069928002
830,85.0,1.070734132
840,87.0,1.071423301
850,87.0,1.072038806
860,87.0,1.072333463
870,88.0,1.073096523
880,86.0,1.073837134
890,84.0,1.074454848
900,84.0,1.075073052
910,82.0,1.076022753
920,81.0,1.076978584
930,80.0,1.077892967
940,82.0,1.078598513
950,80.0,1.079314282
960,82.0,1.080174025
970,78.0,1.08092271
980,80.0,1.081515936
990,77.0,1.082317571
1000,76.0,1.083193936
1010,76.0,1.083893661
1020,76.0,1.084638631
1030,78.0,1.085606391
1040,77.0,1.086409651
1050,79.0,1.087375953
1060,79.0,1.08901951
1070,78.0,1.09021563
1080,76.0,1.090982169
1090,78.0,1.091314779
1100,79.0,1.091767103
1110,81.0,1.092343083
1120,79.0,1.093354558
1130,78.0,1.093648912
1140,78.0,1.09401267
1150,77.0,1.094474008
1160,79.0,1.094852697
1170,78.0,1.09584224
1180,79.0,1.096498744
1190,80.0,1.097108177
1200,76.0,1.097432873
1210,80.0,1.098029234
1220,78.0,1.098581773
1230,78.0,1.098953619
1240,78.0,1.099420795
1250,76.0,1.099864332
1260,77.0,1.100361466
1270,72.0,1.100968665
1280,72.0,1.101273913
1290,73.0,1.101680267
1300,76.0,1.102207476
1310,76.0,1.103061341
1320,74.0,1.103574612
1330,80.0,1.104071363
1340,80.0,1.10455709
1350,80.0,1.105022738
1360,80.0,1.105341769
1370,80.0,1.105699772
1380,80.0,1.106100072
1390,82.0,1.106592075
1400,80.0,1.106982772
1410,78.0,1.107511672
1420,78.0,1.108151335
1430,77.0,1.108504557
1440,76.0,1.108922035
1450,76.0,1.109615429
1460,76.0,1.111863973
1470,74.0,1.112461419
1480,74.0,1.113159505
1490,74.0,1.113695714
1500,74.0,1.11427987
1510,76.0,1.114888877
1520,76.0,1.115401451
1530,76.0,1.116035162
1540,76.0,1.116480494
1550,78.0,1.11711224
1560,78.0,1.117428157
1570,76.0,1.117860776
1580,76.0,1.118372534
1590,78.0,1.118709081
1600,82.0,1.119005265
1610,81.0,1.119313516
1620,81.0,1.11989349
1630,81.0,1.121214973
1640,81.0,1.122065407
1650,80.0,1.123875238
1660,82.0,1.125918319
1670,80.0,1.129287179
1680,81.0,1.130740854
1690,81.0,1.131222762
1700,79.0,1.13174959
1710,79.0,1.132063503
1720,79.0,1.132633733
1730,79.0,1.133677724
1740,77.0,1.133951564
1750,78.0,1.134400552
1760,78.0,1.134701979
1770,79.0,1.135351096
1780,77.0,1.135796716
1790,78.0,1.136228877
1800,81.0,1.137279287
1810,78.0,1.137674257
1820,77.0,1.138156704
1830,78.0,1.138652545
1840,76.0,1.139100535
1850,78.0,1.139920374
1860,78.0,1.140427808
1870,74.0,1.140862029
1880,74.0,1.141248062
1890,76.0,1.141808961
1900,74.0,1.142447983
1910,78.0,1.143905333
1920,78.0,1.145503471
1930,80.0,1.146525679
1940,78.0,1.14744057
1950,80.0,1.147836709
1960,78.0,1.149030757
1970,78.0,1.149574349
1980,74.0,1.150195836
1990,74.0,1.15082846
2000,78.0,1.151332034
2010,78.0,1.151883637
2020,76.0,1.15247093
2030,76.0,1.153504917
2040,76.0,1.154286846
2050,78.0,1.155089439
2060,76.0,1.155914175
2070,72.0,1.15655629
2080,70.0,1.157748114
2090,74.0,1.159248741
2100,76.0,1.159584005
2110,74.0,1.160178071
2120,72.0,1.161269212
2130,72.0,1.161975127
2140,70.0,1.162677836
2150,70.0,1.163418485
2160,70.0,1.165951835
2170,70.0,1.167680994
2180,70.0,1.168384646
2190,70.0,1.168972762
2200,70.0,1.169645044
2210,68.0,1.170868458
2220,68.0,1.172197717
2230,72.0,1.172765764
2240,70.0,1.173611612
2250,70.0,1.17645821
2260,72.0,1.179206054
2270,74.0,1.180922859
2280,72.0,1.182860978
2290,77.0,1.183334685
2300,75.0,1.183817737
2310,75.0,1.184200495
2320,76.0,1.184539099
2330,73.0,1.185250849
2340,75.0,1.185704469
2350,71.0,1.186161439
2360,73.0,1.186477632
2370,71.0,1.186892436
2380,69.0,1.18739178
2390,69.0,1.18826959
2400,69.0,1.188709004
2410,71.0,1.189068565
2420,69.0,1.189934128
2430,67.0,1.191185732
2440,69.0,1.193282204
2450,71.0,1.194850306
2460,71.0,1.195707967
2470,67.0,1.196885346
2480,69.0,1.198342265
2490,69.0,1.198910537
2500,69.0,1.199449488
2510,69.0,1.200051402
2520,69.0,1.201896245
2530,69.0,1.205175748
2540,69.0,1.206286728
2550,73.0,1.207903066
2560,73.0,1.208927169
2570,71.0,1.209499461
2580,73.0,1.21005276
2590,73.0,1.21163138
2600,73.0,1.213138214
2610,75.0,1.214301705
2620,75.0,1.215047961
2630,75.0,1.215668171
2640,75.0,1.216445384
2650,75.0,1.218085868
2660,75.0,1.218707664
2670,75.0,1.222871045
2680,75.0,1.223416765
2690,75.0,1.224550178
2700,71.0,1.22555859
2710,71.0,1.226673771
2720,73.0,1.227805558
2730,73.0,1.228314748
2740,73.0,1.229549303
2750,73.0,1.230250543
2760,73.0,1.288229298
2770,73.0,1.290297852
2780,73.0,1.291440202
2790,73.0,1.292326682
2800,73.0,1.292708992
2810,73.0,1.293158628
2820,75.0,1.293648266
2830,75.0,1.294740409
2840,74.0,1.29610304
2850,75.0,1.297297109
2860,73.0,1.29802182
2870,70.0,1.299359872
2880,72.0,1.302774206
2890,72.0,1.304639207
2900,74.0,1.307699781
2910,76.0,1.309329651
2920,76.0,1.31039936
2930,76.0,1.354870996
2940,74.0,1.37186097
2950,75.0,1.373884455
2960,76.0,1.374475864
2970,76.0,1.377956618
2980,76.0,1.378708022
2990,76.0,1.379631232
3000,76.0,1.381048224
3010,76.0,1.382165408
3020,76.0,1.38260617
3030,76.0,1.382975806
3040,76.0,1.383346405
3050,76.0,1.383750308
3060,76.0,1.38522033
3070,78.0,1.386597148
3080,80.0,1.387852035
3090,76.0,1.38924864
3100,77.0,1.39042181
3110,75.0,1.390800228
3120,77.0,1.391309114
3130,75.0,1.392518884
3140,75.0,1.393434505
3150,75.0,1.394454046
3160,77.0,1.395686415
3170,75.0,1.396252782
3180,73.0,1.396841906
3190,76.0,1.39793598
3200,75.0,1.398691613
3210,73.0,1.399410769
3220,75.0,1.400051139
3230,73.0,1.401245771
3240,73.0,1.402031024
3250,74.0,1.402985126
3260,76.0,1.403704309
3270,76.0,1.40482849
3280,74.0,1.405984512
3290,74.0,1.406700003
3300,74.0,1.407210475
3310,72.0,1.407667385
3320,70.0,1.408562246
3330,70.0,1.408974944
3340,72.0,1.409671568
3350,72.0,1.410376584
3360,76.0,1.411219876
3370,76.0,1.412769291
3380,76.0,1.413958203
3390,76.0,1.414851005
3400,76.0,1.415682272
3410,77.0,1.416124599
3420,75.0,1.416647605
3430,75.0,1.417426687
3440,77.0,1.417956222
3450,77.0,1.418713652
3460,77.0,1.420088994
3470,79.0,1.420650628
3480,77.0,1.421330166
3490,77.0,1.450269105
3500,79.0,1.451858503
3510,79.0,1.454112147
3520,81.0,1.455104868
3530,79.0,1.459496997
3540,81.0,1.460037856
3550,81.0,1.460654505
3560,79.0,1.46127596
3570,79.0,1.462136105
3580,77.0,1.462646386
3590,73.0,1.463002224
3600,73.0,1.463335504
3610,75.0,1.463656693
3620,73.0,1.463985491
3630,71.0,1.464491926
3640,71.0,1.464787991
3650,71.0,1.465073949
3660,73.0,1.46537667
3670,73.0,1.465662781
3680,75.0,1.466235827
3690,75.0,1.466627153
3700,77.0,1.466889244
3710,76.0,1.46730166
3720,78.0,1.467922
3730,76.0,1.468466038
3740,76.0,1.468766962
3750,74.0,1.46903553
3760,74.0,1.469297846
3770,76.0,1.469557562
3780,75.0,1.469808564
3790,73.0,1.470162297
3800,75.0,1.470408821
3810,75.0,1.470652522
3820,75.0,1.471016291
3830,73.0,1.47141444
3840,75.0,1.472160721
3850,75.0,1.472719858
3860,73.0,1.473036212
3870,75.0,1.473296881
3880,75.0,1.473551339
3890,73.0,1.473891688
3900,73.0,1.47439507
3910,73.0,1.525915288
3920,73.0,1.526501055
3930,73.0,1.526788056
3940,71.0,1.527064759
3950,73.0,1.527328809
3960,73.0,1.527592678
3970,73.0,1.527876928
3980,75.0,1.528130711
3990,71.0,1.528393513
4000,73.0,1.528656122
