iterations,fitness,time
0,64.0,0.006913208
10,61.0,0.013433307
20,64.0,0.020571105
30,66.0,0.027738402
40,72.0,0.034628504
50,69.0,0.040643387
60,69.0,0.045679456
70,70.0,0.054119464
80,72.0,0.061414819
90,71.0,0.068328452
100,72.0,0.094407889
110,73.0,0.104319522
120,72.0,0.130078659
130,70.0,0.139359964
140,68.0,0.153602659
150,68.0,0.222646762
160,68.0,0.22389209
170,70.0,0.22519128
180,69.0,0.225944663
190,73.0,0.226638805
200,74.0,0.227255218
210,72.0,0.228009958
220,72.0,0.228759035
230,76.0,0.229763024
240,74.0,0.255054464
250,76.0,0.256232247
260,76.0,0.258549406
270,74.0,0.260765187
280,78.0,0.264116358
290,78.0,0.265975833
300,78.0,0.281906074
310,76.0,0.292758835
320,72.0,0.309087316
330,74.0,0.441234694
340,70.0,0.444579487
350,74.0,0.451428322
360,71.0,0.455416088
370,72.0,0.457950673
380,70.0,0.4629127
390,78.0,0.466616209
400,74.0,0.470163533
410,72.0,0.47372201
420,70.0,0.477501528
430,70.0,0.480719562
440,70.0,0.484171061
450,72.0,0.486554668
460,76.0,0.489370629
470,76.0,0.49170566
480,76.0,0.493951711
490,76.0,0.496000486
500,76.0,0.497962794
510,75.0,0.500756592
520,74.0,0.503173232
530,78.0,0.505586044
540,76.0,0.50745476
550,78.0,0.50994805
560,76.0,0.511729084
570,74.0,0.513081131
580,76.0,0.51418723
590,74.0,0.515916663
600,70.0,0.519187995
610,73.0,0.521293087
620,73.0,0.523084847
630,73.0,0.525561497
640,72.0,0.527648699
650,74.0,0.529552023
660,72.0,0.531882324
670,73.0,0.533557281
680,72.0,0.535959016
690,74.0,0.538222475
700,70.0,0.539790608
710,70.0,0.541426944
720,70.0,0.543092422
730,70.0,0.544632362
740,72.0,0.705328424
750,71.0,0.86373906
760,70.0,1.081064754
770,66.0,1.101196263
780,66.0,1.105531408
790,66.0,1.110532755
800,68.0,1.123966891
810,70.0,1.129657553
820,66.0,1.135783768
830,68.0,1.141662748
840,69.0,1.146487997
850,73.0,1.172963235
860,71.0,1.173825955
870,73.0,1.17510052
880,77.0,1.176485425
890,77.0,1.178544991
900,79.0,1.180788965
910,77.0,1.210553136
920,77.0,1.260510079
930,79.0,1.2612391
940,79.0,1.261792195
950,77.0,1.262338103
960,75.0,1.264979118
970,76.0,1.266439486
980,74.0,1.267397259
990,75.0,1.268396188
1000,77.0,1.269042562
1010,77.0,1.269817377
1020,80.0,1.271979485
1030,79.0,1.274943643
1040,77.0,1.27685178
1050,77.0,1.278376384
1060,80.0,1.279901877
1070,76.0,1.281515375
1080,75.0,1.284077651
1090,75.0,1.285665071
1100,74.0,1.2895501
1110,73.0,1.293783934
1120,74.0,1.295165047
1130,74.0,1.296707266
1140,73.0,1.299313545
1150,76.0,1.300811234
1160,76.0,1.30186472
1170,74.0,1.302741867
1180,74.0,1.303944648
1190,76.0,1.304766878
1200,76.0,1.306098567
1210,74.0,1.306986374
1220,74.0,1.307483572
1230,72.0,1.307964693
1240,70.0,1.308448993
1250,72.0,1.309677539
1260,72.0,1.31124365
1270,74.0,1.312036808
1280,74.0,1.313006066
1290,74.0,1.314010313
1300,78.0,1.314651391
1310,74.0,1.315639466
1320,74.0,1.31620569
1330,72.0,1.316660978
1340,74.0,1.317836394
1350,73.0,1.319297915
1360,74.0,1.320518278
1370,74.0,1.321937606
1380,75.0,1.323207203
1390,72.0,1.324218225
1400,75.0,1.324598628
1410,72.0,1.325496342
1420,70.0,1.326266426
1430,69.0,1.327168472
1440,71.0,1.327797582
1450,73.0,1.328321904
1460,73.0,1.328967172
1470,73.0,1.329714205
1480,73.0,1.330301501
1490,71.0,1.331061087
1500,71.0,1.331951905
1510,73.0,1.332741938
1520,72.0,1.333457583
1530,69.0,1.333983816
1540,71.0,1.334483004
1550,71.0,1.334931715
1560,69.0,1.335492633
1570,69.0,1.335907147
1580,73.0,1.336384017
1590,71.0,1.336801587
1600,71.0,1.337192739
1610,69.0,1.33763062
1620,69.0,1.338143393
1630,69.0,1.338473262
1640,71.0,1.339029142
1650,72.0,1.33970603
1660,72.0,1.340286067
1670,75.0,1.340573699
1680,75.0,1.340848263
1690,75.0,1.3412667
1700,75.0,1.342280191
1710,75.0,1.342829057
1720,75.0,1.343235569
1730,79.0,1.34379969
1740,77.0,1.344710763
1750,77.0,1.344991423
1760,75.0,1.345296927
1770,75.0,1.345949158
1780,73.0,1.346391828
1790,75.0,1.346737835
1800,77.0,1.347215312
1810,75.0,1.34752271
1820,79.0,1.347898544
1830,77.0,1.348362609
1840,75.0,1.348802047
1850,74.0,1.34931116
1860,75.0,1.349888425
1870,74.0,1.350512719
1880,76.0,1.350961925
1890,81.0,1.351375016
1900,81.0,1.352649254
1910,83.0,1.353089886
1920,83.0,1.353447722
1930,81.0,1.353754784
1940,81.0,1.354313422
1950,81.0,1.354677419
1960,79.0,1.355242837
1970,77.0,1.355723837
1980,75.0,1.356739497
1990,72.0,1.357127829
2000,75.0,1.357384088
2010,77.0,1.357651215
2020,77.0,1.357913135
2030,79.0,1.358693911
2040,81.0,1.359162122
2050,77.0,1.359465925
2060,77.0,1.360538464
2070,75.0,1.360884024
2080,77.0,1.361186444
2090,79.0,1.361951175
2100,77.0,1.362501144
2110,79.0,1.364166888
2120,79.0,1.364569487
2130,81.0,1.365020033
2140,81.0,1.365605137
2150,81.0,1.366143659
2160,79.0,1.36657094
2170,77.0,1.366875554
2180,77.0,1.367684969
2190,78.0,1.368124105
2200,75.0,1.368928282
2210,77.0,1.371111942
2220,75.0,1.37281925
2230,77.0,1.374927063
2240,77.0,1.376149646
2250,75.0,1.377557381
2260,73.0,1.378468092
2270,71.0,1.38007708
2280,71.0,1.382981661
2290,71.0,1.456923341
2300,73.0,1.466028467
2310,71.0,1.467477844
2320,71.0,1.468221746
2330,69.0,1.468862598
2340,69.0,1.469438309
2350,67.0,1.471474108
2360,69.0,1.47333963
2370,71.0,1.474891494
2380,69.0,1.486308325
2390,71.0,1.486845378
2400,71.0,1.487400729
2410,73.0,1.488050292
2420,74.0,1.493867544
2430,71.0,1.49413182
2440,72.0,1.494430225
2450,74.0,1.495005785
2460,74.0,1.495317754
2470,74.0,1.495798918
2480,74.0,1.496113173
2490,74.0,1.499670453
2500,74.0,1.501200543
2510,74.0,1.501695329
2520,74.0,1.502374813
2530,76.0,1.503381004
2540,74.0,1.507228861
2550,76.0,1.50767247
2560,76.0,1.508360274
2570,75.0,1.508775363
2580,75.0,1.509072006
2590,74.0,1.509692319
2600,77.0,1.515217487
2610,75.0,1.517787203
2620,73.0,1.518287625
2630,75.0,1.520951293
2640,73.0,1.522700695
2650,71.0,1.524757556
2660,73.0,1.52506513
2670,71.0,1.525453262
2680,71.0,1.52584079
2690,71.0,1.526321173
2700,67.0,1.527123305
2710,67.0,1.530500662
2720,67.0,1.532088898
2730,67.0,1.536044447
2740,67.0,1.537772627
2750,67.0,1.540686204
2760,68.0,1.542738815
2770,67.0,1.544825634
2780,69.0,1.545326451
2790,71.0,1.5899486
2800,71.0,1.591162967
2810,73.0,1.592043639
2820,71.0,1.592894632
2830,71.0,1.593348842
2840,71.0,1.593779467
2850,71.0,1.594098127
2860,68.0,1.594608814
2870,73.0,1.595183816
2880,71.0,1.595686051
2890,73.0,1.596347414
2900,69.0,1.596929812
2910,71.0,1.597630936
2920,73.0,1.598796795
2930,69.0,1.599533469
2940,71.0,1.600753265
2950,71.0,1.601451641
2960,73.0,1.601882486
2970,73.0,1.602699565
2980,71.0,1.603993718
2990,71.0,1.605421937
3000,73.0,1.607209348
3010,75.0,1.608998263
3020,73.0,1.610717782
3030,73.0,1.611422858
3040,71.0,1.611946962
3050,75.0,1.612325861
3060,71.0,1.612660747
3070,67.0,1.613158477
3080,71.0,1.613486035
3090,71.0,1.614595278
3100,71.0,1.618466442
3110,71.0,1.622840445
3120,69.0,1.623686694
3130,69.0,1.626714664
3140,72.0,1.627647727
3150,69.0,1.628537641
3160,70.0,1.629133057
3170,68.0,1.630002273
3180,70.0,1.630423336
3190,69.0,1.630772425
3200,68.0,1.63144562
3210,71.0,1.63196083
3220,71.0,1.632672815
3230,71.0,1.633526474
3240,69.0,1.634388862
3250,71.0,1.635180537
3260,73.0,1.635597516
3270,73.0,1.636123398
3280,75.0,1.701730293
3290,75.0,1.702023708
3300,75.0,1.702630616
3310,71.0,1.703004038
3320,73.0,1.703582393
3330,73.0,1.716292143
3340,71.0,1.716636863
3350,73.0,1.717169314
3360,73.0,1.717888927
3370,75.0,1.718378993
3380,75.0,1.719476071
3390,75.0,1.720186872
3400,75.0,1.720705897
3410,73.0,1.720960023
3420,73.0,1.721301368
3430,73.0,1.721586392
3440,75.0,1.721848119
3450,73.0,1.722223385
3460,74.0,1.722500048
3470,70.0,1.722927151
3480,73.0,1.724109112
3490,69.0,1.724896673
3500,71.0,1.725307332
3510,71.0,1.751169737
3520,72.0,1.751845632
3530,73.0,1.752465357
3540,73.0,1.753558409
3550,77.0,1.754436855
3560,71.0,1.754872299
3570,73.0,1.757336711
3580,72.0,1.758555888
3590,73.0,1.759177514
3600,73.0,1.760399391
3610,72.0,1.76126653
3620,71.0,1.763131262
3630,75.0,1.765073103
3640,71.0,1.768024671
3650,77.0,1.769643757
3660,71.0,1.770604569
3670,73.0,1.771910706
3680,71.0,1.772579077
3690,70.0,1.773554052
3700,70.0,1.857598346
3710,73.0,1.858147304
3720,72.0,1.859113435
3730,72.0,1.859841795
3740,73.0,1.861149018
3750,71.0,1.862166169
3760,74.0,1.863452657
3770,74.0,1.864257319
3780,75.0,1.864978924
3790,73.0,1.865539907
3800,75.0,1.865855624
3810,75.0,1.86837043
3820,73.0,1.870821166
3830,73.0,1.872331774
3840,73.0,1.874073078
3850,75.0,1.875543802
3860,75.0,1.876464995
3870,77.0,1.88869975
3880,71.0,1.891359405
3890,71.0,1.892551786
3900,73.0,1.894675467
3910,73.0,1.895533192
3920,73.0,1.896639622
3930,75.0,1.897482435
3940,71.0,1.898641916
3950,75.0,1.90010925
3960,75.0,1.90105807
3970,75.0,1.901704127
3980,73.0,1.902127208
3990,73.0,1.903088363
4000,71.0,1.904413343
