iterations,fitness,time
0,58.0,0.00421042
10,57.0,0.008810081
20,60.0,0.011330223
30,60.0,0.015509644
40,60.0,0.022167263
50,58.0,0.026656098
60,58.0,0.03269643
70,59.0,0.038448372
80,62.0,0.043499139
90,63.0,0.068633617
100,65.0,0.070759331
110,67.0,0.074148429
120,68.0,0.076955876
130,70.0,0.079711489
140,68.0,0.082914474
150,68.0,0.083997945
160,68.0,0.09095038
170,66.0,0.097805465
180,70.0,0.165747848
190,70.0,0.167088138
200,70.0,0.311424644
210,69.0,0.313677541
220,70.0,0.423850491
230,72.0,0.450805079
240,70.0,0.485307268
250,72.0,0.56179906
260,70.0,0.63810503
270,70.0,0.639471803
280,70.0,0.642415714
290,68.0,0.645000679
300,68.0,0.646284266
310,66.0,0.649907325
320,66.0,0.683873999
330,68.0,0.68455016
340,68.0,0.684981649
350,68.0,0.685499918
360,72.0,0.685793718
370,68.0,0.686282683
380,68.0,0.686937148
390,66.0,0.687481287
400,66.0,0.688126432
410,72.0,0.688627204
420,72.0,0.688951673
430,68.0,0.689707539
440,70.0,0.691056408
450,71.0,0.692503501
460,72.0,0.693656356
470,72.0,0.694710131
480,74.0,0.695524757
490,72.0,0.696676137
500,70.0,0.697598846
510,68.0,0.698800996
520,68.0,0.700304104
530,67.0,0.701599235
540,67.0,0.70302266
550,67.0,0.70450338
560,67.0,0.705649944
570,67.0,0.706922642
580,69.0,0.708477472
590,69.0,0.709448821
600,67.0,0.70989986
610,65.0,0.710468705
620,69.0,0.711143291
630,67.0,0.711787671
640,67.0,0.712631716
650,64.0,0.713111314
660,69.0,0.714038387
670,69.0,0.714340556
680,67.0,0.714844594
690,67.0,0.715325026
700,65.0,0.715927654
710,66.0,0.7165867
720,66.0,0.717268582
730,64.0,0.718176283
740,65.0,0.719006092
750,67.0,0.719883029
760,68.0,0.72045815
770,70.0,0.721282658
780,66.0,0.722155237
790,66.0,0.722909011
800,68.0,0.723273746
810,69.0,0.723704154
820,65.0,0.724671737
830,67.0,0.725236765
840,67.0,0.72560208
850,69.0,0.726169576
860,69.0,0.726676986
870,69.0,0.727060295
880,75.0,0.727563097
890,71.0,0.728012682
900,74.0,0.728440928
910,69.0,0.728927713
920,73.0,0.729606326
930,72.0,0.73021103
940,73.0,0.730690864
950,78.0,0.731538401
960,74.0,0.732042285
970,73.0,0.732498844
980,73.0,0.733289024
990,71.0,0.734144767
1000,73.0,0.734607173
1010,75.0,0.735022032
1020,75.0,0.735696412
1030,73.0,0.736180075
1040,76.0,0.736552031
1050,73.0,0.736899215
1060,74.0,0.737182651
1070,73.0,0.737552609
1080,76.0,0.737958479
1090,72.0,0.738232437
1100,72.0,0.738955916
1110,72.0,0.739758795
1120,68.0,0.740107666
1130,70.0,0.740389885
1140,68.0,0.740906725
1150,68.0,0.74130766
1160,72.0,0.741915909
1170,70.0,0.742428655
1180,74.0,0.742667088
1190,70.0,0.743054042
1200,68.0,0.743362514
1210,67.0,0.743682962
1220,66.0,0.743982873
1230,66.0,0.744292472
1240,66.0,0.74463765
1250,69.0,0.745299689
1260,66.0,0.745758177
1270,68.0,0.74639504
1280,68.0,0.746750522
1290,64.0,0.747446756
1300,68.0,0.748497081
1310,69.0,0.748970344
1320,65.0,0.749191582
1330,65.0,0.749519434
1340,67.0,0.749945838
1350,65.0,0.750236236
1360,66.0,0.75054608
1370,67.0,0.751025299
1380,64.0,0.751325721
1390,68.0,0.751808696
1400,66.0,0.752150404
1410,64.0,0.752553406
1420,66.0,0.752963701
1430,64.0,0.753506112
1440,66.0,0.75443384
1450,66.0,0.754999766
1460,65.0,0.755490586
1470,68.0,0.756552309
1480,68.0,0.757505442
1490,70.0,0.757999817
1500,70.0,0.758842055
1510,76.0,0.759134887
1520,72.0,0.759411662
1530,74.0,0.759961756
1540,71.0,0.760230146
1550,70.0,0.760492984
1560,72.0,0.761082469
1570,73.0,0.762036359
1580,70.0,0.762493812
1590,71.0,0.762823556
1600,72.0,0.763290224
1610,71.0,0.763531994
1620,69.0,0.763895334
1630,71.0,0.764258624
1640,71.0,0.764587725
1650,67.0,0.765273545
1660,68.0,0.765815146
1670,70.0,0.76698035
1680,72.0,0.767326507
1690,74.0,0.76838349
1700,72.0,0.770296356
1710,72.0,0.77147839
1720,73.0,0.772770239
1730,77.0,0.774242404
1740,78.0,0.776392417
1750,74.0,0.77948305
1760,74.0,0.78105732
1770,78.0,0.851977234
1780,70.0,0.853322991
1790,70.0,0.854202433
1800,70.0,0.85477131
1810,68.0,0.855374682
1820,70.0,0.855902755
1830,70.0,0.856467285
1840,70.0,0.858003585
1850,70.0,0.859633142
1860,71.0,0.860886994
1870,70.0,0.869697142
1880,70.0,0.870160758
1890,72.0,0.870475723
1900,72.0,0.870991375
1910,74.0,0.871517075
1920,74.0,0.871788304
1930,72.0,0.872080842
1940,74.0,0.872443727
1950,74.0,0.873206023
1960,72.0,0.873558991
1970,72.0,0.873804083
1980,72.0,0.874044109
1990,74.0,0.874245333
2000,76.0,0.874448776
2010,76.0,0.874667236
2020,72.0,0.874867564
2030,72.0,0.875063807
2040,74.0,0.875293833
2050,76.0,0.875494093
2060,74.0,0.875693346
2070,70.0,0.875891673
2080,72.0,0.876087745
2090,72.0,0.876414389
2100,72.0,0.876823407
2110,72.0,0.877083904
2120,74.0,0.877555306
2130,72.0,0.877778846
2140,68.0,0.877986025
2150,72.0,0.878199168
2160,72.0,0.87850982
2170,70.0,0.878745553
2180,72.0,0.878954875
2190,70.0,0.879157992
2200,70.0,0.879462116
2210,74.0,0.879685254
2220,74.0,0.879895739
2230,74.0,0.880095971
2240,72.0,0.880299829
2250,72.0,0.880512938
2260,73.0,0.880737105
2270,75.0,0.880961288
2280,77.0,0.881184925
2290,75.0,0.881411173
2300,79.0,1.098445019
2310,79.0,1.099174703
2320,81.0,1.099632776
2330,78.0,1.100075414
2340,79.0,1.100576597
2350,79.0,1.100982237
2360,78.0,1.101453571
2370,81.0,1.101946613
2380,80.0,1.102181018
2390,79.0,1.102442103
2400,79.0,1.102692569
2410,79.0,1.102894339
2420,78.0,1.10311127
2430,81.0,1.103375068
2440,79.0,1.103590705
2450,80.0,1.103809741
2460,79.0,1.104005384
2470,78.0,1.104232274
2480,80.0,1.104444521
2490,80.0,1.104709769
2500,81.0,1.10502015
2510,80.0,1.105331955
2520,80.0,1.105834988
2530,78.0,1.106228196
2540,76.0,1.106646463
2550,76.0,1.10704149
2560,74.0,1.10737974
2570,73.0,1.10785594
2580,71.0,1.108329935
2590,71.0,1.108706314
2600,69.0,1.109347143
2610,71.0,1.110498411
2620,71.0,1.111342684
2630,70.0,1.112797478
2640,71.0,1.113506412
2650,71.0,1.114466432
2660,69.0,1.11535126
2670,69.0,1.116698118
2680,70.0,1.11836426
2690,71.0,1.12039659
2700,73.0,1.120926656
2710,69.0,1.121968336
2720,69.0,1.123428884
2730,69.0,1.125845313
2740,69.0,1.126794292
2750,68.0,1.128286452
2760,67.0,1.130443646
2770,71.0,1.130798381
2780,71.0,1.131615437
2790,72.0,1.132449582
2800,72.0,1.133316676
2810,71.0,1.134265304
2820,71.0,1.13532576
2830,69.0,1.135853557
2840,71.0,1.136763883
2850,69.0,1.137217182
2860,73.0,1.137551206
2870,75.0,1.138220569
2880,75.0,1.139051498
2890,75.0,1.140072359
2900,77.0,1.140437222
2910,78.0,1.140995301
2920,77.0,1.141367624
2930,77.0,1.141650006
2940,77.0,1.142253426
2950,79.0,1.143260867
2960,75.0,1.144154462
2970,73.0,1.144640105
2980,75.0,1.145531678
2990,75.0,1.146366226
3000,73.0,1.147011685
3010,73.0,1.147892279
3020,73.0,1.148582162
3030,73.0,1.149814746
3040,71.0,1.150494583
3050,75.0,1.151529785
3060,73.0,1.152203923
3070,75.0,1.153531323
3080,73.0,1.154328832
3090,74.0,1.155429009
3100,73.0,1.156367673
3110,75.0,1.157188279
3120,75.0,1.158494691
3130,77.0,1.159421803
3140,75.0,1.160661607
3150,75.0,1.161781302
3160,74.0,1.162308869
3170,71.0,1.163293094
3180,73.0,1.164282808
3190,70.0,1.165220069
3200,68.0,1.166166303
3210,72.0,1.166602052
3220,72.0,1.16703605
3230,72.0,1.168029748
3240,72.0,1.168944732
3250,72.0,1.16960998
3260,72.0,1.170650671
3270,72.0,1.172089887
3280,66.0,1.172634199
3290,69.0,1.173511813
3300,71.0,1.174274922
3310,68.0,1.174871263
3320,70.0,1.175134997
3330,70.0,1.17540338
3340,70.0,1.175663694
3350,68.0,1.176013828
3360,68.0,1.176552554
3370,69.0,1.177474735
3380,66.0,1.181430235
3390,66.0,1.183812973
3400,69.0,1.185041872
3410,69.0,1.185865734
3420,68.0,1.186430916
3430,70.0,1.186863964
3440,71.0,1.187325768
3450,73.0,1.190486048
3460,75.0,1.19106516
3470,73.0,1.192543412
3480,73.0,1.193942025
3490,73.0,1.194573076
3500,73.0,1.195089535
3510,75.0,1.200073892
3520,75.0,1.201450145
3530,75.0,1.202517776
3540,73.0,1.203210412
3550,73.0,1.316625238
3560,73.0,1.316958016
3570,75.0,1.317420216
3580,75.0,1.317788839
3590,73.0,1.318031362
3600,75.0,1.31828357
3610,71.0,1.318544913
3620,71.0,1.320625975
3630,73.0,1.321445002
3640,73.0,1.32224592
3650,71.0,1.322708348
3660,72.0,1.323818153
3670,71.0,1.326852896
3680,72.0,1.359035617
3690,70.0,1.359528263
3700,67.0,1.359848415
3710,67.0,1.360281981
3720,71.0,1.360699261
3730,68.0,1.361131251
3740,71.0,1.361593828
3750,71.0,1.363296542
3760,71.0,1.364803842
3770,72.0,1.366126641
3780,77.0,1.367110359
3790,79.0,1.36748921
3800,79.0,1.367992577
3810,81.0,1.368369999
3820,81.0,1.368645497
3830,79.0,1.368927385
3840,77.0,1.369147008
3850,76.0,1.369580897
3860,75.0,1.370090812
3870,76.0,1.37060752
3880,77.0,1.37093297
3890,73.0,1.371149044
3900,73.0,1.371368376
3910,73.0,1.371581528
3920,77.0,1.371791049
3930,75.0,1.372112455
3940,73.0,1.37235944
3950,75.0,1.372636966
3960,77.0,1.373073356
3970,69.0,1.374300798
3980,69.0,1.375023489
3990,69.0,1.376083529
4000,69.0,1.377483235
