iterations,fitness,time
0,67.0,0.000866702
10,65.0,0.005526264
20,65.0,0.01008562
30,66.0,0.014450916
40,67.0,0.019951523
50,68.0,0.027307194
60,66.0,0.034063442
70,70.0,0.037510063
80,70.0,0.040302124
90,68.0,0.044071703
100,68.0,0.047480197
110,68.0,0.049600128
120,70.0,0.054882087
130,68.0,0.151048946
140,68.0,0.1568622
150,66.0,0.298368254
160,66.0,0.302908103
170,66.0,0.306257372
180,66.0,0.308632852
190,68.0,0.311387432
200,68.0,0.313810353
210,65.0,0.316566505
220,66.0,0.319175866
230,68.0,0.322481314
240,70.0,0.325256528
250,68.0,0.32832675
260,70.0,0.332252712
270,72.0,0.335364462
280,70.0,0.337595777
290,69.0,0.338591291
300,68.0,0.343205756
310,71.0,0.351565504
320,71.0,0.35680685
330,71.0,0.362445787
340,71.0,0.36778104
350,71.0,0.372863822
360,71.0,0.378995635
370,71.0,0.384313779
380,69.0,0.424508235
390,69.0,0.563311708
400,67.0,0.807048815
410,69.0,0.809818156
420,73.0,0.814327253
430,69.0,0.815964995
440,71.0,0.821536253
450,73.0,0.827355223
460,73.0,0.83805215
470,75.0,0.845955691
480,75.0,0.854377886
490,75.0,0.865818454
500,73.0,0.868366317
510,73.0,0.870613371
520,75.0,0.872815821
530,75.0,0.875488459
540,75.0,0.877798149
550,75.0,0.965736065
560,73.0,0.96606092
570,75.0,0.96634533
580,75.0,0.966850813
590,75.0,0.967137398
600,75.0,0.967812536
610,75.0,0.968829901
620,75.0,0.969511035
630,75.0,0.969999705
640,77.0,0.970260055
650,77.0,0.971855944
660,77.0,0.973131672
670,79.0,0.975422079
680,81.0,0.976524324
690,79.0,0.978120546
700,79.0,0.979415177
710,79.0,0.982474868
720,79.0,0.984242409
730,79.0,0.98549076
740,79.0,0.986518074
750,79.0,0.987687957
760,79.0,0.989335878
770,77.0,0.990792603
780,77.0,0.992410097
790,77.0,0.992778572
800,78.0,0.993392276
810,80.0,0.993796222
820,81.0,0.994873222
830,81.0,0.995517545
840,81.0,0.996145834
850,81.0,0.996694191
860,83.0,0.997262541
870,83.0,0.997809032
880,81.0,0.998489758
890,81.0,0.999049192
900,83.0,0.999936583
910,83.0,1.000861352
920,83.0,1.001438288
930,81.0,1.002513694
940,79.0,1.00325627
950,81.0,1.003675198
960,81.0,1.004276548
970,81.0,1.004861849
980,83.0,1.005228108
990,81.0,1.006168242
1000,83.0,1.006928995
1010,83.0,1.007311397
1020,85.0,1.00801981
1030,81.0,1.008505031
1040,81.0,1.010186428
1050,79.0,1.01100641
1060,79.0,1.011699241
1070,79.0,1.013740809
1080,77.0,1.016560886
1090,77.0,1.017410022
1100,79.0,1.018531771
1110,77.0,1.018906638
1120,79.0,1.019334027
1130,79.0,1.020402002
1140,79.0,1.021112965
1150,76.0,1.021882534
1160,76.0,1.022322472
1170,77.0,1.023006985
1180,77.0,1.023850249
1190,78.0,1.024413227
1200,79.0,1.025104932
1210,76.0,1.025668024
1220,74.0,1.026553613
1230,73.0,1.027378369
1240,73.0,1.028196349
1250,73.0,1.029078047
1260,73.0,1.030092787
1270,71.0,1.030792832
1280,71.0,1.03130073
1290,71.0,1.031955564
1300,71.0,1.032418146
1310,71.0,1.033352073
1320,73.0,1.033864587
1330,75.0,1.034219386
1340,75.0,1.036750118
1350,75.0,1.037636898
1360,75.0,1.038246706
1370,75.0,1.03928821
1380,77.0,1.039536147
1390,77.0,1.03984377
1400,75.0,1.04011974
1410,75.0,1.040414926
1420,75.0,1.040680028
1430,73.0,1.041195437
1440,72.0,1.041719614
1450,74.0,1.042076506
1460,74.0,1.042324696
1470,77.0,1.04255844
1480,77.0,1.04290621
1490,79.0,1.043712541
1500,79.0,1.045930434
1510,78.0,1.046234855
1520,78.0,1.046619568
1530,78.0,1.04708423
1540,78.0,1.047615412
1550,80.0,1.04798041
1560,78.0,1.049099715
1570,77.0,1.049351215
1580,78.0,1.049719112
1590,80.0,1.050403712
1600,80.0,1.050675338
1610,80.0,1.051061164
1620,80.0,1.052697646
1630,78.0,1.053138153
1640,78.0,1.053551733
1650,78.0,1.053946924
1660,78.0,1.055022672
1670,80.0,1.0558663
1680,78.0,1.057125265
1690,78.0,1.058116216
1700,78.0,1.058466042
1710,78.0,1.058816893
1720,78.0,1.059259873
1730,76.0,1.059953069
1740,76.0,1.060495657
1750,78.0,1.063763063
1760,76.0,1.064087012
1770,76.0,1.065304423
1780,78.0,1.065601345
1790,74.0,1.066121253
1800,74.0,1.066908238
1810,74.0,1.067192345
1820,76.0,1.067751199
1830,72.0,1.068058181
1840,74.0,1.068448184
1850,74.0,1.068686149
1860,72.0,1.069305622
1870,74.0,1.070277166
1880,74.0,1.071049428
1890,74.0,1.071423379
1900,76.0,1.072072874
1910,76.0,1.073757433
1920,76.0,1.074790951
1930,74.0,1.076382527
1940,76.0,1.078323433
1950,76.0,1.080231325
1960,76.0,1.081244343
1970,76.0,1.082490524
1980,78.0,1.083723753
1990,78.0,1.08615588
2000,78.0,1.088361604
2010,76.0,1.091598058
2020,76.0,1.094345621
2030,78.0,1.094975928
2040,76.0,1.09549651
2050,75.0,1.096145288
2060,75.0,1.096917527
2070,76.0,1.097302125
2080,75.0,1.097806756
2090,75.0,1.098649846
2100,75.0,1.099176586
2110,73.0,1.099569739
2120,75.0,1.100211587
2130,75.0,1.100965712
2140,77.0,1.101482711
2150,77.0,1.102340506
2160,75.0,1.10273767
2170,75.0,1.103096149
2180,74.0,1.103490144
2190,71.0,1.103854437
2200,73.0,1.104605512
2210,73.0,1.10537356
2220,71.0,1.105741047
2230,71.0,1.106323306
2240,71.0,1.106967054
2250,69.0,1.107407161
2260,71.0,1.107926745
2270,71.0,1.109104956
2280,71.0,1.109571282
2290,71.0,1.110144893
2300,71.0,1.110934381
2310,73.0,1.112057712
2320,71.0,1.113436913
2330,69.0,1.114150951
2340,69.0,1.114810897
2350,69.0,1.115638498
2360,69.0,1.116094543
2370,68.0,1.11650405
2380,71.0,1.116905649
2390,71.0,1.117426618
2400,73.0,1.118163739
2410,71.0,1.118720636
2420,73.0,1.119403924
2430,71.0,1.120692261
2440,71.0,1.121113227
2450,69.0,1.121476426
2460,73.0,1.121800791
2470,75.0,1.122394101
2480,73.0,1.122911136
2490,73.0,1.123871081
2500,75.0,1.125460682
2510,75.0,1.126533064
2520,77.0,1.127202308
2530,77.0,1.127707834
2540,77.0,1.128588765
2550,75.0,1.128949555
2560,77.0,1.129433294
2570,75.0,1.130060091
2580,76.0,1.130505826
2590,74.0,1.132136172
2600,74.0,1.132756851
2610,72.0,1.133196535
2620,72.0,1.133840772
2630,74.0,1.134336079
2640,74.0,1.134925411
2650,74.0,1.135364105
2660,74.0,1.13584916
2670,72.0,1.136250595
2680,74.0,1.136532489
2690,74.0,1.13782235
2700,76.0,1.138799782
2710,74.0,1.140037759
2720,74.0,1.143331627
2730,78.0,1.143691566
2740,76.0,1.144025313
2750,76.0,1.144630463
2760,76.0,1.145324172
2770,76.0,1.145868641
2780,76.0,1.1462826
2790,74.0,1.147867931
2800,74.0,1.149643734
2810,74.0,1.150128502
2820,74.0,1.151060309
2830,74.0,1.152009706
2840,74.0,1.153262084
2850,76.0,1.154188667
2860,76.0,1.155144247
2870,76.0,1.156692622
2880,76.0,1.157284106
2890,74.0,1.158307856
2900,74.0,1.158864025
2910,76.0,1.159379878
2920,78.0,1.160087462
2930,78.0,1.160544051
2940,74.0,1.16092576
2950,78.0,1.161511476
2960,74.0,1.162021512
2970,74.0,1.162603595
2980,70.0,1.163865447
2990,74.0,1.164469938
3000,72.0,1.168934605
3010,70.0,1.170288551
3020,70.0,1.175539868
3030,70.0,1.184380883
3040,72.0,1.198194552
3050,72.0,1.207797788
3060,72.0,1.208263795
3070,72.0,1.208961902
3080,74.0,1.209720104
3090,73.0,1.210023903
3100,75.0,1.210273953
3110,75.0,1.210522025
3120,75.0,1.210780958
3130,76.0,1.211035588
3140,77.0,1.211294385
3150,77.0,1.21164575
3160,79.0,1.212023492
3170,81.0,1.212610076
3180,77.0,1.286045199
3190,79.0,1.286447002
3200,79.0,1.286771585
3210,79.0,1.287043952
3220,77.0,1.287530487
3230,77.0,1.28798378
3240,80.0,1.288624952
3250,79.0,1.28930415
3260,78.0,1.289793478
3270,79.0,1.290026525
3280,80.0,1.290356909
3290,80.0,1.290641142
3300,79.0,1.290970401
3310,78.0,1.291277001
3320,78.0,1.291599888
3330,78.0,1.291932142
3340,76.0,1.292617132
3350,79.0,1.292965575
3360,79.0,1.293202611
3370,81.0,1.293476409
3380,80.0,1.294022461
3390,79.0,1.294514855
3400,78.0,1.295362015
3410,81.0,1.296057493
3420,78.0,1.345756146
3430,78.0,1.346836299
3440,78.0,1.347355438
3450,76.0,1.348367761
3460,76.0,1.350640928
3470,76.0,1.351915283
3480,76.0,1.352534699
3490,76.0,1.353409118
3500,78.0,1.354284772
3510,78.0,1.355177143
3520,76.0,1.355613361
3530,76.0,1.356594477
3540,76.0,1.357158604
3550,76.0,1.357884352
3560,74.0,1.358471626
3570,76.0,1.358906357
3580,74.0,1.359256377
3590,74.0,1.35980977
3600,74.0,1.360524028
3610,74.0,1.361013652
3620,72.0,1.362345489
3630,72.0,1.363674839
3640,72.0,1.365229108
3650,72.0,1.366083336
3660,72.0,1.367294717
3670,74.0,1.368820166
3680,74.0,1.370117835
3690,74.0,1.370446406
3700,74.0,1.371555823
3710,72.0,1.371989212
3720,72.0,1.372668907
3730,70.0,1.373719652
3740,70.0,1.374256895
3750,72.0,1.374735889
3760,74.0,1.375413731
3770,74.0,1.375851124
3780,72.0,1.377258074
3790,74.0,1.377862373
3800,74.0,1.378563701
3810,72.0,1.379278611
3820,72.0,1.380020719
3830,72.0,1.381240589
3840,74.0,1.381862384
3850,72.0,1.445610879
3860,72.0,1.445883146
3870,74.0,1.44617145
3880,72.0,1.446523781
3890,76.0,1.446861461
3900,76.0,1.447266199
3910,76.0,1.447649734
3920,76.0,1.448067183
3930,78.0,1.448608664
3940,78.0,1.448924501
3950,78.0,1.449388154
3960,77.0,1.449679936
3970,78.0,1.4499484
3980,80.0,1.450265942
3990,80.0,1.45063579
4000,80.0,1.451060216
