iterations,fitness,time
0,61.0,0.007506329
10,66.0,0.015331375
20,65.0,0.023283815
30,71.0,0.031094156
40,69.0,0.037383009
50,71.0,0.040759285
60,71.0,0.047547329
70,71.0,0.05417691
80,77.0,0.156060117
90,77.0,0.156795865
100,75.0,0.158140972
110,76.0,0.160353925
120,77.0,0.162648527
130,77.0,0.22662
140,79.0,0.23301195
150,81.0,0.32788852
160,83.0,0.331883917
170,81.0,0.333538756
180,81.0,0.333946722
190,81.0,0.350000166
200,81.0,0.400045259
210,77.0,0.401334698
220,79.0,0.402348811
230,77.0,0.490675368
240,75.0,0.556802984
250,79.0,0.592423455
260,79.0,0.722055937
270,77.0,0.770841687
280,81.0,0.771888692
290,77.0,0.772390428
300,77.0,0.774093614
310,75.0,0.77500438
320,75.0,0.775783046
330,75.0,0.776501085
340,75.0,0.777308893
350,77.0,0.781473464
360,79.0,0.782113934
370,77.0,0.791951173
380,79.0,0.809259925
390,78.0,0.809714083
400,77.0,0.810326528
410,79.0,0.8107355
420,77.0,0.811305137
430,77.0,0.81200311
440,79.0,0.81228974
450,77.0,0.812674222
460,75.0,0.812933755
470,76.0,0.813419547
480,79.0,0.813909976
490,75.0,0.814351093
500,77.0,0.814885065
510,71.0,0.81538334
520,70.0,0.815659151
530,73.0,0.816342912
540,69.0,0.816630359
550,69.0,0.817217511
560,69.0,0.81809
570,69.0,0.819305493
580,71.0,0.820384215
590,71.0,0.821719951
600,71.0,0.823857505
610,71.0,0.824988318
620,71.0,0.826520683
630,75.0,0.827531547
640,75.0,0.828624545
650,77.0,0.829760632
660,77.0,0.831017665
670,75.0,0.832489468
680,73.0,0.834169855
690,79.0,0.835489406
700,77.0,0.835944085
710,73.0,0.836272767
720,73.0,0.836779788
730,75.0,0.83749159
740,75.0,0.838108703
750,75.0,0.838592195
760,75.0,0.839191004
770,77.0,0.839675437
780,75.0,0.840271952
790,73.0,0.840907179
800,71.0,0.841464542
810,73.0,0.84241015
820,71.0,0.84304816
830,71.0,0.843563445
840,73.0,0.844224703
850,73.0,0.844785038
860,71.0,0.845315185
870,71.0,0.846324162
880,73.0,0.847225825
890,71.0,0.847939839
900,73.0,0.849133868
910,71.0,0.849683106
920,72.0,0.850621224
930,71.0,0.851235096
940,71.0,0.851979229
950,75.0,0.852802637
960,75.0,0.853540328
970,73.0,0.85391423
980,75.0,0.854715135
990,75.0,0.855155408
1000,75.0,0.85584283
1010,75.0,0.856404712
1020,75.0,0.856908758
1030,75.0,0.857384466
1040,75.0,0.858035314
1050,75.0,0.858845903
1060,75.0,0.859238878
1070,75.0,0.85950663
1080,75.0,0.859982978
1090,73.0,0.861173156
1100,73.0,0.861531156
1110,73.0,0.862226814
1120,73.0,0.862583254
1130,71.0,0.863301834
1140,73.0,0.863918007
1150,71.0,0.864279175
1160,77.0,0.864610987
1170,75.0,0.864912972
1180,75.0,0.865438105
1190,73.0,0.865903295
1200,75.0,0.866379593
1210,74.0,0.866712011
1220,74.0,0.867290037
1230,73.0,0.86771275
1240,72.0,0.868163948
1250,74.0,0.868925586
1260,76.0,0.869458151
1270,74.0,0.869696852
1280,74.0,0.870277146
1290,74.0,0.8706451
1300,74.0,0.870889169
1310,74.0,0.871223027
1320,74.0,0.871682091
1330,73.0,0.871932362
1340,74.0,0.872475917
1350,72.0,0.872772948
1360,71.0,0.873051934
1370,71.0,0.873403876
1380,73.0,0.873951052
1390,73.0,0.874821133
1400,73.0,0.91332916
1410,73.0,0.915084292
1420,74.0,0.916012979
1430,73.0,0.916419005
1440,73.0,0.916727548
1450,70.0,0.91719408
1460,70.0,0.918017467
1470,70.0,0.918380478
1480,68.0,0.918708264
1490,71.0,0.919474132
1500,70.0,0.919768151
1510,75.0,0.920071807
1520,73.0,0.920364761
1530,73.0,0.920779178
1540,75.0,0.921169822
1550,77.0,0.921435809
1560,75.0,0.921752401
1570,77.0,0.922044826
1580,73.0,0.922319756
1590,75.0,0.92263499
1600,75.0,0.922872652
1610,75.0,0.92308062
1620,71.0,0.923295334
1630,73.0,0.92350078
1640,75.0,0.923708645
1650,73.0,0.92401369
1660,71.0,0.924289513
1670,71.0,0.924509914
1680,71.0,0.924716801
1690,72.0,0.924923487
1700,77.0,0.925186797
1710,77.0,0.925494684
1720,75.0,0.925701454
1730,75.0,0.925912974
1740,75.0,0.926125319
1750,75.0,0.92633886
1760,73.0,0.926555836
1770,74.0,0.926769733
1780,73.0,0.926986689
1790,76.0,0.983714218
1800,76.0,0.984063829
1810,80.0,0.984326582
1820,78.0,0.984553772
1830,76.0,0.984851581
1840,76.0,0.985174838
1850,76.0,0.985468733
1860,77.0,0.985972055
1870,74.0,0.986278098
1880,75.0,0.986977974
1890,75.0,0.987489864
1900,74.0,0.987845078
1910,74.0,0.988731565
1920,75.0,0.989938454
1930,74.0,0.990503782
1940,73.0,0.991243021
1950,73.0,0.992346585
1960,75.0,0.993509887
1970,73.0,0.994696239
1980,74.0,0.995794647
1990,74.0,0.996838703
2000,75.0,0.998200756
2010,75.0,0.999106376
2020,73.0,1.000402338
2030,75.0,1.001400003
2040,75.0,1.003679688
2050,79.0,1.004854904
2060,77.0,1.005153899
2070,75.0,1.005525545
2080,73.0,1.005786325
2090,73.0,1.00605691
2100,73.0,1.006341791
2110,73.0,1.006575441
2120,73.0,1.007231101
2130,73.0,1.007817881
2140,73.0,1.00832894
2150,72.0,1.008903336
2160,73.0,1.009417465
2170,75.0,1.009863093
2180,73.0,1.010211577
2190,74.0,1.010482861
2200,74.0,1.01083413
2210,71.0,1.011368064
2220,73.0,1.011676959
2230,73.0,1.011922246
2240,75.0,1.012198464
2250,73.0,1.012418516
2260,71.0,1.012641948
2270,73.0,1.013128445
2280,73.0,1.013399141
2290,73.0,1.014102523
2300,73.0,1.014596511
2310,71.0,1.015191041
2320,73.0,1.015769611
2330,73.0,1.016167588
2340,71.0,1.016560414
2350,73.0,1.01702179
2360,71.0,1.017489518
2370,71.0,1.017992088
2380,71.0,1.018226913
2390,73.0,1.018828102
2400,75.0,1.019216508
2410,75.0,1.019467879
2420,75.0,1.020340098
2430,77.0,1.020831945
2440,75.0,1.021204947
2450,73.0,1.021825473
2460,73.0,1.022550495
2470,75.0,1.023295117
2480,71.0,1.023799705
2490,71.0,1.024140344
2500,73.0,1.024988375
2510,73.0,1.026044491
2520,75.0,1.0265088
2530,74.0,1.027033925
2540,73.0,1.027511602
2550,75.0,1.028007733
2560,73.0,1.028461171
2570,71.0,1.028732517
2580,73.0,1.029010627
2590,75.0,1.029805906
2600,73.0,1.03022887
2610,73.0,1.030589412
2620,75.0,1.030941134
2630,73.0,1.03131091
2640,73.0,1.031815216
2650,73.0,1.032054373
2660,73.0,1.032592242
2670,75.0,1.033042619
2680,75.0,1.033470044
2690,76.0,1.033821452
2700,76.0,1.034091028
2710,72.0,1.034394205
2720,72.0,1.034631628
2730,72.0,1.034894239
2740,71.0,1.035654174
2750,73.0,1.036328313
2760,76.0,1.037050094
2770,75.0,1.037840268
2780,72.0,1.038579535
2790,74.0,1.039276888
2800,74.0,1.04048656
2810,74.0,1.041417249
2820,72.0,1.041938153
2830,75.0,1.042908033
2840,73.0,1.043393428
2850,76.0,1.044066204
2860,75.0,1.044897668
2870,76.0,1.045238573
2880,75.0,1.046451936
2890,74.0,1.047326715
2900,72.0,1.048137707
2910,72.0,1.04934068
2920,74.0,1.049758344
2930,74.0,1.050058756
2940,72.0,1.051029581
2950,70.0,1.052419044
2960,68.0,1.05478245
2970,70.0,1.056770544
2980,68.0,1.057655052
2990,68.0,1.058661052
3000,70.0,1.059379398
3010,71.0,1.05985955
3020,72.0,1.060481823
3030,70.0,1.06122686
3040,72.0,1.061613977
3050,74.0,1.062127297
3060,74.0,1.062552989
3070,72.0,1.063124523
3080,74.0,1.063522006
3090,74.0,1.064043424
3100,76.0,1.06470055
3110,76.0,1.06516766
3120,76.0,1.065798666
3130,76.0,1.066355133
3140,76.0,1.068332105
3150,74.0,1.068637944
3160,74.0,1.069245552
3170,74.0,1.070097872
3180,74.0,1.071155069
3190,76.0,1.071518085
3200,74.0,1.071763535
3210,74.0,1.075159257
3220,74.0,1.075858205
3230,72.0,1.076650763
3240,70.0,1.077324521
3250,70.0,1.078197015
3260,72.0,1.121624783
3270,74.0,1.121876218
3280,78.0,1.122346779
3290,74.0,1.123568518
3300,76.0,1.123856666
3310,74.0,1.124661776
3320,74.0,1.125670629
3330,74.0,1.126008547
3340,72.0,1.126630606
3350,73.0,1.127677884
3360,74.0,1.12869194
3370,74.0,1.129446303
3380,73.0,1.130303703
3390,73.0,1.130753125
3400,72.0,1.131175218
3410,71.0,1.131752138
3420,72.0,1.132925213
3430,73.0,1.133802444
3440,69.0,1.134373242
3450,71.0,1.135571296
3460,73.0,1.136981754
3470,76.0,1.137536675
3480,71.0,1.138704973
3490,71.0,1.139287763
3500,73.0,1.140347972
3510,71.0,1.175927664
3520,72.0,1.179018775
3530,72.0,1.179332113
3540,68.0,1.179988586
3550,68.0,1.181375873
3560,68.0,1.181624533
3570,69.0,1.18223807
3580,70.0,1.184439243
3590,69.0,1.185614948
3600,70.0,1.186296565
3610,69.0,1.187120356
3620,69.0,1.187945447
3630,71.0,1.188743031
3640,71.0,1.18933106
3650,72.0,1.189732632
3660,72.0,1.190188338
3670,72.0,1.190790651
3680,67.0,1.19130895
3690,69.0,1.192395384
3700,72.0,1.193006138
3710,67.0,1.193721513
3720,69.0,1.194535194
3730,69.0,1.1949781
3740,71.0,1.195731346
3750,69.0,1.196318318
3760,70.0,1.197131541
3770,70.0,1.197621567
3780,71.0,1.197948755
3790,76.0,1.198436275
3800,72.0,1.199085705
3810,72.0,1.200249387
3820,72.0,1.201412853
3830,74.0,1.202038846
3840,74.0,1.202503509
3850,73.0,1.203141388
3860,72.0,1.204048256
3870,72.0,1.204552672
3880,72.0,1.205530963
3890,73.0,1.206317995
3900,72.0,1.207211048
3910,72.0,1.207971627
3920,71.0,1.208562171
3930,72.0,1.209380584
3940,72.0,1.209849624
3950,75.0,1.211081284
3960,75.0,1.21196995
3970,74.0,1.212552151
3980,76.0,1.2133471
3990,74.0,1.213700508
4000,73.0,1.214109073
