iterations,fitness,time
0,64.0,0.004543594
10,64.0,0.010666697
20,64.0,0.016458951
30,63.0,0.02332712
40,69.0,0.029874927
50,69.0,0.035984366
60,68.0,0.042189844
70,69.0,0.109399167
80,69.0,0.160803689
90,71.0,0.210934004
100,67.0,0.216509578
110,68.0,0.222936941
120,69.0,0.229154728
130,69.0,0.234602349
140,73.0,0.241639343
150,73.0,0.248147567
160,73.0,0.253376304
170,72.0,0.256968397
180,70.0,0.262362801
190,72.0,0.267612074
200,70.0,0.268458221
210,71.0,0.269073981
220,70.0,0.269671102
230,72.0,0.270196003
240,72.0,0.270800271
250,74.0,0.271369371
260,72.0,0.275341353
270,74.0,0.277355712
280,74.0,0.280141562
290,72.0,0.281363719
300,70.0,0.328356598
310,70.0,0.399057322
320,70.0,0.474360566
330,72.0,0.478280714
340,70.0,0.483731598
350,70.0,0.490712785
360,70.0,0.496619686
370,70.0,0.501082156
380,70.0,0.505671506
390,70.0,0.510022817
400,72.0,0.514819354
410,72.0,0.519047169
420,74.0,0.524388662
430,72.0,0.529148685
440,73.0,0.533623776
450,74.0,0.537622338
460,72.0,0.540505757
470,71.0,0.71794991
480,72.0,0.83007019
490,74.0,0.901098466
500,74.0,0.922538782
510,74.0,0.926758048
520,76.0,0.931541927
530,74.0,0.93806745
540,74.0,0.943027622
550,74.0,0.953040447
560,74.0,0.958232072
570,74.0,0.964770398
580,74.0,0.968873407
590,74.0,1.030230833
600,74.0,1.03143909
610,74.0,1.03495777
620,70.0,1.035947941
630,71.0,1.03675157
640,72.0,1.03850013
650,72.0,1.039364549
660,70.0,1.049252302
670,70.0,1.095128502
680,70.0,1.095691867
690,70.0,1.096197028
700,74.0,1.096715041
710,74.0,1.097281383
720,74.0,1.097748931
730,72.0,1.098085903
740,70.0,1.098409078
750,70.0,1.098796804
760,70.0,1.100112051
770,72.0,1.100934617
780,68.0,1.101611841
790,72.0,1.102482613
800,70.0,1.103802933
810,72.0,1.105401099
820,72.0,1.106357827
830,72.0,1.107658808
840,72.0,1.108980446
850,71.0,1.110751232
860,70.0,1.113556008
870,72.0,1.117671833
880,71.0,1.119031413
890,72.0,1.120418969
900,72.0,1.121816842
910,72.0,1.122527491
920,71.0,1.123139855
930,71.0,1.124149312
940,70.0,1.125052444
950,70.0,1.125686758
960,72.0,1.126277458
970,72.0,1.12688758
980,72.0,1.127741959
990,72.0,1.128554913
1000,72.0,1.129220409
1010,74.0,1.129883184
1020,72.0,1.130234655
1030,72.0,1.130902164
1040,72.0,1.131484095
1050,72.0,1.132503746
1060,72.0,1.133432302
1070,72.0,1.134362827
1080,72.0,1.134865534
1090,73.0,1.135613955
1100,72.0,1.136188663
1110,72.0,1.137810434
1120,76.0,1.138626176
1130,74.0,1.13917576
1140,72.0,1.139615763
1150,72.0,1.139944295
1160,73.0,1.140617442
1170,72.0,1.141434762
1180,76.0,1.142448369
1190,76.0,1.143094638
1200,76.0,1.144191204
1210,76.0,1.144744571
1220,78.0,1.145826338
1230,76.0,1.146422463
1240,76.0,1.147307198
1250,76.0,1.149686331
1260,76.0,1.150654998
1270,76.0,1.151516944
1280,76.0,1.152277301
1290,76.0,1.153004827
1300,76.0,1.153459784
1310,78.0,1.154132606
1320,78.0,1.154499735
1330,78.0,1.155582377
1340,76.0,1.155939462
1350,78.0,1.156801368
1360,80.0,1.157068474
1370,76.0,1.157522034
1380,76.0,1.15794073
1390,78.0,1.158335013
1400,78.0,1.158717134
1410,79.0,1.159026652
1420,78.0,1.15945693
1430,76.0,1.160087371
1440,80.0,1.160446924
1450,80.0,1.160741444
1460,82.0,1.160991996
1470,82.0,1.16171999
1480,82.0,1.162018913
1490,80.0,1.162415243
1500,80.0,1.162807423
1510,80.0,1.163241902
1520,84.0,1.163646916
1530,86.0,1.164234539
1540,86.0,1.164613167
1550,84.0,1.165113594
1560,86.0,1.165473223
1570,85.0,1.16634725
1580,84.0,1.166936308
1590,84.0,1.16750242
1600,85.0,1.167824624
1610,82.0,1.168113998
1620,84.0,1.168593294
1630,83.0,1.168968234
1640,84.0,1.16931104
1650,82.0,1.169565929
1660,86.0,1.169807648
1670,84.0,1.17018636
1680,86.0,1.170492065
1690,84.0,1.170743355
1700,87.0,1.1710493
1710,84.0,1.171275674
1720,84.0,1.171511821
1730,84.0,1.171758833
1740,84.0,1.17223249
1750,84.0,1.172616406
1760,84.0,1.173411467
1770,84.0,1.173777212
1780,84.0,1.174033746
1790,84.0,1.174416777
1800,83.0,1.174987785
1810,81.0,1.175491292
1820,85.0,1.17602898
1830,81.0,1.176581472
1840,81.0,1.176881506
1850,81.0,1.177266399
1860,77.0,1.177614567
1870,79.0,1.178026392
1880,79.0,1.178276584
1890,79.0,1.178881421
1900,79.0,1.179604317
1910,79.0,1.180284321
1920,79.0,1.180659948
1930,81.0,1.18097722
1940,81.0,1.181773496
1950,79.0,1.183068776
1960,79.0,1.184086838
1970,79.0,1.185101021
1980,81.0,1.186804438
1990,77.0,1.188411489
2000,79.0,1.190177959
2010,79.0,1.199562843
2020,79.0,1.200588066
2030,77.0,1.201118993
2040,79.0,1.201604083
2050,79.0,1.202100061
2060,79.0,1.202417749
2070,79.0,1.202666091
2080,79.0,1.202909896
2090,79.0,1.20314538
2100,79.0,1.20337674
2110,79.0,1.203655231
2120,81.0,1.204133727
2130,81.0,1.204494127
2140,81.0,1.204892422
2150,83.0,1.205155085
2160,85.0,1.205787103
2170,85.0,1.206107066
2180,85.0,1.206610223
2190,85.0,1.20726914
2200,87.0,1.207531864
2210,85.0,1.208088182
2220,85.0,1.209414747
2230,85.0,1.209921538
2240,85.0,1.212072731
2250,87.0,1.212815519
2260,87.0,1.213392525
2270,87.0,1.215015113
2280,87.0,1.216518678
2290,87.0,1.217321206
2300,87.0,1.218200472
2310,85.0,1.219924064
2320,83.0,1.220930676
2330,79.0,1.221642615
2340,79.0,1.22402204
2350,81.0,1.224720375
2360,81.0,1.22625875
2370,81.0,1.226657894
2380,83.0,1.227614674
2390,83.0,1.228039161
2400,81.0,1.228978581
2410,83.0,1.230381451
2420,83.0,1.230848604
2430,83.0,1.231815505
2440,83.0,1.232980987
2450,83.0,1.233573923
2460,83.0,1.235513805
2470,83.0,1.23632926
2480,85.0,1.237793875
2490,81.0,1.239139001
2500,83.0,1.239710785
2510,81.0,1.240145415
2520,83.0,1.243030437
2530,83.0,1.248923396
2540,81.0,1.249730351
2550,81.0,1.250806355
2560,81.0,1.251614875
2570,81.0,1.252395589
2580,79.0,1.253052131
2590,79.0,1.253665613
2600,79.0,1.253979996
2610,79.0,1.254267546
2620,79.0,1.25454012
2630,77.0,1.255046351
2640,77.0,1.255581186
2650,77.0,1.256183011
2660,77.0,1.25663161
2670,77.0,1.257313016
2680,79.0,1.257857052
2690,79.0,1.258323275
2700,77.0,1.258979088
2710,77.0,1.259602771
2720,77.0,1.260349531
2730,75.0,1.261096312
2740,79.0,1.26277267
2750,77.0,1.263355861
2760,81.0,1.263628005
2770,77.0,1.263913023
2780,77.0,1.264209576
2790,79.0,1.264671405
2800,79.0,1.270652031
2810,77.0,1.288983737
2820,79.0,1.289359516
2830,77.0,1.289702616
2840,79.0,1.290183315
2850,79.0,1.291102491
2860,79.0,1.292141128
2870,81.0,1.293454203
2880,79.0,1.294454311
2890,79.0,1.295115437
2900,79.0,1.295966118
2910,79.0,1.296595346
2920,79.0,1.297539696
2930,79.0,1.297918905
2940,77.0,1.298983506
2950,77.0,1.299834975
2960,79.0,1.300879572
2970,78.0,1.302131643
2980,79.0,1.303898583
2990,79.0,1.304301876
3000,79.0,1.305019953
3010,77.0,1.305566876
3020,77.0,1.307007308
3030,79.0,1.3088093
3040,81.0,1.309119601
3050,77.0,1.310372916
3060,77.0,1.311323751
3070,75.0,1.312305784
3080,75.0,1.313160664
3090,77.0,1.313565735
3100,79.0,1.314179174
3110,79.0,1.314658139
3120,75.0,1.315436138
3130,75.0,1.316222621
3140,77.0,1.317141489
3150,75.0,1.318144825
3160,73.0,1.318525157
3170,73.0,1.32025057
3180,74.0,1.321021808
3190,72.0,1.322132016
3200,74.0,1.322896191
3210,75.0,1.324352157
3220,78.0,1.32503639
3230,76.0,1.325700118
3240,76.0,1.32613171
3250,76.0,1.326777906
3260,78.0,1.327183514
3270,78.0,1.327614088
3280,78.0,1.328214564
3290,78.0,1.328693628
3300,78.0,1.329440215
3310,78.0,1.329847076
3320,77.0,1.330718077
3330,78.0,1.331808939
3340,78.0,1.332636748
3350,78.0,1.456904732
3360,78.0,1.457295907
3370,76.0,1.458715681
3380,77.0,1.46076496
3390,76.0,1.462021054
3400,78.0,1.462558565
3410,76.0,1.463649376
3420,76.0,1.465024249
3430,76.0,1.465524315
3440,76.0,1.465983478
3450,78.0,1.466322783
3460,76.0,1.466763158
3470,76.0,1.467270156
3480,78.0,1.468452268
3490,80.0,1.46945336
3500,78.0,1.469781889
3510,80.0,1.470348769
3520,84.0,1.471001005
3530,84.0,1.471420533
3540,84.0,1.471940643
3550,84.0,1.47246606
3560,82.0,1.473013322
3570,78.0,1.473325847
3580,80.0,1.473628608
3590,82.0,1.474852635
3600,78.0,1.476109606
3610,80.0,1.477128666
3620,80.0,1.478441068
3630,80.0,1.479361624
3640,80.0,1.479824772
3650,79.0,1.48014805
3660,80.0,1.481454296
3670,82.0,1.482047067
3680,80.0,1.48272396
3690,80.0,1.483884111
3700,81.0,1.484382554
3710,81.0,1.486016634
3720,83.0,1.487229149
3730,85.0,1.487805672
3740,86.0,1.48865948
3750,86.0,1.489402903
3760,86.0,1.490139486
3770,88.0,1.491297838
3780,86.0,1.492368462
3790,86.0,1.493216336
3800,84.0,1.49376375
3810,84.0,1.494164229
3820,88.0,1.494934551
3830,84.0,1.495308222
3840,88.0,1.495829107
3850,88.0,1.496292829
3860,84.0,1.49705611
3870,84.0,1.498371456
3880,87.0,1.499576025
3890,86.0,1.501235333
3900,85.0,1.502026135
3910,85.0,1.502484803
3920,87.0,1.502834404
3930,85.0,1.503557984
3940,83.0,1.504648465
3950,83.0,1.505140442
3960,85.0,1.506389027
3970,84.0,1.506929205
3980,81.0,1.507621386
3990,81.0,1.508095552
4000,81.0,1.508405966
