iterations,fitness,time
0,61.0,0.005130622
10,62.0,0.011407157
20,65.0,0.017883837
30,65.0,0.025681453
40,64.0,0.033206632
50,66.0,0.062069196
60,65.0,0.126392721
70,70.0,0.132848012
80,69.0,0.139423203
90,67.0,0.143647445
100,69.0,0.149285184
110,73.0,0.15604901
120,71.0,0.162090011
130,71.0,0.168917826
140,73.0,0.173636151
150,75.0,0.177989136
160,75.0,0.182368775
170,75.0,0.183045493
180,75.0,0.183761936
190,73.0,0.184380208
200,73.0,0.18519057
210,72.0,0.185909648
220,76.0,0.186456572
230,75.0,0.187444016
240,75.0,0.187994493
250,73.0,0.188780453
260,73.0,0.246951017
270,73.0,0.247576641
280,73.0,0.253996486
290,69.0,0.256728535
300,71.0,0.261020283
310,73.0,0.263077738
320,75.0,0.265064208
330,75.0,0.266956434
340,73.0,0.276187636
350,73.0,0.286296347
360,71.0,0.290955447
370,72.0,0.295505694
380,72.0,0.297975348
390,69.0,0.313968635
400,69.0,0.44579674
410,70.0,0.449992704
420,67.0,0.452644602
430,69.0,0.456783765
440,70.0,0.568043617
450,68.0,0.599083899
460,67.0,0.632276581
470,69.0,0.671877852
480,70.0,0.833813514
490,69.0,0.83576994
500,69.0,0.838841668
510,73.0,0.841787645
520,73.0,0.853686534
530,73.0,0.857140776
540,73.0,0.860609031
550,71.0,0.863573662
560,71.0,0.866547246
570,71.0,0.869451623
580,73.0,0.8718541
590,75.0,0.874287684
600,75.0,0.876768588
610,73.0,0.879204352
620,71.0,0.91171133
630,71.0,0.91328067
640,73.0,0.914183801
650,73.0,0.915062008
660,73.0,0.933250781
670,73.0,0.934574714
680,75.0,0.936791335
690,72.0,0.948286308
700,70.0,0.977668427
710,71.0,0.977969529
720,73.0,0.978340345
730,72.0,0.978890003
740,69.0,0.979580901
750,66.0,0.97985572
760,68.0,0.980297219
770,67.0,0.980742194
780,70.0,0.981202192
790,68.0,0.981821004
800,68.0,0.982192356
810,70.0,0.983220747
820,69.0,0.983799536
830,72.0,0.984122327
840,74.0,0.984832201
850,73.0,0.98533914
860,74.0,0.985740257
870,70.0,0.985994755
880,70.0,0.98687062
890,70.0,0.989251376
900,70.0,0.992011821
910,71.0,0.993510802
920,70.0,0.996246535
930,70.0,0.997631753
940,72.0,1.001222001
950,72.0,1.003194654
960,72.0,1.004724152
970,72.0,1.005665053
980,70.0,1.007821944
990,70.0,1.009238965
1000,72.0,1.011007054
1010,70.0,1.012335432
1020,70.0,1.013205577
1030,70.0,1.014202674
1040,70.0,1.059792219
1050,72.0,1.060947944
1060,71.0,1.062144446
1070,70.0,1.063369745
1080,68.0,1.064412399
1090,66.0,1.06507978
1100,65.0,1.065881127
1110,65.0,1.066345272
1120,65.0,1.067018571
1130,63.0,1.067837266
1140,65.0,1.068547724
1150,61.0,1.069044729
1160,64.0,1.069385714
1170,65.0,1.06981206
1180,65.0,1.070717891
1190,66.0,1.071521245
1200,63.0,1.072339354
1210,63.0,1.072969531
1220,61.0,1.073850499
1230,63.0,1.074456651
1240,61.0,1.075753846
1250,61.0,1.078727216
1260,67.0,1.079543714
1270,67.0,1.079899783
1280,67.0,1.080298306
1290,66.0,1.081030569
1300,66.0,1.081512496
1310,68.0,1.081825925
1320,68.0,1.082113154
1330,68.0,1.082460121
1340,72.0,1.082780178
1350,70.0,1.083316122
1360,70.0,1.083797299
1370,70.0,1.084990698
1380,70.0,1.085644287
1390,68.0,1.086206037
1400,72.0,1.087026497
1410,72.0,1.087492848
1420,72.0,1.087795132
1430,74.0,1.088046859
1440,72.0,1.088404736
1450,72.0,1.088784598
1460,72.0,1.089075653
1470,72.0,1.089318426
1480,72.0,1.08955903
1490,72.0,1.089863295
1500,72.0,1.090104949
1510,74.0,1.090434092
1520,76.0,1.090778633
1530,74.0,1.091128587
1540,74.0,1.091469735
1550,74.0,1.091829953
1560,73.0,1.092124833
1570,72.0,1.092529341
1580,74.0,1.092882694
1590,73.0,1.093176342
1600,72.0,1.093470841
1610,72.0,1.093775433
1620,73.0,1.094018933
1630,73.0,1.094262899
1640,71.0,1.0945247
1650,75.0,1.094862126
1660,75.0,1.095334483
1670,73.0,1.095766528
1680,77.0,1.096061813
1690,79.0,1.096328954
1700,75.0,1.096615133
1710,75.0,1.096958512
1720,77.0,1.097327016
1730,76.0,1.097585431
1740,76.0,1.097910334
1750,76.0,1.098154916
1760,75.0,1.098596006
1770,75.0,1.098832425
1780,73.0,1.099267496
1790,73.0,1.099825521
1800,73.0,1.100146864
1810,71.0,1.10039832
1820,71.0,1.265773056
1830,71.0,1.267234435
1840,75.0,1.268694651
1850,73.0,1.270195136
1860,73.0,1.271427941
1870,73.0,1.272793876
1880,73.0,1.276849406
1890,71.0,1.277217481
1900,71.0,1.277454897
1910,73.0,1.277788289
1920,71.0,1.278021471
1930,69.0,1.278371651
1940,69.0,1.278612649
1950,71.0,1.279002467
1960,69.0,1.279461171
1970,69.0,1.279791617
1980,72.0,1.280114543
1990,70.0,1.280333277
2000,69.0,1.280665931
2010,70.0,1.280900384
2020,69.0,1.281229215
2030,72.0,1.281460569
2040,72.0,1.281714284
2050,71.0,1.281959567
2060,69.0,1.28220304
2070,71.0,1.282444719
2080,69.0,1.282800828
2090,69.0,1.283578446
2100,69.0,1.285269038
2110,69.0,1.285904411
2120,69.0,1.286344974
2130,71.0,1.286606474
2140,70.0,1.286888664
2150,68.0,1.413066398
2160,69.0,1.413507545
2170,68.0,1.413944991
2180,68.0,1.414485038
2190,68.0,1.414769839
2200,68.0,1.415103203
2210,67.0,1.416298656
2220,67.0,1.41655385
2230,68.0,1.417105861
2240,70.0,1.417376073
2250,72.0,1.417605804
2260,72.0,1.417875881
2270,70.0,1.418181028
2280,69.0,1.418419958
2290,67.0,1.418684563
2300,69.0,1.419128222
2310,69.0,1.419718733
2320,69.0,1.420014992
2330,70.0,1.420327076
2340,71.0,1.420786195
2350,69.0,1.42099041
2360,71.0,1.421264417
2370,73.0,1.421564548
2380,75.0,1.422168648
2390,79.0,1.422508366
2400,73.0,1.422937871
2410,73.0,1.424033142
2420,73.0,1.425631885
2430,73.0,1.426558547
2440,69.0,1.427807363
2450,70.0,1.429247749
2460,68.0,1.431563311
2470,67.0,1.433215343
2480,67.0,1.434891452
2490,69.0,1.436037126
2500,75.0,1.43667782
2510,73.0,1.437021909
2520,69.0,1.437660915
2530,71.0,1.438039439
2540,69.0,1.438435281
2550,69.0,1.438950931
2560,69.0,1.439215072
2570,69.0,1.439557323
2580,69.0,1.44029624
2590,69.0,1.440752749
2600,69.0,1.441523076
2610,69.0,1.441945427
2620,67.0,1.442808284
2630,69.0,1.443636526
2640,69.0,1.444048976
2650,71.0,1.444566014
2660,69.0,1.444979484
2670,69.0,1.445793343
2680,71.0,1.446056639
2690,69.0,1.446417682
2700,73.0,1.4473697
2710,75.0,1.447968092
2720,75.0,1.44846193
2730,79.0,1.449011856
2740,77.0,1.449526484
2750,77.0,1.449887618
2760,75.0,1.450297819
2770,77.0,1.451123717
2780,77.0,1.451772205
2790,75.0,1.452411914
2800,77.0,1.452741515
2810,79.0,1.453039686
2820,77.0,1.453434497
2830,77.0,1.453656199
2840,73.0,1.453900964
2850,71.0,1.45415423
2860,73.0,1.454448115
2870,71.0,1.454688683
2880,75.0,1.455259623
2890,72.0,1.455634321
2900,73.0,1.456144119
2910,73.0,1.456559724
2920,72.0,1.457202059
2930,71.0,1.457917406
2940,75.0,1.458332236
2950,75.0,1.458956603
2960,77.0,1.459581244
2970,77.0,1.460290009
2980,75.0,1.460956524
2990,75.0,1.461920955
3000,77.0,1.462287743
3010,75.0,1.46292963
3020,77.0,1.463881353
3030,77.0,1.464897227
3040,79.0,1.466167136
3050,77.0,1.466735827
3060,81.0,1.467051112
3070,81.0,1.467532089
3080,81.0,1.46781785
3090,80.0,1.468091502
3100,81.0,1.468661713
3110,81.0,1.469568044
3120,79.0,1.470157483
3130,79.0,1.471275896
3140,79.0,1.472241111
3150,79.0,1.473111469
3160,79.0,1.474144669
3170,77.0,1.474806214
3180,75.0,1.475067838
3190,77.0,1.475737469
3200,79.0,1.476228734
3210,79.0,1.47678404
3220,75.0,1.477171728
3230,77.0,1.477607299
3240,79.0,1.478117202
3250,79.0,1.478476053
3260,79.0,1.478931795
3270,77.0,1.479302804
3280,79.0,1.480989008
3290,75.0,1.482483436
3300,78.0,1.482939012
3310,77.0,1.483945568
3320,77.0,1.485044531
3330,74.0,1.48597972
3340,72.0,1.486767902
3350,72.0,1.487667621
3360,70.0,1.488455988
3370,72.0,1.489382177
3380,72.0,1.491106378
3390,70.0,1.492448541
3400,70.0,1.493893245
3410,73.0,1.494940545
3420,78.0,1.495454005
3430,74.0,1.49648436
3440,76.0,1.498274466
3450,73.0,1.498805452
3460,71.0,1.499555913
3470,71.0,1.501695393
3480,73.0,1.50524989
3490,75.0,1.506197366
3500,75.0,1.507578769
3510,73.0,1.508985164
3520,75.0,1.509894984
3530,75.0,1.510236675
3540,76.0,1.510859081
3550,78.0,1.511683476
3560,75.0,1.512912097
3570,76.0,1.513220791
3580,74.0,1.513908238
3590,76.0,1.51451839
3600,79.0,1.514924177
3610,80.0,1.515317892
3620,75.0,1.515707891
3630,74.0,1.515945086
3640,74.0,1.516538507
3650,74.0,1.517096294
3660,74.0,1.517962539
3670,74.0,1.518358425
3680,72.0,1.518622196
3690,74.0,1.519187169
3700,78.0,1.520471201
3710,78.0,1.521297311
3720,78.0,1.522116699
3730,78.0,1.524907698
3740,78.0,1.52597909
3750,78.0,1.527847103
3760,78.0,1.528850343
3770,80.0,1.529523295
3780,78.0,1.530053159
3790,80.0,1.531222107
3800,78.0,1.532943996
3810,80.0,1.533700311
3820,78.0,1.534407934
3830,80.0,1.535060278
3840,78.0,1.535349153
3850,74.0,1.535571765
3860,76.0,1.535814115
3870,78.0,1.536114831
3880,82.0,1.536641445
3890,80.0,1.536862246
3900,78.0,1.537078585
3910,78.0,1.537348969
3920,78.0,1.53761094
3930,78.0,1.538388066
3940,78.0,1.53931023
3950,78.0,1.540639756
3960,78.0,1.542137075
3970,78.0,1.542855043
3980,77.0,1.543446067
3990,76.0,1.543871475
4000,76.0,1.544833397
