iterations,fitness,time
0,57.0,0.00510342
10,58.0,0.010252531
20,61.0,0.014096289
30,60.0,0.018589744
40,61.0,0.021928246
50,61.0,0.025995206
60,63.0,0.030731257
70,69.0,0.03376498
80,66.0,0.036532383
90,70.0,0.039784357
100,72.0,0.044417051
110,72.0,0.048358774
120,73.0,0.052706662
130,74.0,0.135374401
140,72.0,0.136453377
150,70.0,0.146923973
160,70.0,0.148634993
170,74.0,0.151565138
180,72.0,0.154998053
190,74.0,0.327196487
200,76.0,0.329820817
210,75.0,0.333009864
220,73.0,0.387187569
230,70.0,0.38952797
240,74.0,0.391839405
250,74.0,0.392721144
260,77.0,0.393651153
270,73.0,0.39469217
280,75.0,0.395635574
290,73.0,0.396880384
300,75.0,0.399763933
310,76.0,0.400827363
320,75.0,0.493799356
330,75.0,0.499500217
340,75.0,0.567775572
350,75.0,0.641913742
360,75.0,0.648106862
370,77.0,0.651479186
380,75.0,0.656713197
390,75.0,0.661536393
400,75.0,0.666861875
410,75.0,0.670888728
420,75.0,0.674963856
430,74.0,0.677126884
440,73.0,0.68209594
450,71.0,0.687908396
460,73.0,0.691652561
470,73.0,0.696263757
480,77.0,0.730199045
490,77.0,0.90233449
500,77.0,1.102574345
510,75.0,1.108100343
520,79.0,1.113400426
530,75.0,1.117392339
540,77.0,1.13956279
550,78.0,1.165123518
560,77.0,1.165943488
570,77.0,1.166455719
580,75.0,1.16690993
590,75.0,1.168289189
600,75.0,1.168933726
610,71.0,1.169564947
620,73.0,1.170453779
630,71.0,1.17128975
640,71.0,1.172514862
650,73.0,1.173701792
660,75.0,1.175353859
670,73.0,1.176398316
680,73.0,1.177445404
690,75.0,1.179068761
700,77.0,1.180733928
710,73.0,1.18236592
720,75.0,1.18330433
730,75.0,1.184410569
740,75.0,1.185506798
750,73.0,1.186517908
760,75.0,1.187927067
770,73.0,1.188951939
780,77.0,1.190346537
790,74.0,1.191679941
800,71.0,1.192910784
810,73.0,1.241834598
820,71.0,1.24264648
830,71.0,1.243462789
840,73.0,1.244274338
850,73.0,1.244922846
860,73.0,1.245686968
870,71.0,1.246581785
880,75.0,1.247343668
890,75.0,1.247990948
900,74.0,1.248487758
910,76.0,1.249092975
920,75.0,1.249544312
930,75.0,1.249981756
940,75.0,1.250642177
950,75.0,1.251199588
960,75.0,1.25180253
970,75.0,1.252789221
980,77.0,1.253561746
990,79.0,1.254426866
1000,75.0,1.255060461
1010,75.0,1.256006169
1020,75.0,1.257094875
1030,75.0,1.257848118
1040,73.0,1.258385791
1050,73.0,1.258696982
1060,73.0,1.259842166
1070,73.0,1.260411366
1080,75.0,1.260933903
1090,71.0,1.261687011
1100,71.0,1.262840165
1110,71.0,1.263562488
1120,71.0,1.264330761
1130,69.0,1.274822255
1140,69.0,1.275754598
1150,69.0,1.276968493
1160,69.0,1.278480804
1170,69.0,1.279266871
1180,69.0,1.280059902
1190,71.0,1.280877605
1200,71.0,1.320133537
1210,71.0,1.321578709
1220,70.0,1.321997294
1230,72.0,1.322293646
1240,69.0,1.322690585
1250,69.0,1.323080997
1260,71.0,1.323783529
1270,68.0,1.324225489
1280,72.0,1.324514054
1290,68.0,1.324974033
1300,74.0,1.325454786
1310,76.0,1.326012252
1320,74.0,1.326347884
1330,74.0,1.327426416
1340,74.0,1.327930977
1350,74.0,1.328582539
1360,74.0,1.32918994
1370,72.0,1.329510573
1380,76.0,1.329984166
1390,74.0,1.330258971
1400,72.0,1.330642428
1410,73.0,1.331012562
1420,73.0,1.331403063
1430,75.0,1.331907022
1440,73.0,1.332427292
1450,73.0,1.332750937
1460,73.0,1.333059447
1470,73.0,1.333533454
1480,73.0,1.333959601
1490,73.0,1.334433168
1500,73.0,1.334835496
1510,73.0,1.335306179
1520,73.0,1.335715971
1530,73.0,1.336227677
1540,71.0,1.336595694
1550,74.0,1.337159074
1560,70.0,1.337793862
1570,69.0,1.338164355
1580,71.0,1.33935034
1590,73.0,1.339793744
1600,75.0,1.340531502
1610,73.0,1.340944132
1620,73.0,1.341317585
1630,75.0,1.341843816
1640,77.0,1.342218868
1650,75.0,1.342554124
1660,75.0,1.34304025
1670,75.0,1.343577877
1680,73.0,1.344060991
1690,77.0,1.34449793
1700,73.0,1.345269468
1710,75.0,1.345558322
1720,73.0,1.345891211
1730,71.0,1.346817282
1740,73.0,1.348009247
1750,72.0,1.349639718
1760,73.0,1.351378774
1770,74.0,1.352817508
1780,75.0,1.354043627
1790,75.0,1.354478854
1800,77.0,1.354965194
1810,75.0,1.35532208
1820,77.0,1.355692498
1830,76.0,1.356108311
1840,77.0,1.356443054
1850,75.0,1.357142702
1860,73.0,1.357588902
1870,73.0,1.358577597
1880,74.0,1.359076602
1890,77.0,1.359501846
1900,77.0,1.359853808
1910,77.0,1.360451683
1920,75.0,1.360957954
1930,75.0,1.361605822
1940,75.0,1.362110497
1950,73.0,1.362778067
1960,75.0,1.363681131
1970,76.0,1.364285314
1980,77.0,1.364796681
1990,73.0,1.365808948
2000,69.0,1.36649702
2010,71.0,1.36706272
2020,72.0,1.367562179
2030,71.0,1.368369364
2040,73.0,1.368976169
2050,75.0,1.369318611
2060,76.0,1.369905403
2070,77.0,1.370331898
2080,76.0,1.370894888
2090,76.0,1.371325815
2100,74.0,1.371671336
2110,73.0,1.37212771
2120,75.0,1.372702838
2130,76.0,1.373069943
2140,74.0,1.373554578
2150,74.0,1.374081088
2160,74.0,1.374969893
2170,74.0,1.375489535
2180,76.0,1.376191853
2190,76.0,1.376665374
2200,76.0,1.37712043
2210,74.0,1.377670212
2220,74.0,1.378785946
2230,74.0,1.379746295
2240,74.0,1.380296871
2250,75.0,1.381107498
2260,78.0,1.381871826
2270,78.0,1.382471313
2280,78.0,1.382863233
2290,78.0,1.383512094
2300,76.0,1.384888191
2310,77.0,1.385665152
2320,77.0,1.386152885
2330,77.0,1.386464173
2340,81.0,1.387876297
2350,79.0,1.388958953
2360,79.0,1.390940814
2370,81.0,1.391246607
2380,79.0,1.39193957
2390,79.0,1.393022232
2400,79.0,1.393869741
2410,79.0,1.394494218
2420,79.0,1.395080635
2430,77.0,1.395478433
2440,76.0,1.395788854
2450,75.0,1.396085441
2460,76.0,1.396446744
2470,75.0,1.396772847
2480,75.0,1.397143391
2490,77.0,1.397619305
2500,76.0,1.398722924
2510,75.0,1.399619093
2520,78.0,1.400838813
2530,76.0,1.402317395
2540,76.0,1.403584979
2550,74.0,1.405033693
2560,74.0,1.407422833
2570,76.0,1.408109708
2580,76.0,1.410299392
2590,76.0,1.411274221
2600,78.0,1.415717152
2610,76.0,1.422013074
2620,74.0,1.438314888
2630,76.0,1.449479989
2640,77.0,1.45367955
2650,78.0,1.454345971
2660,76.0,1.455095752
2670,78.0,1.455386616
2680,80.0,1.455663228
2690,78.0,1.45594721
2700,78.0,1.456242054
2710,78.0,1.456539814
2720,76.0,1.456848475
2730,76.0,1.457233628
2740,76.0,1.457727174
2750,74.0,1.458821473
2760,76.0,1.459120068
2770,74.0,1.459799606
2780,72.0,1.460352689
2790,74.0,1.46091266
2800,74.0,1.462137077
2810,71.0,1.462691034
2820,71.0,1.463043662
2830,71.0,1.463585196
2840,69.0,1.464239769
2850,69.0,1.465392747
2860,69.0,1.465851035
2870,71.0,1.466141127
2880,73.0,1.466452464
2890,71.0,1.466909927
2900,71.0,1.468304525
2910,73.0,1.469451485
2920,73.0,1.470272183
2930,73.0,1.471669057
2940,71.0,1.472933366
2950,71.0,1.473830405
2960,71.0,1.475021947
2970,71.0,1.475658709
2980,73.0,1.476362317
2990,73.0,1.477736175
3000,73.0,1.478760742
3010,71.0,1.47971793
3020,71.0,1.481339884
3030,69.0,1.482374969
3040,69.0,1.483323512
3050,69.0,1.483727613
3060,71.0,1.486081137
3070,73.0,1.48641842
3080,71.0,1.487249524
3090,71.0,1.488729861
3100,73.0,1.490086929
3110,73.0,1.491289166
3120,71.0,1.491710941
3130,72.0,1.492292874
3140,72.0,1.492698926
3150,73.0,1.493113335
3160,73.0,1.493779683
3170,72.0,1.494897992
3180,74.0,1.495199699
3190,72.0,1.495600049
3200,72.0,1.496921825
3210,72.0,1.498808154
3220,72.0,1.499383229
3230,72.0,1.49975278
3240,72.0,1.500519654
3250,74.0,1.501252571
3260,74.0,1.501633608
3270,76.0,1.501923182
3280,72.0,1.502427559
3290,72.0,1.516788965
3300,72.0,1.518181548
3310,70.0,1.519756173
3320,70.0,1.521208561
3330,74.0,1.522578685
3340,72.0,1.523084288
3350,74.0,1.523930092
3360,74.0,1.524834241
3370,76.0,1.525862844
3380,76.0,1.527071105
3390,74.0,1.527902283
3400,76.0,1.565196703
3410,76.0,1.565609767
3420,76.0,1.565900343
3430,78.0,1.566189052
3440,76.0,1.567215245
3450,74.0,1.567546326
3460,78.0,1.567969269
3470,76.0,1.568932127
3480,78.0,1.56945094
3490,76.0,1.56985948
3500,74.0,1.570146577
3510,78.0,1.570530698
3520,78.0,1.570906433
3530,80.0,1.571513503
3540,80.0,1.57203155
3550,76.0,1.572377176
3560,76.0,1.572777557
3570,76.0,1.573160955
3580,74.0,1.573467576
3590,74.0,1.574057918
3600,76.0,1.574543456
3610,76.0,1.575023701
3620,74.0,1.575507265
3630,74.0,1.576547814
3640,73.0,1.577156187
3650,76.0,1.577970682
3660,76.0,1.579556312
3670,74.0,1.580152212
3680,76.0,1.580919646
3690,74.0,1.581224604
3700,72.0,1.581568009
3710,76.0,1.582028812
3720,76.0,1.582342608
3730,76.0,1.58278066
3740,78.0,1.583114868
3750,74.0,1.583635298
3760,78.0,1.584111135
3770,79.0,1.584866378
3780,80.0,1.585996397
3790,78.0,1.587231604
3800,79.0,1.588570778
3810,78.0,1.588848196
3820,80.0,1.589326741
3830,78.0,1.589641876
3840,80.0,1.589946309
3850,76.0,1.590285018
3860,75.0,1.590610843
3870,79.0,1.590923234
3880,79.0,1.591242318
3890,77.0,1.591664091
3900,79.0,1.592306347
3910,79.0,1.592967484
3920,83.0,1.593608057
3930,81.0,1.594445322
3940,81.0,1.594798237
3950,81.0,1.59515234
3960,81.0,1.595481337
3970,77.0,1.597445015
3980,77.0,1.597733183
3990,79.0,1.598054042
4000,77.0,1.599350309
