iterations,fitness,time
0,64.0,0.002983355
10,63.0,0.006567118
20,66.0,0.010344844
30,65.0,0.013728875
40,68.0,0.016484661
50,71.0,0.022610918
60,73.0,0.03995803
70,75.0,0.047272737
80,75.0,0.168207596
90,73.0,0.169420184
100,73.0,0.170365673
110,73.0,0.176408369
120,73.0,0.179521143
130,73.0,0.184931221
140,73.0,0.188359315
150,73.0,0.193191318
160,75.0,0.268635376
170,75.0,0.279304994
180,75.0,0.281051168
190,75.0,0.281645055
200,77.0,0.282249563
210,79.0,0.282872046
220,75.0,0.283481475
230,77.0,0.284107863
240,75.0,0.284764552
250,75.0,0.285400691
260,73.0,0.286026928
270,73.0,0.300772936
280,75.0,0.31057036
290,75.0,0.31620409
300,75.0,0.319828727
310,73.0,0.336991484
320,73.0,0.350120775
330,73.0,0.382981068
340,73.0,0.504200335
350,75.0,0.50829478
360,75.0,0.513602932
370,75.0,0.520235614
380,73.0,0.524356193
390,75.0,0.534013015
400,75.0,0.539510412
410,76.0,0.544372426
420,76.0,0.549523537
430,74.0,0.555915221
440,74.0,0.561376332
450,74.0,0.565941972
460,74.0,0.569301624
470,74.0,0.569933968
480,74.0,0.570619343
490,74.0,0.571467941
500,74.0,0.572688361
510,72.0,0.573655897
520,75.0,0.674152333
530,70.0,0.784485454
540,71.0,0.850449391
550,73.0,0.984414789
560,70.0,0.99059624
570,70.0,0.998324436
580,72.0,1.005055259
590,72.0,1.010131907
600,74.0,1.016220223
610,76.0,1.022321682
620,76.0,1.053814691
630,76.0,1.054907846
640,76.0,1.055852087
650,76.0,1.056991425
660,76.0,1.058319862
670,78.0,1.060744903
680,78.0,1.063209595
690,78.0,1.064235534
700,78.0,1.065198691
710,76.0,1.06602517
720,76.0,1.066926902
730,76.0,1.068485496
740,76.0,1.154856691
750,77.0,1.155808375
760,77.0,1.156243857
770,77.0,1.15731998
780,77.0,1.158743032
790,77.0,1.159151662
800,79.0,1.159621609
810,77.0,1.159910793
820,77.0,1.160287943
830,77.0,1.160672526
840,77.0,1.16145632
850,77.0,1.162263609
860,77.0,1.162745692
870,77.0,1.164603716
880,77.0,1.166289086
890,75.0,1.1678791
900,77.0,1.169465262
910,77.0,1.171324285
920,79.0,1.172715012
930,77.0,1.173900072
940,77.0,1.175053634
950,77.0,1.176330212
960,77.0,1.177677422
970,77.0,1.179616435
980,77.0,1.180521265
990,75.0,1.181318445
1000,75.0,1.182419966
1010,75.0,1.183093255
1020,75.0,1.183715422
1030,75.0,1.18428589
1040,75.0,1.184905554
1050,75.0,1.185630404
1060,75.0,1.186595393
1070,75.0,1.187422989
1080,75.0,1.188180596
1090,75.0,1.188723377
1100,75.0,1.189369594
1110,75.0,1.189988048
1120,75.0,1.190841351
1130,75.0,1.192051877
1140,75.0,1.192807645
1150,75.0,1.193893548
1160,77.0,1.194295949
1170,75.0,1.194634407
1180,75.0,1.195240708
1190,73.0,1.196302553
1200,74.0,1.196918212
1210,74.0,1.197460567
1220,74.0,1.198139773
1230,74.0,1.198804183
1240,75.0,1.199168665
1250,77.0,1.1994804
1260,79.0,1.199868399
1270,80.0,1.200624898
1280,78.0,1.200910836
1290,77.0,1.201783
1300,79.0,1.202220891
1310,79.0,1.202661423
1320,81.0,1.203177918
1330,79.0,1.203665376
1340,81.0,1.204520009
1350,81.0,1.205169645
1360,81.0,1.20604281
1370,81.0,1.206875145
1380,81.0,1.207693817
1390,83.0,1.20845445
1400,83.0,1.20934712
1410,83.0,1.210009464
1420,81.0,1.211027613
1430,83.0,1.211651239
1440,81.0,1.212252938
1450,81.0,1.212897472
1460,79.0,1.213737632
1470,81.0,1.252869705
1480,81.0,1.254828668
1490,81.0,1.255094133
1500,81.0,1.255551261
1510,81.0,1.255783352
1520,83.0,1.256017548
1530,83.0,1.256347874
1540,85.0,1.256625358
1550,81.0,1.256923351
1560,83.0,1.257431668
1570,83.0,1.257979474
1580,83.0,1.2583188
1590,83.0,1.259132194
1600,81.0,1.259609364
1610,81.0,1.260381437
1620,79.0,1.260623234
1630,79.0,1.260901693
1640,81.0,1.261346959
1650,83.0,1.26204112
1660,83.0,1.262521019
1670,81.0,1.262769309
1680,83.0,1.263022416
1690,83.0,1.263384712
1700,83.0,1.26387507
1710,83.0,1.264206147
1720,83.0,1.264437461
1730,83.0,1.264704257
1740,83.0,1.264960066
1750,83.0,1.265225524
1760,81.0,1.265538753
1770,83.0,1.265914927
1780,83.0,1.266256181
1790,83.0,1.266498086
1800,81.0,1.266737252
1810,81.0,1.266978079
1820,83.0,1.267415055
1830,81.0,1.26765937
1840,81.0,1.267949889
1850,81.0,1.268315315
1860,83.0,1.268684402
1870,83.0,1.269490768
1880,83.0,1.269778728
1890,81.0,1.270185491
1900,81.0,1.271299679
1910,81.0,1.271570683
1920,83.0,1.2721587
1930,81.0,1.272821151
1940,83.0,1.273250218
1950,81.0,1.274093848
1960,83.0,1.274419012
1970,83.0,1.274970067
1980,81.0,1.275343962
1990,82.0,1.275637937
2000,86.0,1.276180402
2010,86.0,1.276791144
2020,86.0,1.277244593
2030,86.0,1.278068363
2040,86.0,1.278521539
2050,85.0,1.278990214
2060,84.0,1.27992935
2070,84.0,1.280917925
2080,82.0,1.281711665
2090,82.0,1.283299045
2100,82.0,1.28446369
2110,82.0,1.286004375
2120,82.0,1.287718488
2130,80.0,1.288821085
2140,79.0,1.294024185
2150,80.0,1.295468615
2160,78.0,1.295807909
2170,80.0,1.296237607
2180,80.0,1.297091739
2190,78.0,1.297850278
2200,78.0,1.298215085
2210,80.0,1.298763273
2220,80.0,1.299304507
2230,82.0,1.300028758
2240,80.0,1.300406488
2250,82.0,1.301098288
2260,80.0,1.301548639
2270,78.0,1.302013435
2280,80.0,1.302350543
2290,80.0,1.302678964
2300,80.0,1.303052536
2310,78.0,1.303656552
2320,74.0,1.304060766
2330,76.0,1.304585902
2340,76.0,1.305011372
2350,74.0,1.305452516
2360,75.0,1.305823896
2370,75.0,1.306429502
2380,73.0,1.30732529
2390,75.0,1.307745731
2400,73.0,1.308193001
2410,73.0,1.308741737
2420,73.0,1.309322215
2430,71.0,1.309725254
2440,73.0,1.310534259
2450,75.0,1.310862617
2460,75.0,1.311135802
2470,73.0,1.312171689
2480,75.0,1.312742342
2490,73.0,1.313229947
2500,77.0,1.313499085
2510,79.0,1.314021175
2520,77.0,1.314676883
2530,74.0,1.315210899
2540,76.0,1.315680663
2550,76.0,1.316199716
2560,77.0,1.316841358
2570,78.0,1.317533367
2580,78.0,1.318054086
2590,79.0,1.318548931
2600,79.0,1.318929946
2610,79.0,1.319607932
2620,78.0,1.320301145
2630,78.0,1.32188355
2640,79.0,1.323147907
2650,79.0,1.323721203
2660,78.0,1.324498727
2670,78.0,1.325917566
2680,74.0,1.328044486
2690,74.0,1.329261684
2700,76.0,1.331779021
2710,78.0,1.332261312
2720,80.0,1.332765671
2730,74.0,1.333211262
2740,78.0,1.333558456
2750,78.0,1.333908243
2760,78.0,1.334299425
2770,78.0,1.335307083
2780,80.0,1.336336757
2790,78.0,1.354180575
2800,78.0,1.354565276
2810,78.0,1.354840724
2820,78.0,1.355115485
2830,82.0,1.355477295
2840,80.0,1.356708307
2850,80.0,1.357245119
2860,80.0,1.361541307
2870,82.0,1.361839962
2880,82.0,1.362206346
2890,84.0,1.362698915
2900,84.0,1.3631667
2910,84.0,1.36356843
2920,82.0,1.363918545
2930,82.0,1.364167749
2940,84.0,1.364416068
2950,82.0,1.364672739
2960,78.0,1.364909826
2970,76.0,1.365164611
2980,77.0,1.36541748
2990,78.0,1.365687814
3000,76.0,1.365962742
3010,76.0,1.366290345
3020,76.0,1.366695115
3030,80.0,1.372200661
3040,76.0,1.372685475
3050,77.0,1.372972339
3060,76.0,1.373213362
3070,76.0,1.373547926
3080,78.0,1.373901087
3090,78.0,1.374138576
3100,77.0,1.374367378
3110,79.0,1.374674215
3120,79.0,1.375080018
3130,81.0,1.375445865
3140,81.0,1.375671043
3150,81.0,1.375989574
3160,81.0,1.380026266
3170,81.0,1.381042522
3180,81.0,1.381822485
3190,81.0,1.382341393
3200,81.0,1.382865787
3210,79.0,1.383666724
3220,79.0,1.384080672
3230,79.0,1.384719492
3240,79.0,1.385993297
3250,79.0,1.387557146
3260,79.0,1.387988483
3270,79.0,1.389599384
3280,79.0,1.390671086
3290,79.0,1.391412763
3300,77.0,1.392510017
3310,81.0,1.394309155
3320,81.0,1.394728475
3330,81.0,1.395476296
3340,79.0,1.396101975
3350,81.0,1.399487239
3360,77.0,1.400317632
3370,77.0,1.400928937
3380,77.0,1.402448857
3390,78.0,1.402874898
3400,77.0,1.404068634
3410,78.0,1.404689486
3420,80.0,1.40554736
3430,78.0,1.405975664
3440,78.0,1.406606086
3450,79.0,1.407765617
3460,78.0,1.408310473
3470,77.0,1.410511835
3480,76.0,1.411560344
3490,76.0,1.411960241
3500,76.0,1.413564012
3510,76.0,1.41444549
3520,74.0,1.415251908
3530,74.0,1.416395392
3540,72.0,1.416752776
3550,72.0,1.417034083
3560,74.0,1.417318665
3570,74.0,1.417837954
3580,74.0,1.418419394
3590,74.0,1.418685341
3600,76.0,1.419027042
3610,74.0,1.419354393
3620,74.0,1.419801181
3630,74.0,1.420148593
3640,76.0,1.420501589
3650,76.0,1.421631794
3660,78.0,1.422079204
3670,79.0,1.422484605
3680,79.0,1.422877695
3690,80.0,1.423249696
3700,80.0,1.424393565
3710,80.0,1.425884429
3720,80.0,1.426469364
3730,82.0,1.444760853
3740,80.0,1.445062908
3750,82.0,1.445348493
3760,78.0,1.445670686
3770,76.0,1.446059292
3780,75.0,1.446383261
3790,75.0,1.44672199
3800,74.0,1.447096331
3810,74.0,1.447377268
3820,77.0,1.447616273
3830,75.0,1.447856249
3840,76.0,1.448263771
3850,80.0,1.44874805
3860,76.0,1.449501443
3870,76.0,1.449980553
3880,77.0,1.450214616
3890,78.0,1.450587813
3900,80.0,1.590757188
3910,78.0,1.592165459
3920,78.0,1.593224595
3930,78.0,1.594852871
3940,80.0,1.596423456
3950,80.0,1.597321024
3960,80.0,1.597695092
3970,81.0,1.597932905
3980,82.0,1.598241217
3990,80.0,1.598523875
4000,80.0,1.598794813
