iterations,fitness,time
0,59.0,0.002570818
10,61.0,0.006172073
20,62.0,0.008692752
30,64.0,0.011806226
40,64.0,0.016437107
50,66.0,0.02058344
60,66.0,0.026496129
70,66.0,0.030488327
80,70.0,0.034845859
90,72.0,0.039274641
100,64.0,0.042674338
110,68.0,0.044536758
120,68.0,0.047669757
130,70.0,0.051428759
140,68.0,0.059168243
150,68.0,0.064822508
160,72.0,0.067002859
170,72.0,0.067897176
180,72.0,0.068848287
190,72.0,0.071566064
200,72.0,0.07394774
210,70.0,0.077084185
220,70.0,0.080211077
230,72.0,0.084171193
240,72.0,0.087261435
250,72.0,0.088741493
260,72.0,0.08971477
270,74.0,0.090542093
280,71.0,0.091410028
290,72.0,0.338630803
300,72.0,0.345153733
310,72.0,0.350196345
320,72.0,0.35540039
330,72.0,0.36200767
340,70.0,0.36688236
350,70.0,0.373364593
360,73.0,0.379817272
370,73.0,0.385431966
380,74.0,0.38868681
390,74.0,0.392577427
400,74.0,0.398265896
410,76.0,0.563028919
420,76.0,0.570594917
430,73.0,0.578716607
440,74.0,0.582825945
450,72.0,0.590352087
460,72.0,0.603086517
470,74.0,0.617138561
480,76.0,0.646551156
490,74.0,0.769657089
500,73.0,0.770743893
510,76.0,0.773729072
520,74.0,0.778825902
530,76.0,0.783288452
540,74.0,0.786244161
550,74.0,0.788961718
560,74.0,0.791671186
570,78.0,0.794241263
580,76.0,0.797628282
590,76.0,0.800996043
600,76.0,0.80362979
610,76.0,0.807211319
620,74.0,0.810232331
630,72.0,0.813528927
640,72.0,0.816254532
650,70.0,0.818380919
660,68.0,0.821227475
670,70.0,0.823423625
680,72.0,0.827796801
690,72.0,0.829662376
700,70.0,0.831900232
710,70.0,0.833689631
720,72.0,0.835776414
730,72.0,0.838312669
740,72.0,0.840329436
750,74.0,0.841947003
760,72.0,0.843510278
770,72.0,0.845122969
780,73.0,0.84685898
790,75.0,0.848667741
800,75.0,0.850589534
810,75.0,0.852675351
820,73.0,0.854718127
830,75.0,0.856740146
840,77.0,0.858956687
850,75.0,0.860837387
860,75.0,0.862489334
870,75.0,0.864162459
880,75.0,0.866051003
890,77.0,0.867465177
900,79.0,0.8690491
910,79.0,0.870706627
920,79.0,0.872549056
930,79.0,1.039101706
940,79.0,1.107652919
950,79.0,1.108332595
960,79.0,1.109783016
970,79.0,1.110782147
980,77.0,1.112969489
990,77.0,1.166609746
1000,77.0,1.289053196
1010,75.0,1.323045671
1020,77.0,1.486336101
1030,77.0,1.487791889
1040,75.0,1.489381371
1050,73.0,1.490358184
1060,71.0,1.491537972
1070,71.0,1.492909396
1080,69.0,1.49537249
1090,73.0,1.496491408
1100,73.0,1.497676911
1110,73.0,1.498735041
1120,73.0,1.500380382
1130,71.0,1.518370735
1140,71.0,1.518661521
1150,69.0,1.518950126
1160,73.0,1.519318116
1170,73.0,1.519760298
1180,73.0,1.520321978
1190,73.0,1.520839128
1200,74.0,1.521290277
1210,75.0,1.521813793
1220,77.0,1.522180529
1230,75.0,1.522765964
1240,77.0,1.523537101
1250,77.0,1.52407324
1260,79.0,1.524939557
1270,77.0,1.525519907
1280,77.0,1.526095327
1290,77.0,1.527425191
1300,77.0,1.528905586
1310,75.0,1.529917938
1320,73.0,1.531012448
1330,73.0,1.532347748
1340,73.0,1.533626265
1350,75.0,1.53509206
1360,75.0,1.536256168
1370,75.0,1.537499591
1380,75.0,1.539218607
1390,75.0,1.540981282
1400,75.0,1.541922115
1410,73.0,1.54281462
1420,77.0,1.543660744
1430,75.0,1.544555615
1440,77.0,1.545712716
1450,77.0,1.547599806
1460,77.0,1.548869407
1470,77.0,1.550006895
1480,75.0,1.55165119
1490,77.0,1.553448289
1500,75.0,1.555628797
1510,77.0,1.557463264
1520,75.0,1.558755536
1530,79.0,1.604410281
1540,73.0,1.605603287
1550,75.0,1.606701585
1560,73.0,1.607776558
1570,75.0,1.608211374
1580,75.0,1.609011137
1590,75.0,1.610142507
1600,73.0,1.610926611
1610,77.0,1.611833545
1620,75.0,1.612419434
1630,75.0,1.613435893
1640,75.0,1.613915111
1650,71.0,1.6148801
1660,73.0,1.616728003
1670,71.0,1.617298868
1680,73.0,1.619245423
1690,73.0,1.619564546
1700,71.0,1.619899022
1710,75.0,1.620201153
1720,73.0,1.620520021
1730,71.0,1.620900604
1740,73.0,1.621373074
1750,73.0,1.62233247
1760,73.0,1.622762204
1770,72.0,1.623201106
1780,73.0,1.623659361
1790,71.0,1.624254841
1800,74.0,1.62463742
1810,73.0,1.6249149
1820,75.0,1.625289175
1830,74.0,1.625579475
1840,75.0,1.62591121
1850,74.0,1.626190015
1860,74.0,1.698088766
1870,75.0,1.698991288
1880,76.0,1.699369938
1890,73.0,1.700574713
1900,73.0,1.701382427
1910,73.0,1.702257192
1920,75.0,1.702772181
1930,76.0,1.703391391
1940,75.0,1.703847598
1950,74.0,1.704656656
1960,74.0,1.705409308
1970,74.0,1.705721419
1980,75.0,1.706133238
1990,75.0,1.70703655
2000,74.0,1.70743026
2010,74.0,1.708441032
2020,74.0,1.708794429
2030,76.0,1.709158796
2040,76.0,1.709583663
2050,78.0,1.710102711
2060,80.0,1.710547872
2070,80.0,1.710953796
2080,78.0,1.711448151
2090,78.0,1.711973767
2100,80.0,1.712301876
2110,80.0,1.712716783
2120,80.0,1.713215595
2130,78.0,1.713544798
2140,80.0,1.713810673
2150,80.0,1.714106724
2160,80.0,1.714674166
2170,80.0,1.714980788
2180,84.0,1.715334873
2190,82.0,1.715716607
2200,84.0,1.716018094
2210,84.0,1.716571083
2220,82.0,1.717502766
2230,84.0,1.717855507
2240,84.0,1.71828164
2250,84.0,1.718774995
2260,84.0,1.719177824
2270,86.0,1.719503242
2280,87.0,1.719816673
2290,88.0,1.720272496
2300,88.0,1.720686932
2310,88.0,1.721066577
2320,88.0,1.721637359
2330,88.0,1.722494557
2340,88.0,1.722784519
2350,86.0,1.723024288
2360,86.0,1.723726901
2370,86.0,1.724144222
2380,84.0,1.724483608
2390,84.0,1.724840463
2400,84.0,1.725330996
2410,84.0,1.726296959
2420,84.0,1.726965235
2430,84.0,1.727357077
2440,82.0,1.727781368
2450,82.0,1.728430089
2460,83.0,1.728884779
2470,81.0,1.729325986
2480,80.0,1.729842107
2490,80.0,1.730897147
2500,80.0,1.731627391
2510,82.0,1.731939368
2520,82.0,1.73299759
2530,80.0,1.734011801
2540,80.0,1.734903109
2550,82.0,1.736287265
2560,82.0,1.737604435
2570,82.0,1.739379871
2580,82.0,1.74053983
2590,82.0,1.746153881
2600,80.0,1.746703853
2610,80.0,1.747308144
2620,80.0,1.747787209
2630,80.0,1.748058709
2640,80.0,1.748281373
2650,80.0,1.748664126
2660,78.0,1.749322349
2670,80.0,1.75139439
2680,78.0,1.751910004
2690,78.0,1.75255102
2700,77.0,1.753235639
2710,79.0,1.753711625
2720,79.0,1.754092986
2730,79.0,1.754478951
2740,79.0,1.755042531
2750,79.0,1.755401491
2760,79.0,1.755712328
2770,79.0,1.757320515
2780,79.0,1.757745293
2790,79.0,1.758713328
2800,79.0,1.759161757
2810,79.0,1.759543288
2820,79.0,1.760293301
2830,79.0,1.760755427
2840,79.0,1.761041489
2850,81.0,1.761337379
2860,79.0,1.761752797
2870,79.0,1.762280766
2880,79.0,1.763765544
2890,81.0,1.765274964
2900,79.0,1.76694338
2910,79.0,1.767432923
2920,79.0,1.770647317
2930,80.0,1.771490483
2940,79.0,1.771939495
2950,80.0,1.772312032
2960,79.0,1.772626926
2970,79.0,1.773389582
2980,79.0,1.773734054
2990,81.0,1.77428053
3000,77.0,1.77464396
3010,77.0,1.775109826
3020,77.0,1.775381964
3030,79.0,1.775961951
3040,77.0,1.77733383
3050,77.0,1.777711965
3060,76.0,1.778949564
3070,79.0,1.780165328
3080,77.0,1.780707177
3090,77.0,1.781226774
3100,77.0,1.781769903
3110,77.0,1.78342971
3120,76.0,1.784426682
3130,77.0,1.784849324
3140,81.0,1.786490435
3150,79.0,1.78718443
3160,80.0,1.787726063
3170,78.0,1.788238956
3180,78.0,1.789491624
3190,80.0,1.789869931
3200,80.0,1.795316434
3210,82.0,1.79556203
3220,80.0,1.795861049
3230,82.0,1.79614617
3240,84.0,1.79639256
3250,84.0,1.796666301
3260,84.0,1.796935545
3270,84.0,1.79730764
3280,82.0,1.797652288
3290,82.0,1.797947717
3300,82.0,1.798225345
3310,80.0,1.798924412
3320,82.0,1.803046167
3330,80.0,1.803683462
3340,80.0,1.80431393
3350,80.0,1.804878494
3360,80.0,1.805403463
3370,82.0,1.805848408
3380,82.0,1.806454878
3390,84.0,1.806942145
3400,82.0,1.807516094
3410,82.0,1.810590412
3420,82.0,1.810891009
3430,84.0,1.811224567
3440,84.0,1.8116637
3450,84.0,1.818001755
3460,84.0,1.835353736
3470,84.0,1.835707695
3480,84.0,1.836617687
3490,82.0,1.8375554
3500,82.0,1.839065225
3510,82.0,1.839407995
3520,82.0,1.839976287
3530,82.0,1.841545349
3540,82.0,1.842277441
3550,82.0,1.842989969
3560,80.0,1.843842354
3570,80.0,1.844498655
3580,78.0,1.845078422
3590,80.0,1.845946243
3600,78.0,1.846943439
3610,78.0,1.848501182
3620,80.0,1.849164267
3630,80.0,1.850338446
3640,82.0,1.852670236
3650,82.0,1.85318313
3660,82.0,1.853777647
3670,82.0,1.855179705
3680,82.0,1.860017811
3690,82.0,1.860958263
3700,82.0,1.861553991
3710,82.0,1.863234804
3720,82.0,1.863559407
3730,84.0,1.863869973
3740,82.0,1.864118249
3750,82.0,1.864401023
3760,82.0,1.864633277
3770,82.0,1.86493682
3780,82.0,1.865325015
3790,82.0,1.865599211
3800,82.0,1.86619122
3810,82.0,1.866725726
3820,80.0,1.867269662
3830,82.0,1.867553647
3840,82.0,1.86871208
3850,82.0,1.869414569
3860,82.0,1.870291841
3870,80.0,1.870558556
3880,80.0,1.871355331
3890,80.0,1.872004588
3900,80.0,1.872457071
3910,80.0,1.872822861
3920,80.0,1.873207861
3930,80.0,1.873680264
3940,80.0,1.874105927
3950,80.0,1.874500937
3960,80.0,1.8751217
3970,80.0,1.87556259
3980,80.0,1.920746816
3990,80.0,1.921017824
4000,80.0,1.921556225
