iterations,fitness,time
0,46.0,3.1355e-05
10,48.0,6.2378e-05
20,49.0,0.000122317
30,49.0,0.000168797
40,49.0,0.000197825
50,51.0,0.000235847
60,54.0,0.000265856
70,58.0,0.000363494
80,58.0,0.000395726
90,64.0,0.000447825
100,64.0,0.000583913
110,64.0,0.000649224000001
120,64.0,0.000688956000001
130,70.0,0.000793865
140,70.0,0.000876218
150,70.0,0.000939223
160,70.0,0.001005683
170,72.0,0.00105089
180,72.0,0.00120876
190,72.0,0.001252537
200,72.0,0.001349024
210,72.0,0.001375405
220,72.0,0.001421122
230,72.0,0.001592833
240,72.0,0.001741044
250,72.0,0.001775384
260,76.0,0.001848361
270,76.0,0.001931262
280,76.0,0.00204894
290,76.0,0.002189437
300,78.0,0.002213775
310,80.0,0.002243205
320,80.0,0.002295646
330,80.0,0.002307677
340,80.0,0.002322541
350,80.0,0.002337765
360,80.0,0.002349535
370,80.0,0.002362756
380,80.0,0.002376827
390,80.0,0.002390662
400,80.0,0.002402502
410,80.0,0.002415457
420,80.0,0.002430099
430,80.0,0.002443898
440,80.0,0.002459812
450,80.0,0.002473127
460,80.0,0.002490994
470,80.0,0.002504409
480,80.0,0.00251792
490,80.0,0.002533292
500,80.0,0.002547191
510,80.0,0.002559791
520,80.0,0.002572635
530,80.0,0.002584571
540,80.0,0.002596149
550,80.0,0.002607248
560,80.0,0.002620693
570,80.0,0.002633055
580,80.0,0.002645348
590,80.0,0.002656283
600,80.0,0.00266866
610,80.0,0.002678478
620,80.0,0.002689248
630,80.0,0.002700869
640,80.0,0.002712948
650,80.0,0.002724083
660,80.0,0.002734828
670,80.0,0.002743362
680,80.0,0.002755164
690,80.0,0.002767525
700,80.0,0.002777929
710,80.0,0.002787911
720,80.0,0.002798663
730,80.0,0.002807889
740,80.0,0.002818861
750,80.0,0.002829598
760,80.0,0.002838845
770,80.0,0.00285002
780,80.0,0.002863581
790,80.0,0.002875717
800,80.0,0.002886917
810,80.0,0.002899785
820,80.0,0.002910335
830,80.0,0.002922923
840,80.0,0.002938292
850,80.0,0.002949791
860,80.0,0.002963031
870,80.0,0.002981333
880,80.0,0.002992903
890,80.0,0.003004574
900,80.0,0.003018402
910,80.0,0.003029652
920,80.0,0.003040504
930,80.0,0.003051866
940,80.0,0.003062835
950,80.0,0.00307656
960,80.0,0.003086673
970,80.0,0.003097104
980,80.0,0.003110638
990,80.0,0.003121738
1000,80.0,0.003133904
1010,80.0,0.00314776
1020,80.0,0.003174455
1030,80.0,0.003185439
1040,80.0,0.003196544
1050,80.0,0.003206806
1060,80.0,0.00321859
1070,80.0,0.003229906
1080,80.0,0.003242697
1090,80.0,0.003256375
1100,80.0,0.003266448
1110,80.0,0.003281039
1120,80.0,0.003292448
1130,80.0,0.003322789
1140,80.0,0.003335507
1150,80.0,0.003347139
1160,80.0,0.003358036
1170,80.0,0.00336864
1180,80.0,0.003379802
1190,80.0,0.003390927
1200,80.0,0.003401606
1210,80.0,0.003412527
1220,80.0,0.003423507
1230,80.0,0.003435578
1240,80.0,0.003450111
1250,80.0,0.003463942
1260,80.0,0.00347471
1270,80.0,0.003485238
1280,80.0,0.003499089
1290,80.0,0.003510809
1300,80.0,0.003521466
1310,80.0,0.003531712
1320,80.0,0.003543422
1330,80.0,0.003553707
1340,80.0,0.003568219
1350,80.0,0.003579251
1360,80.0,0.003591248
1370,80.0,0.003605251
1380,80.0,0.003616488
1390,80.0,0.003630032
1400,80.0,0.003644839
1410,80.0,0.003658169
1420,80.0,0.003670814
1430,80.0,0.003682828
1440,80.0,0.003695572
1450,80.0,0.003707622
1460,80.0,0.003719965
1470,80.0,0.003731423
1480,80.0,0.003753904
1490,80.0,0.00377149
1500,80.0,0.003791533
1510,80.0,0.003803312
1520,80.0,0.003814152
1530,80.0,0.003858506
1540,80.0,0.003869538
1550,80.0,0.003881478
1560,80.0,0.003891646
1570,80.0,0.00390369
1580,80.0,0.00391514
1590,80.0,0.003934977
1600,80.0,0.00395309
1610,80.0,0.003972596
1620,80.0,0.004008034
1630,80.0,0.004027404
1640,80.0,0.004048922
1650,80.0,0.004061127
1660,80.0,0.004073328
1670,80.0,0.004085126
1680,80.0,0.004097293
1690,80.0,0.004109649
1700,80.0,0.004122816
1710,80.0,0.004133588
1720,80.0,0.00414395
1730,80.0,0.004155583
1740,80.0,0.004198701
1750,80.0,0.004210929
1760,80.0,0.004223085
1770,80.0,0.004234459
1780,80.0,0.004247896
1790,80.0,0.004259507
1800,80.0,0.004272007
1810,80.0,0.004283218
1820,80.0,0.004296383
1830,80.0,0.004307533
1840,80.0,0.004318149
1850,80.0,0.004346298
1860,80.0,0.004359948
1870,80.0,0.004370231
1880,80.0,0.004382844
1890,80.0,0.004394135
1900,80.0,0.00440495
1910,80.0,0.004416295
1920,80.0,0.004427435
1930,80.0,0.004438173
1940,80.0,0.004457927
1950,80.0,0.004469997
1960,80.0,0.004484541
1970,80.0,0.00449529
1980,80.0,0.004506513
1990,80.0,0.004516966
2000,80.0,0.004530316
2010,80.0,0.004541881
2020,80.0,0.004552335
2030,80.0,0.004564037
2040,80.0,0.00457405
2050,80.0,0.004586664
2060,80.0,0.004598402
2070,80.0,0.004608787
2080,80.0,0.004618644
2090,80.0,0.004630079
2100,80.0,0.004640352
2110,80.0,0.004650417
2120,80.0,0.004660192
2130,80.0,0.004670635
2140,80.0,0.004684961
2150,80.0,0.004699025
2160,80.0,0.004709353
2170,80.0,0.004719511
2180,80.0,0.004729443
2190,80.0,0.004741389
2200,80.0,0.004753166
2210,80.0,0.004764686
2220,80.0,0.004776012
2230,80.0,0.004789734
2240,80.0,0.00479987
2250,80.0,0.00481214
2260,80.0,0.004823196
2270,80.0,0.004833957
2280,80.0,0.004846171
2290,80.0,0.004859063
2300,80.0,0.004872849
2310,80.0,0.004885824
2320,80.0,0.004900176
2330,80.0,0.004913529
2340,80.0,0.004924846
2350,80.0,0.004937457
2360,80.0,0.004950916
2370,80.0,0.004962611
2380,80.0,0.004974152
2390,80.0,0.00498728
2400,80.0,0.005
2410,80.0,0.005009865
2420,80.0,0.005022935
2430,80.0,0.005034763
2440,80.0,0.005046653
2450,80.0,0.005057884
2460,80.0,0.005073903
2470,80.0,0.005086963
2480,80.0,0.00510011
2490,80.0,0.005112505
2500,80.0,0.005126081
2510,80.0,0.005138567
2520,80.0,0.00515117
2530,80.0,0.005163988
2540,80.0,0.005175243
2550,80.0,0.005189689
2560,80.0,0.005199913
2570,80.0,0.005211367
2580,80.0,0.005223325
2590,80.0,0.005236494
2600,80.0,0.005260917
2610,80.0,0.005291112
2620,80.0,0.005321328
2630,80.0,0.005342053
2640,80.0,0.005371945
2650,80.0,0.005393763
2660,80.0,0.005422493
2670,80.0,0.005446494
2680,80.0,0.005468773
2690,80.0,0.005488201
2700,80.0,0.005519054
2710,80.0,0.00553924
2720,80.0,0.005557335
2730,80.0,0.005578758
2740,80.0,0.005610526
2750,80.0,0.00563333
2760,80.0,0.005676695
2770,80.0,0.005700707
2780,80.0,0.005723319
2790,80.0,0.00574492
2800,80.0,0.00576598
2810,80.0,0.005790555
2820,80.0,0.005811427
2830,80.0,0.00583587
2840,80.0,0.005858085
2850,80.0,0.005884923
2860,80.0,0.005914919
2870,80.0,0.005936524
2880,80.0,0.005976282
2890,80.0,0.006005821
2900,80.0,0.006026214
2910,80.0,0.006039629
2920,80.0,0.006053744
2930,80.0,0.006066289
2940,80.0,0.006080674
2950,80.0,0.00609144
2960,80.0,0.006107674
2970,80.0,0.00612130899999
2980,80.0,0.006139746
2990,80.0,0.006152047
3000,80.0,0.006164895
3010,80.0,0.00617709599999
3020,80.0,0.006189509
3030,80.0,0.00620011899999
3040,80.0,0.00621405899999
3050,80.0,0.00622501699999
3060,80.0,0.00623952099999
3070,80.0,0.00625437899999
3080,80.0,0.00626644999999
3090,80.0,0.006280291
3100,80.0,0.006293228
3110,80.0,0.006302791
3120,80.0,0.006316972
3130,80.0,0.006328965
3140,80.0,0.006341923
3150,80.0,0.006357408
3160,80.0,0.006368969
3170,80.0,0.006390403
3180,80.0,0.006403521
3190,80.0,0.006418539
3200,80.0,0.006431607
3210,80.0,0.00644674599999
3220,80.0,0.00646083099999
3230,80.0,0.00647489399999
3240,80.0,0.00648770599999
3250,80.0,0.00649942499999
3260,80.0,0.00651191199999
3270,80.0,0.00652463999999
3280,80.0,0.00654231299999
3290,80.0,0.00655697199999
3300,80.0,0.00657094099999
3310,80.0,0.00659695699999
3320,80.0,0.00660972499999
3330,80.0,0.00662519299999
3340,80.0,0.00671839099999
3350,80.0,0.00673319099999
3360,80.0,0.00674683099999
3370,80.0,0.00675993299999
3380,80.0,0.00677377099999
3390,80.0,0.00678534299999
3400,80.0,0.00679706099999
3410,80.0,0.00681094399999
3420,80.0,0.00682748399999
3430,80.0,0.00684766199999
3440,80.0,0.00686413999999
3450,80.0,0.00687647299999
3460,80.0,0.00688922499999
3470,80.0,0.00690097699999
3480,80.0,0.00691311599999
3490,80.0,0.00692411499999
3500,80.0,0.00693595399999
3510,80.0,0.00695835599999
3520,80.0,0.00696956799999
3530,80.0,0.00698098199999
3540,80.0,0.00699173699999
3550,80.0,0.00701837499999
3560,80.0,0.00703020499999
3570,80.0,0.00704308499999
3580,80.0,0.00705433899999
3590,80.0,0.00706887899999
3600,80.0,0.00708124899999
3610,80.0,0.00709523399999
3620,80.0,0.00710874399999
3630,80.0,0.00713717399999
3640,80.0,0.00714992099999
3650,80.0,0.00715901299999
3660,80.0,0.00717824399999
3670,80.0,0.00719024799999
3680,80.0,0.00720746999999
3690,80.0,0.00721875299999
3700,80.0,0.00722890799999
3710,80.0,0.00724212599999
3720,80.0,0.00725404599999
3730,80.0,0.00726723399999
3740,80.0,0.00727897299999
3750,80.0,0.00728864799999
3760,80.0,0.00730075799999
3770,80.0,0.00734574499999
3780,80.0,0.00737193199999
3790,80.0,0.00738835299999
3800,80.0,0.00740234899999
3810,80.0,0.00741248299999
3820,80.0,0.00742893599999
3830,80.0,0.00744469199999
3840,80.0,0.00745680299999
3850,80.0,0.00746798999999
3860,80.0,0.00747760799999
3870,80.0,0.00749390999999
3880,80.0,0.00750760999999
3890,80.0,0.00752157499999
3900,80.0,0.00753531299999
3910,80.0,0.00754569399999
3920,80.0,0.00755815299999
3930,80.0,0.00757040399999
3940,80.0,0.00758318499999
3950,80.0,0.00759251799999
3960,80.0,0.00760385899999
3970,80.0,0.00761486399999
3980,80.0,0.00762396299999
3990,80.0,0.00763553099999
4000,80.0,0.00766195299999
