iterations,fitness,time
0,55.0,0.000115053
10,57.0,0.000208225
20,58.0,0.000278853
30,60.0,0.0003134
40,62.0,0.000343853
50,66.0,0.00037322
60,68.0,0.000406056
70,68.0,0.000463153
80,70.0,0.000491937
90,72.0,0.0005203
100,74.0,0.00055539
110,74.0,0.000642039
120,74.0,0.000670815
130,74.0,0.000757899
140,74.0,0.000863144
150,74.0,0.000897044
160,74.0,0.000996399
170,74.0,0.001082428
180,74.0,0.001155253
190,76.0,0.001184835
200,78.0,0.001212023
210,78.0,0.001268477
220,78.0,0.001342989
230,80.0,0.001481647
240,80.0,0.001507564
250,80.0,0.001548621
260,80.0,0.00165896
270,80.0,0.001708723
280,80.0,0.001768976
290,80.0,0.001797143
300,80.0,0.001945791
310,80.0,0.002035085
320,80.0,0.002161068
330,80.0,0.00218687
340,80.0,0.002283429
350,80.0,0.002296982
360,80.0,0.002309546
370,80.0,0.0023264
380,80.0,0.002339681
390,80.0,0.002353993
400,80.0,0.002367376
410,80.0,0.002380613
420,80.0,0.002396523
430,80.0,0.002408724
440,80.0,0.002424115
450,80.0,0.002438135
460,80.0,0.002450801
470,80.0,0.002465042
480,80.0,0.002479145
490,80.0,0.002493499
500,80.0,0.002506871
510,80.0,0.002519559
520,80.0,0.002533945
530,80.0,0.002549028
540,80.0,0.002562491
550,80.0,0.002583621
560,80.0,0.002605347
570,80.0,0.002626319
580,80.0,0.0026633
590,80.0,0.002683882
600,80.0,0.002703823
610,80.0,0.002726713
620,80.0,0.00275315
630,80.0,0.002774386
640,80.0,0.002794585
650,80.0,0.002817079
660,80.0,0.002838435
670,80.0,0.002906842
680,80.0,0.002928192
690,80.0,0.002949385
700,80.0,0.002971482
710,80.0,0.002984757
720,80.0,0.002996609
730,80.0,0.003007311
740,80.0,0.003018256
750,80.0,0.00302993
760,80.0,0.003042329
770,80.0,0.003054426
780,80.0,0.003065391
790,80.0,0.003078023
800,80.0,0.003089061
810,80.0,0.003099474
820,80.0,0.003109939
830,80.0,0.003121702
840,80.0,0.003133019
850,80.0,0.003142751
860,80.0,0.003153648
870,80.0,0.0031737
880,80.0,0.00318607
890,80.0,0.003203664
900,80.0,0.003215608
910,80.0,0.003227741
920,80.0,0.003252686
930,80.0,0.003265117
940,80.0,0.00327532
950,80.0,0.003287485
960,80.0,0.003299098
970,80.0,0.003311815
980,80.0,0.003325869
990,80.0,0.003337697
1000,80.0,0.003349664
1010,80.0,0.003360813
1020,80.0,0.003371972
1030,80.0,0.003385899
1040,80.0,0.003396953
1050,80.0,0.003408394
1060,80.0,0.003420635
1070,80.0,0.003431561
1080,80.0,0.003442478
1090,80.0,0.003454855
1100,80.0,0.003470912
1110,80.0,0.00348516
1120,80.0,0.003495734
1130,80.0,0.003506803
1140,80.0,0.003518278
1150,80.0,0.003528908
1160,80.0,0.003540797
1170,80.0,0.003552602
1180,80.0,0.003588679
1190,80.0,0.003599424
1200,80.0,0.00360936
1210,80.0,0.003620154
1220,80.0,0.003633019
1230,80.0,0.003643667
1240,80.0,0.003655664
1250,80.0,0.003666937
1260,80.0,0.003678279
1270,80.0,0.003690146
1280,80.0,0.003703168
1290,80.0,0.003715816
1300,80.0,0.003727656
1310,80.0,0.003737867
1320,80.0,0.003752087
1330,80.0,0.003764354
1340,80.0,0.003775252
1350,80.0,0.003785918
1360,80.0,0.003797235
1370,80.0,0.003808254
1380,80.0,0.003819498
1390,80.0,0.003831203
1400,80.0,0.003845475
1410,80.0,0.003858431
1420,80.0,0.003869171
1430,80.0,0.003879661
1440,80.0,0.003892567
1450,80.0,0.00390485
1460,80.0,0.003917761
1470,80.0,0.003930069
1480,80.0,0.003946896
1490,80.0,0.003958569
1500,80.0,0.003987341
1510,80.0,0.003998608
1520,80.0,0.004011454
1530,80.0,0.004023466
1540,80.0,0.004033392
1550,80.0,0.004046377
1560,80.0,0.004059087
1570,80.0,0.004071839
1580,80.0,0.004088067
1590,80.0,0.004102931
1600,80.0,0.004116378
1610,80.0,0.004128141
1620,80.0,0.004138564
1630,80.0,0.004149913
1640,80.0,0.004161982
1650,80.0,0.004175503
1660,80.0,0.004187051
1670,80.0,0.0041979
1680,80.0,0.004210573
1690,80.0,0.004221923
1700,80.0,0.00423407
1710,80.0,0.004244783
1720,80.0,0.004258016
1730,80.0,0.004268995
1740,80.0,0.00427946
1750,80.0,0.004293638
1760,80.0,0.004306204
1770,80.0,0.004321786
1780,80.0,0.00433494
1790,80.0,0.004352268
1800,80.0,0.004364567
1810,80.0,0.004377299
1820,80.0,0.004388451
1830,80.0,0.004399998
1840,80.0,0.004410053
1850,80.0,0.004423004
1860,80.0,0.004433325
1870,80.0,0.004451867
1880,80.0,0.004467198
1890,80.0,0.004482347
1900,80.0,0.004496361
1910,80.0,0.004509768
1920,80.0,0.004525962
1930,80.0,0.004539184
1940,80.0,0.00455106
1950,80.0,0.00456405
1960,80.0,0.004577528
1970,80.0,0.004597203
1980,80.0,0.004608948
1990,80.0,0.004619898
2000,80.0,0.004631336
2010,80.0,0.004642551
2020,80.0,0.004652417
2030,80.0,0.004677811
2040,80.0,0.004692695
2050,80.0,0.00470387
2060,80.0,0.004712934
2070,80.0,0.004721801
2080,80.0,0.004731064
2090,80.0,0.004743828
2100,80.0,0.004755153
2110,80.0,0.004765175
2120,80.0,0.004777171
2130,80.0,0.004788542
2140,80.0,0.004802946
2150,80.0,0.004814413
2160,80.0,0.004826166
2170,80.0,0.004836778
2180,80.0,0.004848255
2190,80.0,0.004858558
2200,80.0,0.004873024
2210,80.0,0.00488893
2220,80.0,0.004901352
2230,80.0,0.004914157
2240,80.0,0.004925615
2250,80.0,0.004938614
2260,80.0,0.004948033
2270,80.0,0.004958973
2280,80.0,0.004971283
2290,80.0,0.00498338
2300,80.0,0.005010084
2310,80.0,0.005024814
2320,80.0,0.005037786
2330,80.0,0.005054537
2340,80.0,0.005067868
2350,80.0,0.005085631
2360,80.0,0.005102315
2370,80.0,0.005119122
2380,80.0,0.005131553
2390,80.0,0.005144445
2400,80.0,0.005157064
2410,80.0,0.005183214
2420,80.0,0.005202483
2430,80.0,0.005378105
2440,80.0,0.005398038
2450,80.0,0.005419556
2460,80.0,0.005445443
2470,80.0,0.00546461
2480,80.0,0.005484068
2490,80.0,0.005504518
2500,80.0,0.005515748
2510,80.0,0.005528408
2520,80.0,0.005540465
2530,80.0,0.005552235
2540,80.0,0.005565732
2550,80.0,0.005580857
2560,80.0,0.005594678
2570,80.0,0.005616099
2580,80.0,0.005632441
2590,80.0,0.00564658
2600,80.0,0.005659381
2610,80.0,0.00567348
2620,80.0,0.005687686
2630,80.0,0.005705705
2640,80.0,0.005716867
2650,80.0,0.005730102
2660,80.0,0.00574524
2670,80.0,0.005760455
2680,80.0,0.00578117
2690,80.0,0.005797007
2700,80.0,0.005812589
2710,80.0,0.005826345
2720,80.0,0.005839481
2730,80.0,0.00585575
2740,80.0,0.005866966
2750,80.0,0.005879329
2760,80.0,0.005892584
2770,80.0,0.005903957
2780,80.0,0.005915841
2790,80.0,0.005931401
2800,80.0,0.005942565
2810,80.0,0.005954453
2820,80.0,0.005968534
2830,80.0,0.005980511
2840,80.0,0.006009396
2850,80.0,0.006025812
2860,80.0,0.006040877
2870,80.0,0.0060544
2880,80.0,0.006068744
2890,80.0,0.006083697
2900,80.0,0.006095819
2910,80.0,0.006108202
2920,80.0,0.006118079
2930,80.0,0.006128609
2940,80.0,0.006139446
2950,80.0,0.006153102
2960,80.0,0.006170908
2970,80.0,0.006184128
2980,80.0,0.006195315
2990,80.0,0.00620555
3000,80.0,0.006217565
3010,80.0,0.0062289
3020,80.0,0.006240876
3030,80.0,0.00625299
3040,80.0,0.006265133
3050,80.0,0.006276974
3060,80.0,0.006291258
3070,80.0,0.006302045
3080,80.0,0.00631318
3090,80.0,0.006324001
3100,80.0,0.006333832
3110,80.0,0.006344342
3120,80.0,0.006354541
3130,80.0,0.006365327
3140,80.0,0.006376986
3150,80.0,0.00638871
3160,80.0,0.006403323
3170,80.0,0.006414559
3180,80.0,0.006426233
3190,80.0,0.006437447
3200,80.0,0.006449084
3210,80.0,0.006461311
3220,80.0,0.006473127
3230,80.0,0.006484098
3240,80.0,0.006493693
3250,80.0,0.006505767
3260,80.0,0.006516111
3270,80.0,0.006526658
3280,80.0,0.006538281
3290,80.0,0.006549205
3300,80.0,0.006559899
3310,80.0,0.006572096
3320,80.0,0.006583173
3330,80.0,0.006593899
3340,80.0,0.006605157
3350,80.0,0.006617321
3360,80.0,0.006629655
3370,80.0,0.00664094
3380,80.0,0.006653757
3390,80.0,0.006665881
3400,80.0,0.006680825
3410,80.0,0.006691459
3420,80.0,0.006702612
3430,80.0,0.00671373
3440,80.0,0.006725422
3450,80.0,0.006737383
3460,80.0,0.006762631
3470,80.0,0.006788457
3480,80.0,0.006800281
3490,80.0,0.006813828
3500,80.0,0.006827293
3510,80.0,0.006838235
3520,80.0,0.006848751
3530,80.0,0.006859792
3540,80.0,0.006870125
3550,80.0,0.006880864
3560,80.0,0.006890675
3570,80.0,0.00690132
3580,80.0,0.006911345
3590,80.0,0.00692219
3600,80.0,0.006932416
3610,80.0,0.006944974
3620,80.0,0.006958195
3630,80.0,0.006972298
3640,80.0,0.006982652
3650,80.0,0.006992879
3660,80.0,0.007003394
3670,80.0,0.007013398
3680,80.0,0.007024187
3690,80.0,0.007057353
3700,80.0,0.0070777
3710,80.0,0.007087583
3720,80.0,0.007097559
3730,80.0,0.007107549
3740,80.0,0.007117481
3750,80.0,0.007129054
3760,80.0,0.007140754
3770,80.0,0.007154392
3780,80.0,0.007165675
3790,80.0,0.007177443
3800,80.0,0.00718806
3810,80.0,0.007199602
3820,80.0,0.007210769
3830,80.0,0.007221709
3840,80.0,0.007232719
3850,80.0,0.007242526
3860,80.0,0.007252209
3870,80.0,0.007262647
3880,80.0,0.007272625
3890,80.0,0.007282262
3900,80.0,0.007292468
3910,80.0,0.007305254
3920,80.0,0.007315745
3930,80.0,0.007334413
3940,80.0,0.007352037
3950,80.0,0.007370396
3960,80.0,0.007386253
3970,80.0,0.007403068
3980,80.0,0.007415635
3990,80.0,0.007438487
4000,80.0,0.045206499
