iterations,fitness,time
0,49.0,3.3065e-05
10,53.0,6.5545e-05
20,54.0,0.000115879
30,54.0,0.000146748
40,56.0,0.000177633
50,58.0,0.000246377
60,58.0,0.000278378
70,58.0,0.000331151
80,60.0,0.000445155
90,62.0,0.00056056
100,62.0,0.000590738
110,62.0,0.000659896
120,66.0,0.000697514
130,68.0,0.00072903
140,68.0,0.000761082
150,68.0,0.000807089
160,68.0,0.000836791
170,70.0,0.000916406
180,70.0,0.001639712
190,72.0,0.00166506
200,74.0,0.001752194
210,74.0,0.001883725
220,76.0,0.001955012
230,76.0,0.002103815
240,78.0,0.002263164
250,80.0,0.002408026
260,80.0,0.002449151
270,80.0,0.002558015
280,80.0,0.002641905
290,80.0,0.002672675
300,80.0,0.002816343
310,80.0,0.00285341
320,80.0,0.003003123
330,80.0,0.003169357
340,80.0,0.003331063
350,82.0,0.00348219
360,82.0,0.003499506
370,82.0,0.003513515
380,82.0,0.00352604
390,82.0,0.003538629
400,82.0,0.003551053
410,82.0,0.003566983
420,82.0,0.003579453
430,82.0,0.003594044
440,82.0,0.003606343
450,82.0,0.00362017
460,82.0,0.003634371
470,82.0,0.00365362
480,82.0,0.003670902
490,82.0,0.003687009
500,82.0,0.00370166
510,82.0,0.003716366
520,82.0,0.003731252
530,82.0,0.003746194
540,82.0,0.003758882
550,82.0,0.003774253
560,82.0,0.003787409
570,82.0,0.003800122
580,82.0,0.003814634
590,82.0,0.003828094
600,82.0,0.003841828
610,82.0,0.003854252
620,82.0,0.003867105
630,82.0,0.003879705
640,82.0,0.003892963
650,82.0,0.003905116
660,82.0,0.0039177
670,82.0,0.003931318
680,82.0,0.003945809
690,82.0,0.003959929
700,82.0,0.003975468
710,82.0,0.003988107
720,82.0,0.004000596
730,82.0,0.004014199
740,82.0,0.004027393
750,82.0,0.004040119
760,82.0,0.004052905
770,82.0,0.004064309
780,82.0,0.004077919
790,82.0,0.004091129
800,82.0,0.004106198
810,82.0,0.00411914
820,82.0,0.004132327
830,82.0,0.004146748
840,82.0,0.004159977
850,82.0,0.00417291
860,82.0,0.004184599
870,82.0,0.004198687
880,82.0,0.004209529
890,82.0,0.004221657
900,82.0,0.004235409
910,82.0,0.004250601
920,82.0,0.004266993
930,82.0,0.004279541
940,82.0,0.004291082
950,82.0,0.004304716
960,82.0,0.004315916
970,82.0,0.00432912
980,82.0,0.004343722
990,82.0,0.004355167
1000,82.0,0.004365654
1010,82.0,0.004375841
1020,82.0,0.004388028
1030,82.0,0.004400307
1040,82.0,0.004410963
1050,82.0,0.004422803
1060,82.0,0.004436181
1070,82.0,0.004447191
1080,82.0,0.004458629
1090,82.0,0.004470994
1100,82.0,0.004482943
1110,82.0,0.004496275
1120,82.0,0.004508503
1130,82.0,0.004520892
1140,82.0,0.004535647
1150,82.0,0.004546942
1160,82.0,0.004557541
1170,82.0,0.004571234
1180,82.0,0.004585921
1190,82.0,0.00459827
1200,82.0,0.00460958
1210,82.0,0.004625293
1220,82.0,0.004639475
1230,82.0,0.004649152
1240,82.0,0.004666361
1250,82.0,0.004679663
1260,82.0,0.004690594
1270,82.0,0.004701407
1280,82.0,0.004715695
1290,82.0,0.004729117
1300,82.0,0.004739758
1310,82.0,0.004752685
1320,82.0,0.004763267
1330,82.0,0.004774275
1340,82.0,0.004789995
1350,82.0,0.004801265
1360,82.0,0.004813484
1370,82.0,0.004827248
1380,82.0,0.004840421
1390,82.0,0.004851149
1400,82.0,0.004863496
1410,82.0,0.004875625
1420,82.0,0.004889361
1430,82.0,0.004904611
1440,82.0,0.004917239
1450,82.0,0.00493314
1460,82.0,0.004941485
1470,82.0,0.004953944
1480,82.0,0.004965192
1490,82.0,0.004981013
1500,82.0,0.004994074
1510,82.0,0.005006868
1520,82.0,0.00502026
1530,82.0,0.005030705
1540,82.0,0.005042177
1550,82.0,0.005053453
1560,82.0,0.005064965
1570,82.0,0.005077485
1580,82.0,0.005089713
1590,82.0,0.005100726
1600,82.0,0.005114477
1610,82.0,0.005126006
1620,82.0,0.005135293
1630,82.0,0.005146189
1640,82.0,0.005157236
1650,82.0,0.005169537
1660,82.0,0.005180868
1670,82.0,0.005194621
1680,82.0,0.005206697
1690,82.0,0.005217943
1700,82.0,0.005230575
1710,82.0,0.005246017
1720,82.0,0.005258395
1730,82.0,0.005273624
1740,82.0,0.005285658
1750,82.0,0.005298529
1760,82.0,0.00531122
1770,82.0,0.005327245
1780,82.0,0.005339136
1790,82.0,0.005351398
1800,82.0,0.005364194
1810,82.0,0.005377435
1820,82.0,0.005389783
1830,82.0,0.005411885
1840,82.0,0.005423822
1850,82.0,0.005436941
1860,82.0,0.005449168
1870,82.0,0.005460865
1880,82.0,0.005471681
1890,82.0,0.005483041
1900,82.0,0.005494379
1910,82.0,0.005506978
1920,82.0,0.00552008
1930,82.0,0.005531274
1940,82.0,0.005543395
1950,82.0,0.005557454
1960,82.0,0.005568575
1970,82.0,0.005581218
1980,82.0,0.005593125
1990,82.0,0.005607644
2000,82.0,0.005620603
2010,82.0,0.005631389
2020,82.0,0.005643267
2030,82.0,0.005657969
2040,82.0,0.005670388
2050,82.0,0.00568212
2060,82.0,0.005694215
2070,82.0,0.005708403
2080,82.0,0.00572274
2090,82.0,0.005735073
2100,82.0,0.005760958
2110,82.0,0.00577389
2120,82.0,0.005784802
2130,82.0,0.005796277
2140,82.0,0.005807988
2150,82.0,0.005818721
2160,82.0,0.005829044
2170,82.0,0.005841506
2180,82.0,0.005854031
2190,82.0,0.005866517
2200,82.0,0.005880305
2210,82.0,0.005889934
2220,82.0,0.00589789
2230,82.0,0.005910809
2240,82.0,0.005921737
2250,82.0,0.005939929
2260,82.0,0.005951331
2270,82.0,0.005964034
2280,82.0,0.00597722
2290,82.0,0.005993504
2300,82.0,0.006007359
2310,82.0,0.006034415
2320,82.0,0.006048372
2330,82.0,0.006061838
2340,82.0,0.006073831
2350,82.0,0.006085894
2360,82.0,0.006098225
2370,82.0,0.006122581
2380,82.0,0.006149518
2390,82.0,0.006201187
2400,82.0,0.006253563
2410,82.0,0.006277655
2420,82.0,0.006296178
2430,82.0,0.0063185
2440,82.0,0.00633945
2450,82.0,0.006359544
2460,82.0,0.006376911
2470,82.0,0.006397818
2480,82.0,0.006415721
2490,82.0,0.006427922
2500,82.0,0.006442252
2510,82.0,0.006455111
2520,82.0,0.006468914
2530,82.0,0.006486089
2540,82.0,0.006499612
2550,82.0,0.006515213
2560,82.0,0.00652826
2570,82.0,0.006539562
2580,82.0,0.006552303
2590,82.0,0.006564986
2600,82.0,0.006579784
2610,82.0,0.006596175
2620,82.0,0.006609483
2630,82.0,0.006623154
2640,82.0,0.00663385
2650,82.0,0.006644332
2660,82.0,0.006654162
2670,82.0,0.006668462
2680,82.0,0.006681912
2690,82.0,0.006695456
2700,82.0,0.006709057
2710,82.0,0.006721799
2720,82.0,0.006736724
2730,82.0,0.006748942
2740,82.0,0.006761974
2750,82.0,0.006788092
2760,82.0,0.006801518
2770,82.0,0.006816294
2780,82.0,0.006828829
2790,82.0,0.006844971
2800,82.0,0.006858018
2810,82.0,0.006871945
2820,82.0,0.006882799
2830,82.0,0.006895166
2840,82.0,0.006908257
2850,82.0,0.006925902
2860,82.0,0.006938541
2870,82.0,0.006948974
2880,82.0,0.006991783
2890,82.0,0.007004212
2900,82.0,0.007019522
2910,82.0,0.007031993
2920,82.0,0.007050326
2930,82.0,0.007060991
2940,82.0,0.007075397
2950,82.0,0.007087111
2960,82.0,0.007096379
2970,82.0,0.007108186
2980,82.0,0.00712008
2990,82.0,0.007132474
3000,82.0,0.007147282
3010,82.0,0.007162428
3020,82.0,0.007179727
3030,82.0,0.00720446
3040,82.0,0.007217267
3050,82.0,0.007229867
3060,82.0,0.007242324
3070,82.0,0.007254846
3080,82.0,0.007266703
3090,82.0,0.007278342
3100,82.0,0.007287496
3110,82.0,0.007301113
3120,82.0,0.007316104
3130,82.0,0.007328607
3140,82.0,0.007340737
3150,82.0,0.007350622
3160,82.0,0.00736384
3170,82.0,0.007374697
3180,82.0,0.007385599
3190,82.0,0.007396931
3200,82.0,0.007411133
3210,82.0,0.007426658
3220,82.0,0.00743778
3230,82.0,0.007448103
3240,82.0,0.007468154
3250,82.0,0.007483841
3260,82.0,0.007495913
3270,82.0,0.007507733
3280,82.0,0.007520471
3290,82.0,0.00753433
3300,82.0,0.007549699
3310,82.0,0.007566229
3320,82.0,0.007577254
3330,82.0,0.007587299
3340,82.0,0.007600306
3350,82.0,0.007614253
3360,82.0,0.007624215
3370,82.0,0.007652604
3380,82.0,0.007674257
3390,82.0,0.007684476
3400,82.0,0.007703164
3410,82.0,0.007731723
3420,82.0,0.007749337
3430,82.0,0.007758953
3440,82.0,0.007770747
3450,82.0,0.007782832
3460,82.0,0.007800644
3470,82.0,0.007827015
3480,82.0,0.007842333
3490,82.0,0.007857842
3500,82.0,0.0078691
3510,82.0,0.007894662
3520,82.0,0.007908316
3530,82.0,0.007922441
3540,82.0,0.007935658
3550,82.0,0.007956887
3560,82.0,0.007967501
3570,82.0,0.007978526
3580,82.0,0.007993668
3590,82.0,0.008009599
3600,82.0,0.008023088
3610,82.0,0.008034158
3620,82.0,0.008055973
3630,82.0,0.008078288
3640,82.0,0.008104803
3650,82.0,0.008159574
3660,82.0,0.008181256
3670,82.0,0.008199808
3680,82.0,0.008232384
3690,82.0,0.008257632
3700,82.0,0.008305866
3710,82.0,0.008328702
3720,82.0,0.008356388
3730,82.0,0.008384412
3740,82.0,0.008404347
3750,82.0,0.008424591
3760,82.0,0.008444143
3770,82.0,0.008455133
3780,82.0,0.0084653
3790,82.0,0.008476138
3800,82.0,0.008486776
3810,82.0,0.008497166
3820,82.0,0.008508851
3830,82.0,0.008518956
3840,82.0,0.008527863
3850,82.0,0.008537089
3860,82.0,0.008549172
3870,82.0,0.008565116
3880,82.0,0.008593604
3890,82.0,0.008613447
3900,82.0,0.008625612
3910,82.0,0.008636263
3920,82.0,0.008646936
3930,82.0,0.008655422
3940,82.0,0.008663576
3950,82.0,0.008673856
3960,82.0,0.008684536
3970,82.0,0.008696109
3980,82.0,0.008705695
3990,82.0,0.008729436
4000,82.0,0.008743619
