iterations,fitness,time
0,55.0,2.88900000001e-05
10,59.0,0.000136734
20,61.0,0.000288554
30,67.0,0.000358225
40,69.0,0.000388792
50,71.0,0.000427193
60,71.0,0.000456562
70,73.0,0.000523767
80,73.0,0.00055395
90,73.0,0.000669539
100,73.0,0.000777495
110,73.0,0.000835971
120,73.0,0.000873335
130,73.0,0.000903397
140,73.0,0.000992476
150,73.0,0.001023715
160,75.0,0.001135579
170,77.0,0.001167035
180,77.0,0.00129454
190,79.0,0.001493833
200,81.0,0.00165777
210,81.0,0.001789062
220,81.0,0.001953625
230,83.0,0.00203572
240,83.0,0.002082217
250,83.0,0.002142255
260,83.0,0.002221858
270,83.0,0.002248047
280,83.0,0.002275335
290,83.0,0.00232679
300,83.0,0.002475607
310,83.0,0.002543181
320,83.0,0.002713373
330,83.0,0.00281676
340,83.0,0.002910662
350,83.0,0.002944859
360,83.0,0.002961608
370,83.0,0.002975095
380,83.0,0.002986579
390,83.0,0.003001911
400,83.0,0.00301724
410,83.0,0.003029287
420,83.0,0.003044883
430,83.0,0.00306279
440,83.0,0.003076606
450,83.0,0.003090537
460,83.0,0.003103802
470,83.0,0.003116401
480,83.0,0.003131736
490,83.0,0.003142861
500,83.0,0.003156179
510,83.0,0.003170052
520,83.0,0.003181712
530,83.0,0.003192927
540,83.0,0.003204745
550,83.0,0.003215212
560,83.0,0.003225654
570,83.0,0.003239074
580,83.0,0.003250054
590,83.0,0.003262798
600,83.0,0.00327696
610,83.0,0.00328798
620,83.0,0.003300638
630,83.0,0.003311647
640,83.0,0.00332287
650,83.0,0.003333608
660,83.0,0.003346907
670,83.0,0.003356611
680,83.0,0.003369414
690,83.0,0.003379449
700,83.0,0.00339034
710,83.0,0.003402178
720,83.0,0.003415386
730,83.0,0.003426759
740,83.0,0.003438212
750,83.0,0.003450934
760,83.0,0.003463104
770,83.0,0.003472814
780,83.0,0.003483732
790,83.0,0.003496045
800,83.0,0.003512049
810,83.0,0.003522699
820,83.0,0.003534404
830,83.0,0.003545249
840,83.0,0.003559682
850,83.0,0.003571815
860,83.0,0.003600061
870,83.0,0.003613217
880,83.0,0.003625497
890,83.0,0.003638613
900,83.0,0.003650103
910,83.0,0.003667315
920,83.0,0.00367789
930,83.0,0.003689733
940,83.0,0.003704223
950,83.0,0.003717497
960,83.0,0.003729339
970,83.0,0.003741615
980,83.0,0.003753855
990,83.0,0.003765262
1000,83.0,0.003776157
1010,83.0,0.003788081
1020,83.0,0.003802095
1030,83.0,0.00381157
1040,83.0,0.003824525
1050,83.0,0.003838018
1060,83.0,0.003850213
1070,83.0,0.003863804
1080,83.0,0.003872565
1090,83.0,0.003883776
1100,83.0,0.003897128
1110,83.0,0.003910416
1120,83.0,0.003925008
1130,83.0,0.003937943
1140,83.0,0.003952751
1150,83.0,0.00396473
1160,83.0,0.00397656
1170,83.0,0.003987726
1180,83.0,0.003998717
1190,83.0,0.004010928
1200,83.0,0.004022723
1210,83.0,0.004031512
1220,83.0,0.004050035
1230,83.0,0.00407084
1240,83.0,0.004094625
1250,83.0,0.004105392
1260,83.0,0.004117661
1270,83.0,0.004128975
1280,83.0,0.004140983
1290,83.0,0.004162831
1300,83.0,0.004187867
1310,83.0,0.004201771
1320,83.0,0.004213238
1330,83.0,0.004225659
1340,83.0,0.004238395
1350,83.0,0.004250768
1360,83.0,0.004262326
1370,83.0,0.004275364
1380,83.0,0.004289715
1390,83.0,0.004302804
1400,83.0,0.004319308
1410,83.0,0.00433234
1420,83.0,0.004345548
1430,83.0,0.004358522
1440,83.0,0.004369871
1450,83.0,0.004379553
1460,83.0,0.004392126
1470,83.0,0.004404876
1480,83.0,0.004418012
1490,83.0,0.004432468
1500,83.0,0.004443584
1510,83.0,0.004454687
1520,83.0,0.004465758
1530,83.0,0.004477485
1540,83.0,0.004487863
1550,83.0,0.004500978
1560,83.0,0.004511117
1570,83.0,0.004519952
1580,83.0,0.004533312
1590,83.0,0.004543948
1600,83.0,0.004555458
1610,83.0,0.004567186
1620,83.0,0.004576775
1630,83.0,0.004587558
1640,83.0,0.004612146
1650,83.0,0.004624474
1660,83.0,0.004636622
1670,83.0,0.004652747
1680,83.0,0.004665916
1690,83.0,0.004678465
1700,83.0,0.004690067
1710,83.0,0.004701354
1720,83.0,0.004713254
1730,83.0,0.004725675
1740,83.0,0.004736702
1750,83.0,0.004747445
1760,83.0,0.004764755
1770,83.0,0.004776517
1780,83.0,0.004840084
1790,83.0,0.004852321
1800,83.0,0.004865523
1810,83.0,0.004878827
1820,83.0,0.004893487
1830,83.0,0.004905526
1840,83.0,0.004918905
1850,83.0,0.004932204
1860,83.0,0.004945524
1870,83.0,0.004958726
1880,83.0,0.00496875
1890,83.0,0.004979641
1900,83.0,0.00499206
1910,83.0,0.005004534
1920,83.0,0.005015419
1930,83.0,0.005028654
1940,83.0,0.005043287
1950,83.0,0.005055731
1960,83.0,0.00506811
1970,83.0,0.005079816
1980,83.0,0.005091072
1990,83.0,0.005102216
2000,83.0,0.005114262
2010,83.0,0.005130006
2020,83.0,0.005141931
2030,83.0,0.005154643
2040,83.0,0.005166875
2050,83.0,0.005181937
2060,83.0,0.005199298
2070,83.0,0.005213159
2080,83.0,0.005225653
2090,83.0,0.00523773
2100,83.0,0.00525356
2110,83.0,0.005265022
2120,83.0,0.005283528
2130,83.0,0.005305611
2140,83.0,0.005326997
2150,83.0,0.005348518
2160,83.0,0.005369098
2170,83.0,0.005395013
2180,83.0,0.005419336
2190,83.0,0.00544019
2200,83.0,0.005462869
2210,83.0,0.005510028
2220,83.0,0.005532116
2230,83.0,0.005554773
2240,83.0,0.005576189
2250,83.0,0.005601901
2260,83.0,0.005621845
2270,83.0,0.005642986
2280,83.0,0.005668854
2290,83.0,0.005683593
2300,83.0,0.00569694
2310,83.0,0.005721682
2320,83.0,0.005735552
2330,83.0,0.005753329
2340,83.0,0.005766823
2350,83.0,0.005782689
2360,83.0,0.005796001
2370,83.0,0.005808294
2380,83.0,0.005824121
2390,83.0,0.00583877
2400,83.0,0.005853787
2410,83.0,0.00586771
2420,83.0,0.005881235
2430,83.0,0.005897091
2440,83.0,0.005909397
2450,83.0,0.005923724
2460,83.0,0.005937799
2470,83.0,0.005952954
2480,83.0,0.00596526
2490,83.0,0.005976417
2500,83.0,0.005987876
2510,83.0,0.006000286
2520,83.0,0.006020991
2530,83.0,0.006039725
2540,83.0,0.006054091
2550,83.0,0.006070277
2560,83.0,0.006090344
2570,83.0,0.006110643
2580,83.0,0.0061239
2590,83.0,0.006137638
2600,83.0,0.006155512
2610,83.0,0.006173471
2620,83.0,0.006227635
2630,83.0,0.006241618
2640,83.0,0.006256634
2650,83.0,0.006268723
2660,83.0,0.006281735
2670,83.0,0.00629397
2680,83.0,0.006305824
2690,83.0,0.006317095
2700,83.0,0.006327057
2710,83.0,0.006353704
2720,83.0,0.006366768
2730,83.0,0.006378213
2740,83.0,0.006396735
2750,83.0,0.006418633
2760,83.0,0.006440842
2770,83.0,0.006459152
2780,83.0,0.006470902
2790,83.0,0.006485952
2800,83.0,0.006498445
2810,83.0,0.006511126
2820,83.0,0.006524203
2830,83.0,0.006538915
2840,83.0,0.006554363
2850,83.0,0.006572413
2860,83.0,0.00659218
2870,83.0,0.006610122
2880,83.0,0.006626749
2890,83.0,0.006638487
2900,83.0,0.00665023
2910,83.0,0.006663654
2920,83.0,0.006677762
2930,83.0,0.00668949
2940,83.0,0.006701157
2950,83.0,0.006712637
2960,83.0,0.006722493
2970,83.0,0.006732273
2980,83.0,0.006742008
2990,83.0,0.006752043
3000,83.0,0.006762663
3010,83.0,0.006772872
3020,83.0,0.00678435
3030,83.0,0.006795112
3040,83.0,0.006806281
3050,83.0,0.006817122
3060,83.0,0.006827002
3070,83.0,0.006836551
3080,83.0,0.006846307
3090,83.0,0.006859019
3100,83.0,0.006874018
3110,83.0,0.006889771
3120,83.0,0.006903507
3130,83.0,0.006913509
3140,83.0,0.006925517
3150,83.0,0.00693795
3160,83.0,0.006948251
3170,83.0,0.006959492
3180,83.0,0.006971329
3190,83.0,0.006988397
3200,83.0,0.007000645
3210,83.0,0.007013965
3220,83.0,0.007025931
3230,83.0,0.007037268
3240,83.0,0.007049716
3250,83.0,0.007073904
3260,83.0,0.00708549
3270,83.0,0.007101935
3280,83.0,0.007114486
3290,83.0,0.007125984
3300,83.0,0.00714304
3310,83.0,0.007159737
3320,83.0,0.007173756
3330,83.0,0.007183928
3340,83.0,0.007197035
3350,83.0,0.007215549
3360,83.0,0.007233606
3370,83.0,0.007246061
3380,83.0,0.007258902
3390,83.0,0.00727295
3400,83.0,0.007283599
3410,83.0,0.007299556
3420,83.0,0.007310786
3430,83.0,0.007324117
3440,83.0,0.007338309
3450,83.0,0.007360404
3460,83.0,0.007384258
3470,83.0,0.007395493
3480,83.0,0.007404602
3490,83.0,0.007416458
3500,83.0,0.007430343
3510,83.0,0.007441748
3520,83.0,0.007452577
3530,83.0,0.007464845
3540,83.0,0.007477762
3550,83.0,0.007498734
3560,83.0,0.007510489
3570,83.0,0.007521676
3580,83.0,0.007534289
3590,83.0,0.007543882
3600,83.0,0.007558165
3610,83.0,0.007566762
3620,83.0,0.007577236
3630,83.0,0.00759061
3640,83.0,0.007612269
3650,83.0,0.007623979
3660,83.0,0.007635482
3670,83.0,0.007646654
3680,83.0,0.007660945
3690,83.0,0.00768579
3700,83.0,0.007697455
3710,83.0,0.007708428
3720,83.0,0.00771949
3730,83.0,0.007729297
3740,83.0,0.007739009
3750,83.0,0.007750635
3760,83.0,0.00777147
3770,83.0,0.007788888
3780,83.0,0.00780889
3790,83.0,0.007836319
3800,83.0,0.007855326
3810,83.0,0.007874999
3820,83.0,0.007920584
3830,83.0,0.007939001
3840,83.0,0.007958863
3850,83.0,0.007983264
3860,83.0,0.008003177
3870,83.0,0.008031069
3880,83.0,0.008049351
3890,83.0,0.008075874
3900,83.0,0.008129911
3910,83.0,0.008153268
3920,83.0,0.008173413
3930,83.0,0.008190808
3940,83.0,0.008202892
3950,83.0,0.008213782
3960,83.0,0.008226481
3970,83.0,0.008237117
3980,83.0,0.008258164
3990,83.0,0.008268972
4000,83.0,0.008290061
