iterations,fitness,time
0,60.0,6.4571e-05
10,64.0,9.69209999999e-05
20,68.0,0.000261163
30,68.0,0.00029257
40,68.0,0.000373936
50,69.0,0.000406125
60,73.0,0.000480146
70,73.0,0.000567756
80,73.0,0.000612956000001
90,73.0,0.000670407000001
100,73.0,0.000706824000001
110,73.0,0.000783177000001
120,73.0,0.000866154000001
130,73.0,0.000895168000001
140,73.0,0.000928874000001
150,73.0,0.000959097000001
160,73.0,0.001056857
170,73.0,0.001194452
180,73.0,0.001329647
190,73.0,0.001359414
200,75.0,0.001485488
210,75.0,0.001579816
220,75.0,0.001608507
230,75.0,0.001743784
240,75.0,0.001852135
250,75.0,0.001880374
260,75.0,0.002053194
270,75.0,0.002169549
280,75.0,0.002324566
290,75.0,0.002429332
300,77.0,0.002556776
310,79.0,0.00269016
320,79.0,0.002867416
330,79.0,0.003028096
340,79.0,0.0031607
350,79.0,0.003321836
360,79.0,0.00348509
370,79.0,0.003642489
380,79.0,0.003793938
390,79.0,0.003951259
400,79.0,0.004107561
410,81.0,0.004204879
420,81.0,0.004328963
430,81.0,0.00435238
440,81.0,0.004381669
450,81.0,0.004509928
460,81.0,0.004536142
470,81.0,0.004562106
480,81.0,0.004663098
490,81.0,0.004757666
500,81.0,0.004881193
510,81.0,0.005028408
520,81.0,0.005053556
530,81.0,0.005139757
540,81.0,0.005290912
550,81.0,0.005425592
560,81.0,0.005505286
570,81.0,0.005517966
580,81.0,0.005532596
590,81.0,0.005544924
600,81.0,0.005558792
610,81.0,0.005574434
620,81.0,0.005586742
630,81.0,0.005599899
640,81.0,0.005612436
650,81.0,0.005623786
660,81.0,0.005636689
670,81.0,0.005650483
680,81.0,0.005664212
690,81.0,0.005676616
700,81.0,0.005690471
710,81.0,0.005706416
720,81.0,0.005719007
730,81.0,0.005730891
740,81.0,0.005744099
750,81.0,0.005758091
760,81.0,0.005768397
770,81.0,0.005781052
780,81.0,0.005793177
790,81.0,0.005805071
800,81.0,0.005818273
810,81.0,0.005831393
820,81.0,0.005844816
830,81.0,0.005856735
840,81.0,0.005869127
850,81.0,0.005882413
860,81.0,0.00589505
870,81.0,0.005909713
880,81.0,0.005923975
890,81.0,0.005936894
900,81.0,0.005952132
910,81.0,0.005965135
920,81.0,0.005982169
930,81.0,0.005993574
940,81.0,0.006005469
950,81.0,0.006018844
960,81.0,0.006031466
970,81.0,0.006047939
980,81.0,0.006061747
990,81.0,0.00607427
1000,81.0,0.006160696
1010,81.0,0.006172303
1020,81.0,0.006182774
1030,81.0,0.00619364
1040,81.0,0.006204378
1050,81.0,0.006215249
1060,81.0,0.00622795
1070,81.0,0.006238823
1080,81.0,0.006253429
1090,81.0,0.006264902
1100,81.0,0.006275945
1110,81.0,0.00628754
1120,81.0,0.006301878
1130,81.0,0.006314657
1140,81.0,0.006326515
1150,81.0,0.006343167
1160,81.0,0.006352719
1170,81.0,0.006364523
1180,81.0,0.006374698
1190,81.0,0.00638631
1200,81.0,0.006398775
1210,81.0,0.006409553
1220,81.0,0.006421304
1230,81.0,0.006432314
1240,81.0,0.006444577
1250,81.0,0.006456246
1260,81.0,0.006467157
1270,81.0,0.006478937
1280,81.0,0.0064994
1290,81.0,0.006511029
1300,81.0,0.006522127
1310,81.0,0.006534314
1320,81.0,0.006545304
1330,81.0,0.006558622
1340,81.0,0.00658209
1350,81.0,0.006594086
1360,81.0,0.006606276
1370,81.0,0.006617177
1380,81.0,0.006630946
1390,81.0,0.006642981
1400,81.0,0.006656272
1410,81.0,0.006667691
1420,81.0,0.006682591
1430,81.0,0.006694174
1440,81.0,0.00670754
1450,81.0,0.006720268
1460,81.0,0.006733248
1470,81.0,0.006745204
1480,81.0,0.006757614
1490,81.0,0.006775148
1500,81.0,0.006787008
1510,81.0,0.006802455
1520,81.0,0.006812841
1530,81.0,0.006823312
1540,81.0,0.006833718
1550,81.0,0.006846098
1560,81.0,0.006857847
1570,81.0,0.006871889
1580,81.0,0.006882506
1590,81.0,0.006894833
1600,81.0,0.006908897
1610,81.0,0.006921103
1620,81.0,0.006932045
1630,81.0,0.006942957
1640,81.0,0.006953835
1650,81.0,0.006965289
1660,81.0,0.006978008
1670,81.0,0.006990171
1680,81.0,0.007001216
1690,81.0,0.007013414
1700,81.0,0.007041504
1710,81.0,0.007056802
1720,81.0,0.007072252
1730,81.0,0.00708472
1740,81.0,0.007096156
1750,81.0,0.007107701
1760,81.0,0.00712042
1770,81.0,0.007132742
1780,81.0,0.007146255
1790,81.0,0.007157505
1800,81.0,0.007170206
1810,81.0,0.007183789
1820,81.0,0.007197747
1830,81.0,0.007209832
1840,81.0,0.007220475
1850,81.0,0.007231971
1860,81.0,0.007266698
1870,81.0,0.007282412
1880,81.0,0.007297228
1890,81.0,0.007311842
1900,81.0,0.007326019
1910,81.0,0.007337541
1920,81.0,0.007352517
1930,81.0,0.007362831
1940,81.0,0.007374796
1950,81.0,0.007385674
1960,81.0,0.007397857
1970,81.0,0.007410304
1980,81.0,0.00742234
1990,81.0,0.007433853
2000,81.0,0.007445366
2010,81.0,0.007456472
2020,81.0,0.007467381
2030,81.0,0.007482594
2040,81.0,0.007504362
2050,81.0,0.007520844
2060,81.0,0.007532894
2070,81.0,0.007545313
2080,81.0,0.007559659
2090,81.0,0.0075762
2100,81.0,0.007590472
2110,81.0,0.007603235
2120,81.0,0.007618281
2130,81.0,0.007633645
2140,81.0,0.007645054
2150,81.0,0.007657158
2160,81.0,0.007670783
2170,81.0,0.007684012
2180,81.0,0.007706551
2190,81.0,0.007726389
2200,81.0,0.007746378
2210,81.0,0.007775291
2220,81.0,0.007796169
2230,81.0,0.007822487
2240,81.0,0.007844412
2250,81.0,0.007865986
2260,81.0,0.00788592
2270,81.0,0.007907854
2280,81.0,0.007927061
2290,81.0,0.007949077
2300,81.0,0.007970483
2310,81.0,0.007990211
2320,81.0,0.008001361
2330,81.0,0.00809563
2340,81.0,0.008107429
2350,81.0,0.008132392
2360,81.0,0.008144436
2370,81.0,0.008161431
2380,81.0,0.008174183
2390,81.0,0.008194265
2400,81.0,0.008206462
2410,81.0,0.008218975
2420,81.0,0.008231798
2430,81.0,0.008243707
2440,81.0,0.008254327
2450,81.0,0.00826495
2460,81.0,0.008275428
2470,81.0,0.008290104
2480,81.0,0.008304114
2490,81.0,0.00831655
2500,81.0,0.008332415
2510,81.0,0.008344487
2520,81.0,0.008357143
2530,81.0,0.008369054
2540,81.0,0.008380749
2550,81.0,0.008394373
2560,81.0,0.008405676
2570,81.0,0.00841911
2580,81.0,0.008432097
2590,81.0,0.008443311
2600,81.0,0.008457047
2610,81.0,0.008468957
2620,81.0,0.00848097
2630,81.0,0.008491463
2640,81.0,0.008501906
2650,81.0,0.008512313
2660,81.0,0.008531667
2670,81.0,0.008544194
2680,81.0,0.008556269
2690,81.0,0.008567075
2700,81.0,0.008577321
2710,81.0,0.008587475
2720,81.0,0.008597671
2730,81.0,0.008613109
2740,81.0,0.00862589
2750,81.0,0.008645155
2760,81.0,0.008659648
2770,81.0,0.008677522
2780,81.0,0.008689912
2790,81.0,0.008706504
2800,81.0,0.008718857
2810,81.0,0.008730746
2820,81.0,0.00874367
2830,81.0,0.008756397
2840,81.0,0.008768966
2850,81.0,0.008783732
2860,81.0,0.008797001
2870,81.0,0.008814
2880,81.0,0.0088238
2890,81.0,0.008833284
2900,81.0,0.008850068
2910,81.0,0.0088602
2920,81.0,0.008873
2930,81.0,0.008896222
2940,81.0,0.008911688
2950,81.0,0.008926214
2960,81.0,0.008938435
2970,81.0,0.008951931
2980,81.0,0.008965121
2990,81.0,0.008984353
3000,81.0,0.00900072499999
3010,81.0,0.00901385999999
3020,81.0,0.00902762099999
3030,81.0,0.009048762
3040,81.0,0.009061449
3050,81.0,0.009074288
3060,81.0,0.009091248
3070,81.0,0.009103648
3080,81.0,0.009115541
3090,81.0,0.00912893399999
3100,81.0,0.00913972999999
3110,81.0,0.00915011999999
3120,81.0,0.00916318499999
3130,81.0,0.00917289899999
3140,81.0,0.00918507099999
3150,81.0,0.00920034699999
3160,81.0,0.00921329499999
3170,81.0,0.00922374199999
3180,81.0,0.009236335
3190,81.0,0.00924795799999
3200,81.0,0.00927114499999
3210,81.0,0.00928661999999
3220,81.0,0.00930008099999
3230,81.0,0.00932098899999
3240,81.0,0.00933394299999
3250,81.0,0.00935144799999
3260,81.0,0.00936329999999
3270,81.0,0.00937491099999
3280,81.0,0.00938830299999
3290,81.0,0.00940181799999
3300,81.0,0.00941181599999
3310,81.0,0.00942750199999
3320,81.0,0.00943861199999
3330,81.0,0.00944859899999
3340,81.0,0.00947035499999
3350,81.0,0.00949232099999
3360,81.0,0.00950753299999
3370,81.0,0.00951667099999
3380,81.0,0.00952875599999
3390,81.0,0.00953832399999
3400,81.0,0.00956307199999
3410,81.0,0.00958405199999
3420,81.0,0.00960811299999
3430,81.0,0.00962795999999
3440,81.0,0.00964677299999
3450,81.0,0.00967550199999
3460,81.0,0.00969460599999
3470,81.0,0.00971511199999
3480,81.0,0.00973818199999
3490,81.0,0.00975765799999
3500,81.0,0.00978318799999
3510,81.0,0.00980845999999
3520,81.0,0.00983091899999
3530,81.0,0.00985155499999
3540,81.0,0.00987527599999
3550,81.0,0.00988618999999
3560,81.0,0.00989604199999
3570,81.0,0.00991346399999
3580,81.0,0.00992432299999
3590,81.0,0.00993972599999
3600,81.0,0.00995045399999
3610,81.0,0.00996188299999
3620,81.0,0.00997219899999
3630,81.0,0.00998495499999
3640,81.0,0.00999674799999
3650,81.0,0.010014822
3660,81.0,0.01003194
3670,81.0,0.010052714
3680,81.0,0.010062521
3690,81.0,0.01007209
3700,81.0,0.01008418
3710,81.0,0.010095063
3720,81.0,0.010106919
3730,81.0,0.01011559
3740,81.0,0.010133205
3750,81.0,0.010148063
3760,81.0,0.010160447
3770,81.0,0.010174409
3780,81.0,0.010183339
3790,81.0,0.010194773
3800,81.0,0.010205221
3810,81.0,0.010220715
3820,81.0,0.010232785
3830,81.0,0.010244374
3840,81.0,0.010260224
3850,81.0,0.01027631
3860,81.0,0.010289661
3870,81.0,0.010309495
3880,81.0,0.010965717
3890,81.0,0.010975664
3900,81.0,0.010987243
3910,81.0,0.010998311
3920,81.0,0.011011592
3930,81.0,0.011023195
3940,81.0,0.011036595
3950,81.0,0.01104723
3960,81.0,0.011062637
3970,81.0,0.011073374
3980,81.0,0.011083377
3990,81.0,0.011100546
4000,81.0,0.01111284
