iterations,fitness,time
0,0.150241987101,0.02327809
10,0.150241987101,0.044103644
20,0.150241987101,0.108807453
30,0.150241987101,0.343121717
40,0.158149460106,0.542904901
50,0.158149460106,0.672715177
60,0.158149460106,0.749719458
70,0.158149460106,0.867038133
80,0.158149460106,1.081862905
90,0.166935541223,1.126081828
100,0.166935541223,1.347964941
110,0.176755278942,1.539473946
120,0.176755278942,1.567243155
130,0.166935541223,1.783419622
140,0.166935541223,2.030820705
150,0.176755278942,2.119538733
160,0.176755278942,2.262695407
170,0.176755278942,2.493917822
180,0.176755278942,2.634242554
190,0.187802483876,3.070461429
200,0.200322649468,3.19159353
210,0.200322649468,3.331559463
220,0.214631410144,3.548763463
230,0.214631410144,3.731940763
240,0.231141518617,3.921947802
250,0.231141518617,4.069971333
260,0.231141518617,4.29414909
270,0.231141518617,4.58897095
280,0.250403311835,4.627086333
290,0.250403311835,4.698059057
300,0.231141518617,4.886910944
310,0.231141518617,5.031250134
320,0.231141518617,5.200919495
330,0.231141518617,5.299918538
340,0.231141518617,5.508129233
350,0.231141518617,5.539593467
360,0.250403311835,5.566281149
370,0.250403311835,5.608618555
380,0.250403311835,5.682767907
390,0.250403311835,5.900631392
400,0.250403311835,5.968107988
410,0.250403311835,6.146663148
420,0.250403311835,6.185345534
430,0.250403311835,6.40725783
440,0.250403311835,6.761820957
450,0.250403311835,6.944339066
460,0.250403311835,7.143229185
470,0.250403311835,7.29600158
480,0.250403311835,7.394582091
490,0.250403311835,7.660713713
500,0.250403311835,7.82151359
510,0.250403311835,8.014560276
520,0.250403311835,8.134749621
530,0.250403311835,8.33569725
540,0.250403311835,8.457329445
550,0.250403311835,8.624786868
560,0.250403311835,8.886287377
570,0.250403311835,8.954705577
580,0.250403311835,9.213701512
590,0.250403311835,9.387047638
600,0.273167249274,9.516025183
610,0.273167249274,9.581945081
620,0.273167249274,9.798022336
630,0.273167249274,10.04055036
640,0.273167249274,10.226508549
650,0.273167249274,10.406754695
660,0.273167249274,10.476358927
670,0.273167249274,10.662896894
680,0.273167249274,10.844710673
690,0.273167249274,11.011178069
700,0.300483974202,11.117500383
710,0.300483974202,11.137525598
720,0.300483974202,11.322607017
730,0.300483974202,11.403089423
740,0.300483974202,11.567200986
750,0.300483974202,11.701503178
760,0.300483974202,11.878858809
770,0.300483974202,11.893198147
780,0.300483974202,11.912738817
790,0.300483974202,11.954903514
800,0.300483974202,12.126562779
810,0.300483974202,12.170321647
820,0.300483974202,12.405557593
830,0.300483974202,12.627594252
840,0.300483974202,12.77735519
850,0.300483974202,12.969684428
860,0.300483974202,13.127757096
870,0.300483974202,13.266942221
880,0.300483974202,13.302109475
890,0.300483974202,13.540432644
900,0.300483974202,13.701391988
910,0.300483974202,13.785848339
920,0.300483974202,13.972435574
930,0.300483974202,14.150832063
940,0.300483974202,14.299226647
950,0.300483974202,14.313991469
960,0.300483974202,14.321777303
970,0.300483974202,14.640017865
980,0.300483974202,14.767553284
990,0.300483974202,14.953887853
1000,0.300483974202,15.036914463
1010,0.300483974202,15.176393328
1020,0.300483974202,15.371024667
1030,0.300483974202,15.502816614
1040,0.300483974202,15.642015568
1050,0.300483974202,15.790749011
1060,0.300483974202,15.926938057
1070,0.300483974202,16.126691275
1080,0.300483974202,16.261337896
1090,0.300483974202,16.440259991
1100,0.300483974202,16.614934373
1110,0.300483974202,16.730621142
1120,0.300483974202,16.961354635
1130,0.300483974202,16.981994097
1140,0.300483974202,17.203903004
1150,0.300483974202,17.360145833
1160,0.300483974202,17.543740798
1170,0.300483974202,17.680636801
1180,0.300483974202,17.84451561
1190,0.300483974202,18.031060182
1200,0.300483974202,18.217836595
1210,0.300483974202,18.460112683
1220,0.300483974202,18.500224883
1230,0.300483974202,18.74908693
1240,0.300483974202,18.854602374
1250,0.300483974202,19.107757308
1260,0.300483974202,19.374766509
1270,0.300483974202,19.5497878
1280,0.300483974202,19.795866623
1290,0.300483974202,19.821427447
1300,0.300483974202,20.08371621
1310,0.300483974202,20.321644358
1320,0.300483974202,20.45788218
1330,0.300483974202,20.582422551
1340,0.300483974202,20.677499299
1350,0.300483974202,20.875838821
1360,0.300483974202,21.0448622
1370,0.300483974202,21.240710605
1380,0.300483974202,21.374323819
1390,0.300483974202,21.514801405
1400,0.300483974202,21.728935029
1410,0.300483974202,21.912620601
1420,0.300483974202,22.13823746
1430,0.300483974202,22.210225694
1440,0.300483974202,22.35925595
1450,0.300483974202,22.536171947
1460,0.300483974202,22.670666298
1470,0.300483974202,22.936409963
1480,0.300483974202,23.180911971
1490,0.300483974202,23.377957135
1500,0.300483974202,23.482118663
1510,0.300483974202,23.601750563
1520,0.300483974202,23.802097509
1530,0.300483974202,23.972593008
1540,0.300483974202,24.111138533
1550,0.300483974202,24.271881566
1560,0.300483974202,24.488066402
1570,0.300483974202,24.686798889
1580,0.300483974202,24.864032143
1590,0.300483974202,25.074902898
1600,0.300483974202,25.359438557
1610,0.300483974202,25.477542517
1620,0.300483974202,25.624791051
1630,0.300483974202,25.766358319
1640,0.300483974202,25.993275667
1650,0.300483974202,26.157655765
1660,0.333871082446,26.262783964
1670,0.300483974202,26.527772133
1680,0.300483974202,26.555748477
1690,0.300483974202,26.821967411
1700,0.300483974202,26.987329784
1710,0.300483974202,27.172358852
1720,0.333871082446,27.372134446
1730,0.300483974202,27.476954692
1740,0.300483974202,27.596259335
1750,0.300483974202,27.82321841
1760,0.300483974202,27.84203364
1770,0.300483974202,28.036562835
1780,0.300483974202,28.065192939
1790,0.300483974202,28.306048596
1800,0.300483974202,28.410425209
1810,0.300483974202,28.593547042
1820,0.300483974202,28.764805799
1830,0.300483974202,28.976244354
1840,0.300483974202,29.158357903
1850,0.300483974202,29.24612148
1860,0.300483974202,29.517699876
1870,0.300483974202,29.815375716
1880,0.300483974202,29.834764938
1890,0.300483974202,30.038966761
1900,0.300483974202,30.138654351
1910,0.300483974202,30.326068768
1920,0.300483974202,30.526245685
1930,0.300483974202,30.696909818
1940,0.333871082446,30.935150772
1950,0.333871082446,31.117496462
1960,0.300483974202,31.26934119
1970,0.300483974202,31.575041585
1980,0.300483974202,31.762357601
1990,0.300483974202,31.869509581
2000,0.300483974202,32.029521119
2010,0.300483974202,32.342965621
2020,0.300483974202,32.535937358
2030,0.300483974202,32.556887215
2040,0.300483974202,32.738573402
2050,0.300483974202,32.866223964
2060,0.333871082446,33.239367592
2070,0.300483974202,33.374019779
2080,0.300483974202,33.52492378
2090,0.333871082446,33.703860885
2100,0.300483974202,33.87161743
2110,0.300483974202,34.000974203
2120,0.300483974202,34.12115864
2130,0.300483974202,34.318003663
2140,0.300483974202,34.405016608
2150,0.300483974202,34.551526527
2160,0.300483974202,34.677895483
2170,0.300483974202,34.820716605
2180,0.300483974202,35.004203648
2190,0.300483974202,35.130958207
2200,0.333871082446,35.214543246
2210,0.300483974202,35.332157633
2220,0.333871082446,35.460385483
2230,0.333871082446,35.561896341
2240,0.333871082446,35.635120596
2250,0.333871082446,35.777706955
2260,0.333871082446,35.944557952
2270,0.333871082446,36.05827856
2280,0.333871082446,36.141535047
2290,0.333871082446,36.250824352
2300,0.333871082446,36.393079058
2310,0.333871082446,36.498814839
2320,0.333871082446,36.626755992
2330,0.333871082446,36.721817005
2340,0.333871082446,36.892185572
2350,0.333871082446,36.988401692
2360,0.333871082446,37.089264627
2370,0.333871082446,37.183521876
2380,0.333871082446,37.2607276
2390,0.333871082446,37.338032637
2400,0.333871082446,37.439617258
2410,0.333871082446,37.514583448
2420,0.333871082446,37.602794243
2430,0.333871082446,37.74819125
2440,0.333871082446,37.878267642
2450,0.333871082446,37.995851358
2460,0.333871082446,38.130604417
2470,0.333871082446,38.139302404
2480,0.333871082446,38.256271838
2490,0.333871082446,38.324891651
2500,0.333871082446,38.472202158
2510,0.333871082446,38.622713771
2520,0.333871082446,38.730537731
2530,0.333871082446,38.870582718
2540,0.333871082446,38.990257519
2550,0.333871082446,39.114246301
2560,0.333871082446,39.181039999
2570,0.333871082446,39.277448381
2580,0.333871082446,39.283609184
2590,0.333871082446,39.367595243
2600,0.333871082446,39.488978601
2610,0.333871082446,39.618578849
2620,0.333871082446,39.782989718
2630,0.333871082446,39.912032332
2640,0.333871082446,40.040929472
2650,0.333871082446,40.177823158
2660,0.333871082446,40.316944994
2670,0.333871082446,40.398478067
2680,0.333871082446,40.577097274
2690,0.333871082446,40.701554331
2700,0.333871082446,40.751902492
2710,0.333871082446,40.870713123
2720,0.333871082446,40.948357686
2730,0.333871082446,41.05395582
2740,0.333871082446,41.181498182
2750,0.333871082446,41.298143089
2760,0.333871082446,41.42694217
2770,0.333871082446,41.553908535
2780,0.333871082446,41.678316041
2790,0.333871082446,41.825399255
2800,0.333871082446,41.978199004
2810,0.333871082446,42.125875581
2820,0.333871082446,42.259036682
2830,0.333871082446,42.378727701
2840,0.333871082446,42.542279316
2850,0.333871082446,42.621719321
2860,0.333871082446,42.739533362
2870,0.333871082446,42.887170915
2880,0.333871082446,43.021194113
2890,0.333871082446,43.08910502
2900,0.333871082446,43.190788985
2910,0.333871082446,43.330922296
2920,0.333871082446,43.457820305
2930,0.333871082446,43.607790872
2940,0.333871082446,43.729550518
2950,0.333871082446,43.873523746
2960,0.333871082446,43.957811486
2970,0.333871082446,44.014452318
2980,0.333871082446,44.022090677
2990,0.333871082446,44.108615374
3000,0.333871082446,44.252337041
3010,0.333871082446,44.376220684
3020,0.333871082446,44.540845693
3030,0.333871082446,44.673100179
3040,0.333871082446,44.754159126
3050,0.333871082446,44.831975383
3060,0.333871082446,44.995776608
3070,0.333871082446,45.128131665
3080,0.333871082446,45.242558606
3090,0.333871082446,45.352276999
3100,0.333871082446,45.399881763
3110,0.333871082446,45.547044355
3120,0.333871082446,45.668557951
3130,0.333871082446,45.804402461
3140,0.333871082446,45.898748195
3150,0.333871082446,46.054443824
3160,0.333871082446,46.200595007
3170,0.333871082446,46.330064131
3180,0.333871082446,46.452725814
3190,0.333871082446,46.586382977
3200,0.333871082446,46.667880249
3210,0.333871082446,46.826222877
3220,0.333871082446,46.955700182
3230,0.333871082446,47.115766202
3240,0.333871082446,47.20121637
3250,0.333871082446,47.288839697
3260,0.333871082446,47.437489021
3270,0.333871082446,47.600610238
3280,0.333871082446,47.697822553
3290,0.333871082446,47.790209618
3300,0.333871082446,47.940202995
3310,0.333871082446,48.058175908
3320,0.333871082446,48.180341801
3330,0.333871082446,48.303026283
3340,0.333871082446,48.434101142
3350,0.375604967752,48.550089531
3360,0.375604967752,48.672234634
3370,0.375604967752,48.794746765
3380,0.375604967752,48.905982914
3390,0.375604967752,49.024678383
3400,0.375604967752,49.179570982
3410,0.375604967752,49.28821601
3420,0.375604967752,49.429083927
3430,0.375604967752,49.620803374
3440,0.375604967752,49.714701101
3450,0.429262820288,49.84554604
3460,0.429262820288,50.014840617
3470,0.429262820288,50.139941786
3480,0.429262820288,50.271085462
3490,0.429262820288,50.328376247
3500,0.429262820288,50.486453648
3510,0.429262820288,50.647599304
3520,0.429262820288,50.773983978
3530,0.429262820288,50.92026169
3540,0.429262820288,51.009091134
3550,0.429262820288,51.160866642
3560,0.429262820288,51.295885006
3570,0.429262820288,51.437702581
3580,0.429262820288,51.57299547
3590,0.429262820288,51.703431152
3600,0.429262820288,51.820167951
3610,0.429262820288,51.950255733
3620,0.429262820288,52.097663824
3630,0.429262820288,52.23311605
3640,0.429262820288,52.355847728
3650,0.429262820288,52.4788827
3660,0.429262820288,52.60373707
3670,0.429262820288,52.742686071
3680,0.429262820288,52.869776897
3690,0.429262820288,52.991604165
3700,0.429262820288,53.0994396
3710,0.429262820288,53.280598396
3720,0.429262820288,53.392396504
3730,0.429262820288,53.503516402
3740,0.429262820288,53.638686317
3750,0.429262820288,53.765907635
3760,0.429262820288,53.897755548
3770,0.429262820288,54.022253983
3780,0.429262820288,54.067572047
3790,0.429262820288,54.216997402
3800,0.429262820288,54.305688674
3810,0.429262820288,54.399014561
3820,0.429262820288,54.568151054
3830,0.429262820288,54.702242287
3840,0.429262820288,54.846605262
3850,0.429262820288,54.960230868
3860,0.429262820288,55.036607546
3870,0.429262820288,55.218752797
3880,0.429262820288,55.335470121
3890,0.429262820288,55.482089309
3900,0.429262820288,55.600423391
3910,0.429262820288,55.696591663
3920,0.429262820288,55.775882457
3930,0.429262820288,55.894861424
3940,0.429262820288,55.985565793
3950,0.429262820288,56.076806226
3960,0.429262820288,56.126959861
3970,0.429262820288,56.226867969
3980,0.429262820288,56.311023025
3990,0.429262820288,56.413695326
4000,0.429262820288,56.443130366
