iterations,fitness,time
0,0.152397387182,0.024477343
10,0.152397387182,0.092006933
20,0.160418302296,0.235085718
30,0.160418302296,0.481606145
40,0.179291043743,0.501938586
50,0.179291043743,0.518124636
60,0.179291043743,0.530643594
70,0.179291043743,0.743358522
80,0.203196516242,0.925442791
90,0.217710553116,1.142411191
100,0.217710553116,1.162351879
110,0.217710553116,1.240521142
120,0.217710553116,1.35080542
130,0.217710553116,1.521210511
140,0.234457518741,1.748826212
150,0.234457518741,1.970661849
160,0.203196516242,2.240499092
170,0.203196516242,2.331773089
180,0.203196516242,2.676272798
190,0.190496733977,2.870879792
200,0.190496733977,3.076960771
210,0.203196516242,3.319276915
220,0.190496733977,3.329744567
230,0.190496733977,3.352940603
240,0.190496733977,3.519387411
250,0.203196516242,3.591977725
260,0.234457518741,3.636273165
270,0.234457518741,3.640256123
280,0.234457518741,3.770266371
290,0.234457518741,3.991577023
300,0.234457518741,4.413096923
310,0.203196516242,4.433863096
320,0.203196516242,4.451627687
330,0.203196516242,4.454943557
340,0.203196516242,4.46617431
350,0.217710553116,4.704391086
360,0.234457518741,4.786044761
370,0.234457518741,4.92450623
380,0.234457518741,5.162774112
390,0.217710553116,5.370300829
400,0.217710553116,5.576106539
410,0.234457518741,5.69465564
420,0.253995645303,5.70152214
430,0.253995645303,5.816174898
440,0.277086158512,6.050228466
450,0.277086158512,6.224999297
460,0.277086158512,6.42909494
470,0.277086158512,6.633241105
480,0.277086158512,6.822123808
490,0.277086158512,6.945703201
500,0.277086158512,7.145445178
510,0.277086158512,7.242663831
520,0.304794774363,7.485440619
530,0.304794774363,7.747980739
540,0.304794774363,7.981093515
550,0.304794774363,8.116176014
560,0.304794774363,8.184446132
570,0.277086158512,8.373422681
580,0.304794774363,8.504343759
590,0.304794774363,8.708167193
600,0.304794774363,8.871827563
610,0.304794774363,8.956377548
620,0.304794774363,9.112972844
630,0.304794774363,9.349481475
640,0.304794774363,9.368345304
650,0.304794774363,9.560428991
660,0.304794774363,9.596219881
670,0.304794774363,9.903316741
680,0.304794774363,10.157926222
690,0.338660860403,10.16899051
700,0.304794774363,10.174874671
710,0.277086158512,10.359365062
720,0.253995645303,10.580787457
730,0.253995645303,10.600881293
740,0.253995645303,10.837395537
750,0.253995645303,11.054451703
760,0.253995645303,11.185081856
770,0.253995645303,11.376270895
780,0.277086158512,11.529979399
790,0.304794774363,11.679220767
800,0.277086158512,11.774622158
810,0.277086158512,11.963871262
820,0.277086158512,12.179751924
830,0.253995645303,12.340254223
840,0.253995645303,12.410427018
850,0.277086158512,12.578739875
860,0.277086158512,12.7793283
870,0.277086158512,12.942094539
880,0.277086158512,13.090206024
890,0.277086158512,13.302786841
900,0.304794774363,13.440940225
910,0.304794774363,13.725057928
920,0.304794774363,13.858628545
930,0.304794774363,14.002469599
940,0.304794774363,14.116312657
950,0.304794774363,14.468084542
960,0.338660860403,14.51313562
970,0.304794774363,14.527153727
980,0.304794774363,14.71552332
990,0.338660860403,14.912523492
1000,0.338660860403,15.080200977
1010,0.277086158512,15.236851538
1020,0.304794774363,15.433907535
1030,0.338660860403,15.439226935
1040,0.338660860403,15.490891031
1050,0.338660860403,15.670769715
1060,0.338660860403,15.909840038
1070,0.338660860403,16.087776705
1080,0.338660860403,16.21137203
1090,0.380993467954,16.351347751
1100,0.435421106233,16.364448148
1110,0.507991290605,16.540778719
1120,0.609589548726,16.788624774
1130,0.609589548726,16.95229021
1140,0.507991290605,17.133265035
1150,0.507991290605,17.25264908
1160,0.609589548726,17.331178758
1170,0.507991290605,17.549934908
1180,0.507991290605,17.696146457
1190,0.609589548726,17.723844565
1200,0.507991290605,17.979625009
1210,0.507991290605,18.108720194
1220,0.507991290605,18.222303477
1230,0.609589548726,18.418932506
1240,0.507991290605,18.622052038
1250,0.507991290605,18.783131755
1260,0.507991290605,18.890035521
1270,0.507991290605,19.111742351
1280,0.507991290605,19.298806551
1290,0.507991290605,19.456839047
1300,0.507991290605,19.544639831
1310,0.507991290605,19.765187018
1320,0.609589548726,19.890715971
1330,0.507991290605,19.893200034
1340,0.507991290605,20.033423351
1350,0.609589548726,20.038958293
1360,0.507991290605,20.151377486
1370,0.507991290605,20.381789841
1380,0.507991290605,20.479023204
1390,0.507991290605,20.493799734
1400,0.507991290605,20.620657078
1410,0.507991290605,20.63907762
1420,0.507991290605,20.949217789
1430,0.507991290605,21.154878638
1440,0.507991290605,21.238183973
1450,0.507991290605,21.433748964
1460,0.609589548726,21.657607763
1470,0.609589548726,21.721464477
1480,0.609589548726,21.723523511
1490,0.609589548726,21.850591032
1500,0.609589548726,22.031524157
1510,0.609589548726,22.148852949
1520,0.609589548726,22.221249406
1530,0.609589548726,22.562118354
1540,0.609589548726,22.717955206
1550,0.609589548726,22.848891545
1560,0.609589548726,23.080323612
1570,0.609589548726,23.189886583
1580,0.609589548726,23.367086744
1590,0.609589548726,23.580816893
1600,0.609589548726,23.758080756
1610,0.609589548726,23.931962598
1620,0.609589548726,24.052852442
1630,0.609589548726,24.185270912
1640,0.609589548726,24.273646253
1650,0.609589548726,24.41011005
1660,0.609589548726,24.808073408
1670,0.609589548726,24.956382789
1680,0.609589548726,25.17561016
1690,0.609589548726,25.280920175
1700,0.609589548726,25.442129645
1710,0.609589548726,25.567615376
1720,0.609589548726,25.721984712
1730,0.609589548726,25.809547588
1740,0.609589548726,25.923199506
1750,0.609589548726,26.038689719
1760,0.609589548726,26.182133874
1770,0.609589548726,26.408735754
1780,0.609589548726,26.62345538
1790,0.609589548726,26.788294392
1800,0.609589548726,26.790864424
1810,0.609589548726,26.92709621
1820,0.609589548726,26.99890709
1830,0.609589548726,27.005536955
1840,0.609589548726,27.007482486
1850,0.609589548726,27.11898514
1860,0.609589548726,27.237502481
1870,0.609589548726,27.314459277
1880,0.609589548726,27.447619266
1890,0.609589548726,27.717188892
1900,0.609589548726,27.907942096
1910,0.609589548726,27.993438828
1920,0.609589548726,28.097846763
1930,0.609589548726,28.250101214
1940,0.609589548726,28.493269046
1950,0.609589548726,28.555503519
1960,0.609589548726,28.558179636
1970,0.609589548726,28.721262884
1980,0.609589548726,28.869018465
1990,0.609589548726,28.881674104
2000,0.609589548726,29.049450599
2010,0.609589548726,29.125996756
2020,0.609589548726,29.312018507
2030,0.609589548726,29.443251327
2040,0.609589548726,29.478079327
2050,0.507991290605,29.75980111
2060,0.507991290605,29.883031716
2070,0.507991290605,30.132881009
2080,0.507991290605,30.21999837
2090,0.507991290605,30.370157951
2100,0.507991290605,30.457598706
2110,0.609589548726,30.540450672
2120,0.507991290605,30.745518925
2130,0.507991290605,30.947699729
2140,0.507991290605,31.098701827
2150,0.507991290605,31.294762703
2160,0.507991290605,31.449516623
2170,0.609589548726,31.630422717
2180,0.507991290605,31.892176453
2190,0.507991290605,32.01957968
2200,0.507991290605,32.163026223
2210,0.507991290605,32.251506473
2220,0.507991290605,32.40050855
2230,0.507991290605,32.623120571
2240,0.507991290605,32.722353204
2250,0.507991290605,32.956977312
2260,0.507991290605,33.120467141
2270,0.507991290605,33.317197355
2280,0.435421106233,33.532695349
2290,0.507991290605,33.726861299
2300,0.435421106233,33.904588626
2310,0.435421106233,34.041348009
2320,0.435421106233,34.23462594
2330,0.435421106233,34.251460261
2340,0.507991290605,34.60033811
2350,0.507991290605,34.772932478
2360,0.507991290605,34.974904156
2370,0.507991290605,35.194010868
2380,0.507991290605,35.327407467
2390,0.507991290605,35.452180698
2400,0.507991290605,35.751432669
2410,0.507991290605,35.934636181
2420,0.507991290605,36.093734793
2430,0.507991290605,36.228716072
2440,0.507991290605,36.432997495
2450,0.507991290605,36.62565369
2460,0.507991290605,36.705687397
2470,0.507991290605,36.941243788
2480,0.507991290605,37.090241942
2490,0.507991290605,37.287391737
2500,0.507991290605,37.372254645
2510,0.507991290605,37.573895001
2520,0.507991290605,37.729388493
2530,0.507991290605,37.94803113
2540,0.507991290605,38.201643059
2550,0.507991290605,38.271801428
2560,0.507991290605,38.555435611
2570,0.507991290605,38.73284116
2580,0.507991290605,38.859224395
2590,0.507991290605,39.070273045
2600,0.507991290605,39.291447469
2610,0.507991290605,39.427584559
2620,0.507991290605,39.567251542
2630,0.507991290605,39.686726928
2640,0.507991290605,39.787994049
2650,0.507991290605,40.101246749
2660,0.507991290605,40.31361545
2670,0.507991290605,40.53864075
2680,0.507991290605,40.751448798
2690,0.507991290605,40.818611409
2700,0.507991290605,40.995578834
2710,0.507991290605,41.238565744
2720,0.507991290605,41.4203619
2730,0.435421106233,41.622451097
2740,0.435421106233,41.82028307
2750,0.435421106233,41.835006725
2760,0.435421106233,42.002828316
2770,0.435421106233,42.10984212
2780,0.435421106233,42.344280345
2790,0.435421106233,42.561959914
2800,0.507991290605,42.674317437
2810,0.435421106233,42.874968236
2820,0.380993467954,43.001690545
2830,0.380993467954,43.149617507
2840,0.380993467954,43.153598929
2850,0.380993467954,43.258415492
2860,0.435421106233,43.446004863
2870,0.435421106233,43.478337103
2880,0.435421106233,43.711766201
2890,0.435421106233,43.730620309
2900,0.435421106233,43.950166409
2910,0.507991290605,44.215915546
2920,0.507991290605,44.472638267
2930,0.435421106233,44.633660534
2940,0.380993467954,44.90672579
2950,0.380993467954,45.028867563
2960,0.380993467954,45.247349667
2970,0.380993467954,45.449384735
2980,0.338660860403,45.683269856
2990,0.380993467954,45.898253859
3000,0.435421106233,46.070092996
3010,0.435421106233,46.286333376
3020,0.435421106233,46.525759474
3030,0.435421106233,46.669522814
3040,0.435421106233,46.93601178
3050,0.435421106233,47.206292482
3060,0.435421106233,47.363129552
3070,0.435421106233,47.575010235
3080,0.435421106233,47.737920412
3090,0.435421106233,47.820556292
3100,0.380993467954,48.01312714
3110,0.380993467954,48.152001448
3120,0.380993467954,48.291966092
3130,0.435421106233,48.516423558
3140,0.435421106233,48.719898699
3150,0.435421106233,48.947629447
3160,0.435421106233,48.949402003
3170,0.435421106233,48.951039805
3180,0.435421106233,49.106834584
3190,0.435421106233,49.413916076
3200,0.507991290605,49.587990122
3210,0.507991290605,49.6605717
3220,0.435421106233,49.864541618
3230,0.435421106233,50.011750016
3240,0.380993467954,50.189621682
3250,0.380993467954,50.376944252
3260,0.435421106233,50.576519379
3270,0.435421106233,50.763053573
3280,0.435421106233,51.017468048
3290,0.435421106233,51.19908215
3300,0.435421106233,51.308463202
3310,0.507991290605,51.417155303
3320,0.507991290605,51.550305687
3330,0.507991290605,51.672182366
3340,0.507991290605,51.749899178
3350,0.507991290605,51.980298491
3360,0.507991290605,52.094562819
3370,0.507991290605,52.279711477
3380,0.507991290605,52.499554859
3390,0.507991290605,52.618034757
3400,0.507991290605,52.812184931
3410,0.507991290605,52.941559211
3420,0.507991290605,52.97317773
3430,0.507991290605,53.302248561
3440,0.507991290605,53.450292817
3450,0.507991290605,53.464691347
3460,0.507991290605,53.473241495
3470,0.507991290605,53.675142786
3480,0.507991290605,53.944389355
3490,0.507991290605,54.06767375
3500,0.507991290605,54.267732084
3510,0.507991290605,54.408038829
3520,0.507991290605,54.629485055
3530,0.507991290605,54.801291133
3540,0.507991290605,54.864679219
3550,0.507991290605,54.950076078
3560,0.507991290605,55.06667371
3570,0.507991290605,55.281353029
3580,0.507991290605,55.379394284
3590,0.507991290605,55.50411239
3600,0.507991290605,55.577424422
3610,0.507991290605,55.725296265
3620,0.507991290605,56.014223495
3630,0.507991290605,56.175293486
3640,0.507991290605,56.46160551
3650,0.507991290605,56.477146689
3660,0.507991290605,56.579912255
3670,0.507991290605,56.647714147
3680,0.507991290605,56.914550201
3690,0.507991290605,57.075468123
3700,0.507991290605,57.21554099
3710,0.507991290605,57.401034422
3720,0.507991290605,57.587369911
3730,0.507991290605,57.590813861
3740,0.507991290605,57.696649623
3750,0.507991290605,57.801610203
3760,0.507991290605,58.026016135
3770,0.507991290605,58.189023322
3780,0.507991290605,58.348570437
3790,0.507991290605,58.52213805
3800,0.507991290605,58.725400701
3810,0.507991290605,58.924455598
3820,0.507991290605,59.044589617
3830,0.507991290605,59.233010595
3840,0.507991290605,59.431904596
3850,0.507991290605,59.482993105
3860,0.507991290605,59.694720489
3870,0.507991290605,59.807490284
3880,0.507991290605,59.881792408
3890,0.507991290605,60.144918603
3900,0.609589548726,60.24579484
3910,0.609589548726,60.427237082
3920,0.609589548726,60.576253665
3930,0.609589548726,60.697348755
3940,0.609589548726,60.81319517
3950,0.609589548726,60.972627213
3960,0.609589548726,61.082588638
3970,0.609589548726,61.086890758
3980,0.609589548726,61.146680746
3990,0.609589548726,61.226919236
4000,0.609589548726,61.375993062
