iterations,fitness,time
0,0.150241987101,0.021012533
10,0.150241987101,0.102907638
20,0.158149460106,0.209787452
30,0.166935541223,0.38809191
40,0.166935541223,0.487911736
50,0.166935541223,0.64176517
60,0.166935541223,0.775371504
70,0.166935541223,0.935854042
80,0.176755278942,1.023585844
90,0.176755278942,1.233361112
100,0.176755278942,1.407782744
110,0.176755278942,1.530868739
120,0.187802483876,1.669576719
130,0.176755278942,1.816876574
140,0.187802483876,1.960984538
150,0.200322649468,2.115191709
160,0.200322649468,2.365296567
170,0.214631410144,2.479238803
180,0.214631410144,2.811482301
190,0.214631410144,2.973764561
200,0.200322649468,3.142116697
210,0.214631410144,3.243453882
220,0.214631410144,3.426196532
230,0.200322649468,3.61268936
240,0.200322649468,3.803833133
250,0.214631410144,3.995814864
260,0.200322649468,4.140054395
270,0.200322649468,4.259777664
280,0.200322649468,4.48390114
290,0.231141518617,4.549641607
300,0.231141518617,4.727391652
310,0.231141518617,4.88663463
320,0.231141518617,5.066942888
330,0.231141518617,5.293850716
340,0.231141518617,5.389096969
350,0.231141518617,5.439024408
360,0.250403311835,5.529911357
370,0.250403311835,5.686359018
380,0.250403311835,5.87354316
390,0.250403311835,5.964512644
400,0.250403311835,6.081902579
410,0.250403311835,6.14649993
420,0.250403311835,6.216638523
430,0.250403311835,6.345644297
440,0.250403311835,6.698345534
450,0.250403311835,6.840701695
460,0.250403311835,7.030068204
470,0.273167249274,7.1633626
480,0.250403311835,7.336002218
490,0.250403311835,7.498550983
500,0.250403311835,7.615817668
510,0.250403311835,7.740758173
520,0.250403311835,7.887174212
530,0.250403311835,8.00566673
540,0.273167249274,8.190907604
550,0.250403311835,8.385956037
560,0.250403311835,8.559285519
570,0.250403311835,8.693054196
580,0.250403311835,8.792704002
590,0.250403311835,8.98685018
600,0.250403311835,9.180808402
610,0.250403311835,9.369457029
620,0.250403311835,9.583596367
630,0.250403311835,9.719881228
640,0.250403311835,9.982694016
650,0.273167249274,10.084254736
660,0.300483974202,10.2053838
670,0.250403311835,10.39760426
680,0.250403311835,10.520798288
690,0.250403311835,10.782663366
700,0.250403311835,10.85444284
710,0.250403311835,10.955652619
720,0.250403311835,11.116814646
730,0.250403311835,11.2656097
740,0.273167249274,11.469444023
750,0.273167249274,11.620447969
760,0.273167249274,11.807159205
770,0.273167249274,11.883300185
780,0.273167249274,11.904444494
790,0.273167249274,11.924183494
800,0.273167249274,11.951931066
810,0.273167249274,12.336086346
820,0.273167249274,12.519110279
830,0.273167249274,12.562890459
840,0.273167249274,12.686807623
850,0.300483974202,12.795214135
860,0.273167249274,12.929637562
870,0.273167249274,13.001016597
880,0.273167249274,13.132516582
890,0.273167249274,13.323882853
900,0.273167249274,13.47302812
910,0.273167249274,13.694655913
920,0.273167249274,13.873662907
930,0.273167249274,13.97611352
940,0.273167249274,14.241593186
950,0.273167249274,14.449142685
960,0.273167249274,14.471987348
970,0.273167249274,14.752833674
980,0.273167249274,14.964474299
990,0.273167249274,15.109664843
1000,0.273167249274,15.309288477
1010,0.273167249274,15.374215064
1020,0.273167249274,15.562924497
1030,0.273167249274,15.715590339
1040,0.273167249274,15.812599562
1050,0.273167249274,16.108028691
1060,0.273167249274,16.273828055
1070,0.273167249274,16.574853785
1080,0.273167249274,16.65059711
1090,0.273167249274,16.674106713
1100,0.273167249274,16.992558366
1110,0.273167249274,17.173877703
1120,0.273167249274,17.348891423
1130,0.273167249274,17.594578946
1140,0.273167249274,17.75115943
1150,0.273167249274,17.914638985
1160,0.300483974202,18.167122104
1170,0.273167249274,18.362348081
1180,0.273167249274,18.465152762
1190,0.273167249274,18.67550049
1200,0.273167249274,18.833810885
1210,0.273167249274,19.075715971
1220,0.273167249274,19.112596683
1230,0.273167249274,19.304213837
1240,0.300483974202,19.483383259
1250,0.300483974202,19.657954214
1260,0.300483974202,19.917284252
1270,0.300483974202,20.130758508
1280,0.300483974202,20.250802265
1290,0.300483974202,20.451060251
1300,0.300483974202,20.563040718
1310,0.300483974202,20.743936165
1320,0.300483974202,20.763388511
1330,0.300483974202,20.966801929
1340,0.300483974202,21.149027057
1350,0.300483974202,21.318626026
1360,0.300483974202,21.484755788
1370,0.300483974202,21.689672241
1380,0.300483974202,21.8753969
1390,0.300483974202,21.991899447
1400,0.300483974202,22.13270323
1410,0.300483974202,22.258029686
1420,0.300483974202,22.383377223
1430,0.300483974202,22.553327696
1440,0.300483974202,22.711977811
1450,0.300483974202,22.90819367
1460,0.300483974202,22.998047669
1470,0.300483974202,23.16560025
1480,0.300483974202,23.441781676
1490,0.300483974202,23.579782045
1500,0.300483974202,23.778181877
1510,0.300483974202,23.959915073
1520,0.300483974202,24.063669651
1530,0.375604967752,24.169725829
1540,0.300483974202,24.402362808
1550,0.300483974202,24.651330389
1560,0.300483974202,24.76762792
1570,0.300483974202,24.896189862
1580,0.300483974202,25.04339262
1590,0.300483974202,25.198211642
1600,0.300483974202,25.413252145
1610,0.300483974202,25.551253175
1620,0.300483974202,25.770650022
1630,0.300483974202,25.956048202
1640,0.300483974202,26.215023874
1650,0.300483974202,26.431789085
1660,0.300483974202,26.644481003
1670,0.300483974202,26.746905278
1680,0.300483974202,26.770387228
1690,0.300483974202,26.904028618
1700,0.300483974202,27.177603565
1710,0.333871082446,27.425149109
1720,0.333871082446,27.663351625
1730,0.300483974202,27.758816977
1740,0.333871082446,27.911731437
1750,0.333871082446,28.08825492
1760,0.333871082446,28.152909436
1770,0.333871082446,28.37830361
1780,0.375604967752,28.538973743
1790,0.375604967752,28.699871589
1800,0.375604967752,28.893312115
1810,0.375604967752,29.164338127
1820,0.375604967752,29.361942181
1830,0.375604967752,29.40791579
1840,0.429262820288,29.610469236
1850,0.375604967752,29.876510126
1860,0.429262820288,30.143943511
1870,0.375604967752,30.465676522
1880,0.375604967752,30.569571663
1890,0.375604967752,30.626605679
1900,0.375604967752,30.731127689
1910,0.375604967752,30.975513977
1920,0.375604967752,31.177313678
1930,0.375604967752,31.294556041
1940,0.375604967752,31.582017076
1950,0.375604967752,31.644830737
1960,0.429262820288,31.660012986
1970,0.375604967752,31.676449572
1980,0.375604967752,31.690219478
1990,0.375604967752,31.70465472
2000,0.375604967752,32.063206423
2010,0.375604967752,32.327256365
2020,0.375604967752,32.504399848
2030,0.375604967752,32.778739373
2040,0.375604967752,32.800721823
2050,0.375604967752,33.241426751
2060,0.375604967752,33.360335964
2070,0.375604967752,33.499619568
2080,0.375604967752,33.636272694
2090,0.375604967752,33.841841239
2100,0.375604967752,33.917336124
2110,0.375604967752,34.122642721
2120,0.375604967752,34.25641571
2130,0.375604967752,34.317132511
2140,0.375604967752,34.435688194
2150,0.375604967752,34.525909035
2160,0.375604967752,34.685793959
2170,0.375604967752,34.754755557
2180,0.375604967752,34.943819681
2190,0.375604967752,35.082963247
2200,0.375604967752,35.215630694
2210,0.375604967752,35.220290293
2220,0.375604967752,35.290624834
2230,0.375604967752,35.38400131
2240,0.375604967752,35.411059335
2250,0.375604967752,35.436661766
2260,0.429262820288,35.68817622
2270,0.429262820288,35.878613767
2280,0.429262820288,35.996684715
2290,0.429262820288,36.134368173
2300,0.429262820288,36.280355699
2310,0.429262820288,36.423669658
2320,0.429262820288,36.549192426
2330,0.429262820288,36.657904771
2340,0.429262820288,36.834484822
2350,0.429262820288,36.92725594
2360,0.429262820288,37.013940716
2370,0.429262820288,37.123596455
2380,0.429262820288,37.214014231
2390,0.429262820288,37.335201802
2400,0.429262820288,37.442158288
2410,0.429262820288,37.596876985
2420,0.429262820288,37.705922941
2430,0.429262820288,37.787278842
2440,0.429262820288,37.946540068
2450,0.429262820288,38.027579019
2460,0.429262820288,38.203476688
2470,0.429262820288,38.349999129
2480,0.429262820288,38.442890588
2490,0.429262820288,38.535597501
2500,0.429262820288,38.701310278
2510,0.429262820288,38.806087236
2520,0.429262820288,38.904762972
2530,0.429262820288,39.078829897
2540,0.429262820288,39.21639954
2550,0.429262820288,39.311670365
2560,0.429262820288,39.516629181
2570,0.429262820288,39.630307163
2580,0.429262820288,39.764505012
2590,0.429262820288,39.906281645
2600,0.429262820288,40.001941495
2610,0.429262820288,40.119829335
2620,0.429262820288,40.256165505
2630,0.500806623669,40.411945984
2640,0.500806623669,40.569589132
2650,0.500806623669,40.756183884
2660,0.500806623669,40.861707557
2670,0.500806623669,41.005444453
2680,0.500806623669,41.123406407
2690,0.500806623669,41.17805748
2700,0.500806623669,41.241910608
2710,0.500806623669,41.287317837
2720,0.500806623669,41.292687963
2730,0.500806623669,41.409723219
2740,0.500806623669,41.434050948
2750,0.500806623669,41.442906077
2760,0.500806623669,41.575009855
2770,0.500806623669,41.755246881
2780,0.500806623669,41.841703552
2790,0.500806623669,41.986771998
2800,0.500806623669,42.089137833
2810,0.500806623669,42.17267476
2820,0.500806623669,42.176051823
2830,0.500806623669,42.178198922
2840,0.500806623669,42.182420394
2850,0.500806623669,42.377662998
2860,0.500806623669,42.475473415
2870,0.500806623669,42.577864727
2880,0.500806623669,42.736990816
2890,0.500806623669,42.884980971
2900,0.500806623669,42.960373097
2910,0.500806623669,43.107740368
2920,0.500806623669,43.123847845
2930,0.500806623669,43.287948629
2940,0.500806623669,43.347489355
2950,0.500806623669,43.415640843
2960,0.500806623669,43.524374466
2970,0.500806623669,43.629301389
2980,0.500806623669,43.761433909
2990,0.500806623669,43.930635897
3000,0.500806623669,44.043929879
3010,0.500806623669,44.124351216
3020,0.500806623669,44.222950145
3030,0.500806623669,44.294486502
3040,0.500806623669,44.428606573
3050,0.500806623669,44.546023957
3060,0.500806623669,44.604672829
3070,0.500806623669,44.72977488
3080,0.500806623669,44.879624401
3090,0.500806623669,44.971550545
3100,0.500806623669,45.074694324
3110,0.500806623669,45.220580974
3120,0.500806623669,45.378251165
3130,0.500806623669,45.496137347
3140,0.500806623669,45.586026867
3150,0.500806623669,45.684173173
3160,0.500806623669,45.843059638
3170,0.500806623669,45.952533221
3180,0.500806623669,46.076567213
3190,0.500806623669,46.227602436
3200,0.500806623669,46.347203469
3210,0.500806623669,46.457093471
3220,0.500806623669,46.550751095
3230,0.500806623669,46.661864675
3240,0.500806623669,46.789224316
3250,0.500806623669,46.87743769
3260,0.500806623669,47.039066493
3270,0.500806623669,47.131652113
3280,0.500806623669,47.319488403
3290,0.500806623669,47.429123774
3300,0.500806623669,47.559379265
3310,0.500806623669,47.682427353
3320,0.500806623669,47.813280141
3330,0.500806623669,47.930445429
3340,0.500806623669,48.055886427
3350,0.500806623669,48.176460542
3360,0.500806623669,48.289420652
3370,0.500806623669,48.43261879
3380,0.500806623669,48.548686064
3390,0.500806623669,48.633218918
3400,0.500806623669,48.77611958
3410,0.500806623669,48.870834298
3420,0.500806623669,49.025077747
3430,0.500806623669,49.146398765
3440,0.500806623669,49.271288732
3450,0.500806623669,49.356880174
3460,0.500806623669,49.481192449
3470,0.500806623669,49.586757449
3480,0.500806623669,49.719582919
3490,0.500806623669,49.855750353
3500,0.500806623669,49.948951988
3510,0.500806623669,50.053754925
3520,0.500806623669,50.174582436
3530,0.500806623669,50.297343038
3540,0.500806623669,50.439425836
3550,0.500806623669,50.58248286
3560,0.500806623669,50.691121803
3570,0.500806623669,50.825094613
3580,0.500806623669,50.880476049
3590,0.500806623669,51.030531468
3600,0.500806623669,51.165892978
3610,0.500806623669,51.280107523
3620,0.500806623669,51.409708154
3630,0.500806623669,51.512365993
3640,0.500806623669,51.618784875
3650,0.500806623669,51.748356962
3660,0.500806623669,51.904630452
3670,0.500806623669,52.02336601
3680,0.500806623669,52.134479169
3690,0.500806623669,52.289136012
3700,0.500806623669,52.440237502
3710,0.500806623669,52.573048671
3720,0.500806623669,52.69730334
3730,0.500806623669,52.802989663
3740,0.500806623669,52.956053396
3750,0.500806623669,53.052221065
3760,0.500806623669,53.210883311
3770,0.500806623669,53.343184505
3780,0.500806623669,53.408304305
3790,0.500806623669,53.546227704
3800,0.500806623669,53.718189946
3810,0.500806623669,53.804072213
3820,0.500806623669,53.963422879
3830,0.500806623669,54.052591821
3840,0.500806623669,54.174680333
3850,0.500806623669,54.2424127
3860,0.500806623669,54.431874425
3870,0.500806623669,54.580822158
3880,0.500806623669,54.678645701
3890,0.500806623669,54.86254395
3900,0.500806623669,54.882788139
3910,0.500806623669,55.056308998
3920,0.500806623669,55.180187516
3930,0.500806623669,55.299912975
3940,0.500806623669,55.40525927
3950,0.500806623669,55.515060669
3960,0.500806623669,55.594770486
3970,0.500806623669,55.711251867
3980,0.500806623669,55.790537191
3990,0.500806623669,55.899672095
4000,0.500806623669,55.979280207
