iterations,fitness,time
0,0.158149460106,0.029619112
10,0.158149460106,0.152297893
20,0.158149460106,0.300469996
30,0.158149460106,0.40746736
40,0.187802483876,0.581515827
50,0.187802483876,0.762428427
60,0.214631410144,0.921642311
70,0.214631410144,1.071867127
80,0.231141518617,1.199669433
90,0.214631410144,1.329768046
100,0.231141518617,1.412515095
110,0.214631410144,1.604311594
120,0.231141518617,1.772321394
130,0.214631410144,1.92184383
140,0.231141518617,2.100400381
150,0.231141518617,2.275470245
160,0.250403311835,2.393465578
170,0.231141518617,2.612464753
180,0.231141518617,2.743341348
190,0.231141518617,2.798273702
200,0.231141518617,3.122086243
210,0.273167249274,3.270265821
220,0.273167249274,3.367830665
230,0.273167249274,3.51055707
240,0.273167249274,3.63317914
250,0.273167249274,3.812642105
260,0.273167249274,3.85191885
270,0.273167249274,4.065879494
280,0.273167249274,4.245559617
290,0.273167249274,4.398562933
300,0.273167249274,4.548248116
310,0.273167249274,4.712025697
320,0.273167249274,4.822644312
330,0.273167249274,5.003533191
340,0.273167249274,5.174021749
350,0.273167249274,5.345807867
360,0.273167249274,5.483061055
370,0.273167249274,5.669198975
380,0.273167249274,5.715063266
390,0.273167249274,5.746228746
400,0.273167249274,5.902732812
410,0.273167249274,5.918370317
420,0.273167249274,6.06260763
430,0.300483974202,6.166748193
440,0.300483974202,6.366920735
450,0.333871082446,6.478736262
460,0.300483974202,6.835469981
470,0.300483974202,7.039237114
480,0.300483974202,7.184054507
490,0.300483974202,7.301031344
500,0.333871082446,7.464397518
510,0.333871082446,7.613836827
520,0.333871082446,7.773603204
530,0.333871082446,7.957944578
540,0.333871082446,8.149997395
550,0.333871082446,8.278092041
560,0.333871082446,8.418341175
570,0.375604967752,8.604106569
580,0.333871082446,8.810527111
590,0.333871082446,8.940434529
600,0.333871082446,9.089105427
610,0.333871082446,9.348081333
620,0.333871082446,9.475247046
630,0.333871082446,9.666183155
640,0.333871082446,9.804141213
650,0.333871082446,9.976257931
660,0.333871082446,10.163894018
670,0.333871082446,10.400621639
680,0.333871082446,10.55150239
690,0.333871082446,10.786036888
700,0.333871082446,10.950516918
710,0.333871082446,11.201660964
720,0.333871082446,11.313255288
730,0.333871082446,11.431886691
740,0.333871082446,11.660951366
750,0.333871082446,11.69227763
760,0.333871082446,12.014424466
770,0.375604967752,12.118282965
780,0.333871082446,12.133215587
790,0.333871082446,12.148344455
800,0.333871082446,12.305890468
810,0.333871082446,12.444234388
820,0.333871082446,12.525257314
830,0.333871082446,12.543825729
840,0.333871082446,12.78180137
850,0.333871082446,12.965278486
860,0.333871082446,12.983260665
870,0.333871082446,13.163085665
880,0.333871082446,13.182458976
890,0.333871082446,13.452924496
900,0.333871082446,13.584247841
910,0.333871082446,13.805019238
920,0.333871082446,13.925849969
930,0.333871082446,14.107778874
940,0.333871082446,14.314783148
950,0.333871082446,14.326283145
960,0.333871082446,14.449329151
970,0.333871082446,14.471388595
980,0.333871082446,14.789533358
990,0.333871082446,14.952809889
1000,0.333871082446,15.320869193
1010,0.333871082446,15.483222058
1020,0.333871082446,15.635166792
1030,0.333871082446,15.797085693
1040,0.333871082446,16.000559542
1050,0.333871082446,16.223922139
1060,0.333871082446,16.364057506
1070,0.375604967752,16.543965174
1080,0.375604967752,16.695988992
1090,0.375604967752,16.921385067
1100,0.375604967752,17.153181065
1110,0.375604967752,17.348372155
1120,0.375604967752,17.559776192
1130,0.375604967752,17.653090186
1140,0.375604967752,17.806068121
1150,0.375604967752,17.927970247
1160,0.375604967752,18.018615786
1170,0.375604967752,18.033530529
1180,0.375604967752,18.351565032
1190,0.375604967752,18.37433874
1200,0.375604967752,18.600242105
1210,0.375604967752,18.735415429
1220,0.375604967752,18.865714441
1230,0.375604967752,19.074406735
1240,0.375604967752,19.264345823
1250,0.375604967752,19.389938466
1260,0.375604967752,19.634174563
1270,0.375604967752,19.819284736
1280,0.375604967752,19.95918889
1290,0.375604967752,20.153150451
1300,0.375604967752,20.333339218
1310,0.375604967752,20.36131021
1320,0.375604967752,20.622238963
1330,0.333871082446,20.645451801
1340,0.375604967752,20.833064657
1350,0.333871082446,21.007500614
1360,0.333871082446,21.294441624
1370,0.333871082446,21.433327929
1380,0.333871082446,21.629394329
1390,0.333871082446,21.863252393
1400,0.333871082446,22.032718445
1410,0.333871082446,22.124100244
1420,0.333871082446,22.353340168
1430,0.333871082446,22.567733341
1440,0.333871082446,22.768255816
1450,0.333871082446,22.896282977
1460,0.333871082446,23.060106154
1470,0.333871082446,23.224831651
1480,0.333871082446,23.365062319
1490,0.333871082446,23.640289979
1500,0.333871082446,23.813767056
1510,0.333871082446,23.953844955
1520,0.333871082446,24.126525103
1530,0.333871082446,24.453678887
1540,0.333871082446,24.548577907
1550,0.333871082446,24.728482056
1560,0.333871082446,24.857061166
1570,0.333871082446,24.940562506
1580,0.333871082446,25.188291164
1590,0.375604967752,25.407582024
1600,0.333871082446,25.532338488
1610,0.333871082446,25.712790649
1620,0.333871082446,25.823954747
1630,0.333871082446,26.041242546
1640,0.333871082446,26.129280291
1650,0.333871082446,26.347668007
1660,0.333871082446,26.463748272
1670,0.333871082446,26.6944842
1680,0.333871082446,26.796088732
1690,0.333871082446,27.050411313
1700,0.333871082446,27.184479004
1710,0.333871082446,27.282522346
1720,0.333871082446,27.503279004
1730,0.333871082446,27.617290742
1740,0.333871082446,27.86746936
1750,0.333871082446,28.098958031
1760,0.333871082446,28.172398998
1770,0.333871082446,28.442932768
1780,0.333871082446,28.582315262
1790,0.333871082446,28.77338823
1800,0.375604967752,28.912340112
1810,0.375604967752,29.096473648
1820,0.375604967752,29.180783196
1830,0.375604967752,29.427211174
1840,0.375604967752,29.554711829
1850,0.375604967752,29.771510545
1860,0.375604967752,29.981443901
1870,0.375604967752,30.065309428
1880,0.429262820288,30.247918618
1890,0.429262820288,30.453655149
1900,0.429262820288,30.549748717
1910,0.375604967752,30.734474172
1920,0.375604967752,30.935677075
1930,0.375604967752,30.953275988
1940,0.375604967752,31.157117277
1950,0.375604967752,31.183576833
1960,0.375604967752,31.196187691
1970,0.375604967752,31.20887209
1980,0.375604967752,31.589095929
1990,0.375604967752,31.743005778
2000,0.375604967752,31.926906871
2010,0.375604967752,32.122385502
2020,0.375604967752,32.250825081
2030,0.375604967752,32.434341877
2040,0.375604967752,32.577432328
2050,0.375604967752,32.835773342
2060,0.375604967752,32.949574796
2070,0.375604967752,33.072800771
2080,0.375604967752,33.284926453
2090,0.375604967752,33.42039465
2100,0.375604967752,33.656826252
2110,0.375604967752,33.689264477
2120,0.375604967752,34.105293044
2130,0.375604967752,34.200572983
2140,0.375604967752,34.441822605
2150,0.375604967752,34.599491211
2160,0.375604967752,34.757754431
2170,0.375604967752,34.854635496
2180,0.375604967752,34.978729285
2190,0.429262820288,35.094518401
2200,0.375604967752,35.114977894
2210,0.375604967752,35.320058241
2220,0.375604967752,35.457662694
2230,0.375604967752,35.553221523
2240,0.375604967752,35.707858983
2250,0.375604967752,35.835635491
2260,0.375604967752,35.994268661
2270,0.375604967752,36.074184446
2280,0.375604967752,36.140126724
2290,0.375604967752,36.14847518
2300,0.429262820288,36.267293203
2310,0.429262820288,36.395774582
2320,0.429262820288,36.54692627
2330,0.429262820288,36.636650364
2340,0.429262820288,36.750501929
2350,0.429262820288,36.784833842
2360,0.429262820288,36.986858315
2370,0.429262820288,37.093560205
2380,0.429262820288,37.238482079
2390,0.429262820288,37.410642685
2400,0.429262820288,37.503132401
2410,0.429262820288,37.636878362
2420,0.429262820288,37.699685951
2430,0.429262820288,37.835185794
2440,0.429262820288,37.959951828
2450,0.429262820288,38.107137528
2460,0.429262820288,38.256210722
2470,0.429262820288,38.393684152
2480,0.429262820288,38.476121444
2490,0.429262820288,38.481600789
2500,0.429262820288,38.604694534
2510,0.429262820288,38.66966225
2520,0.429262820288,38.775735315
2530,0.429262820288,38.778333601
2540,0.429262820288,38.781713096
2550,0.429262820288,38.890278274
2560,0.429262820288,39.058290236
2570,0.429262820288,39.207802342
2580,0.429262820288,39.304472079
2590,0.429262820288,39.431382538
2600,0.429262820288,39.5588097
2610,0.429262820288,39.574515341
2620,0.429262820288,39.68487776
2630,0.429262820288,39.897593785
2640,0.429262820288,40.038994156
2650,0.429262820288,40.142423201
2660,0.429262820288,40.287091318
2670,0.429262820288,40.418805875
2680,0.429262820288,40.519614298
2690,0.429262820288,40.653419784
2700,0.429262820288,40.779074934
2710,0.429262820288,40.877139793
2720,0.429262820288,40.990828582
2730,0.429262820288,41.156150957
2740,0.429262820288,41.266481641
2750,0.429262820288,41.35726091
2760,0.429262820288,41.457563705
2770,0.429262820288,41.508359725
2780,0.429262820288,41.515810036
2790,0.429262820288,41.649349571
2800,0.429262820288,41.766096605
2810,0.429262820288,41.887455007
2820,0.500806623669,42.061090495
2830,0.429262820288,42.132715978
2840,0.429262820288,42.282991462
2850,0.429262820288,42.376557524
2860,0.429262820288,42.546875584
2870,0.429262820288,42.601512673
2880,0.429262820288,42.773478143
2890,0.429262820288,42.865045717
2900,0.429262820288,42.943597441
2910,0.429262820288,43.05434584
2920,0.429262820288,43.156919802
2930,0.429262820288,43.268803032
2940,0.429262820288,43.32107677
2950,0.429262820288,43.459889857
2960,0.429262820288,43.575365398
2970,0.429262820288,43.68081485
2980,0.429262820288,43.835313678
2990,0.429262820288,43.931662461
3000,0.429262820288,44.083305473
3010,0.429262820288,44.170153407
3020,0.429262820288,44.284301273
3030,0.429262820288,44.430407143
3040,0.429262820288,44.587849666
3050,0.429262820288,44.689197628
3060,0.429262820288,44.760277767
3070,0.429262820288,44.894414315
3080,0.500806623669,44.984010576
3090,0.429262820288,45.149566046
3100,0.429262820288,45.26154494
3110,0.429262820288,45.387757846
3120,0.429262820288,45.505705762
3130,0.429262820288,45.607946373
3140,0.429262820288,45.740208636
3150,0.429262820288,45.82572491
3160,0.429262820288,45.939809446
3170,0.429262820288,46.051849354
3180,0.429262820288,46.151048232
3190,0.429262820288,46.221668648
3200,0.429262820288,46.358716279
3210,0.429262820288,46.451054175
3220,0.429262820288,46.621480076
3230,0.429262820288,46.730189726
3240,0.429262820288,46.907192847
3250,0.429262820288,47.00754884
3260,0.429262820288,47.099464744
3270,0.429262820288,47.235993445
3280,0.429262820288,47.371100428
3290,0.429262820288,47.514097056
3300,0.429262820288,47.598200868
3310,0.429262820288,47.737802082
3320,0.429262820288,47.81395303
3330,0.429262820288,47.99338195
3340,0.429262820288,48.109514228
3350,0.429262820288,48.228151944
3360,0.429262820288,48.359442274
3370,0.429262820288,48.495402687
3380,0.429262820288,48.63307756
3390,0.429262820288,48.766938586
3400,0.429262820288,48.893765908
3410,0.429262820288,49.025850448
3420,0.429262820288,49.176494491
3430,0.429262820288,49.294677118
3440,0.429262820288,49.373441173
3450,0.429262820288,49.476057814
3460,0.429262820288,49.577095263
3470,0.429262820288,49.744427475
3480,0.429262820288,49.8495886
3490,0.429262820288,49.908576538
3500,0.429262820288,50.0241813
3510,0.429262820288,50.177854443
3520,0.429262820288,50.324026828
3530,0.429262820288,50.450432787
3540,0.429262820288,50.583157065
3550,0.429262820288,50.676563241
3560,0.429262820288,50.855492332
3570,0.429262820288,50.972811284
3580,0.429262820288,51.089009206
3590,0.500806623669,51.210412715
3600,0.500806623669,51.378342711
3610,0.429262820288,51.506983241
3620,0.429262820288,51.650610821
3630,0.500806623669,51.788671235
3640,0.500806623669,51.885759657
3650,0.500806623669,51.993839993
3660,0.500806623669,52.129388241
3670,0.500806623669,52.256212977
3680,0.500806623669,52.366937347
3690,0.500806623669,52.538862664
3700,0.500806623669,52.657498046
3710,0.500806623669,52.793129329
3720,0.500806623669,52.939595966
3730,0.500806623669,53.062298183
3740,0.500806623669,53.171786369
3750,0.500806623669,53.305961704
3760,0.500806623669,53.450453386
3770,0.500806623669,53.571110161
3780,0.500806623669,53.705843542
3790,0.500806623669,53.836143771
3800,0.500806623669,53.952136206
3810,0.500806623669,54.028699961
3820,0.500806623669,54.207242292
3830,0.500806623669,54.301105568
3840,0.500806623669,54.359670609
3850,0.500806623669,54.498987838
3860,0.500806623669,54.618423108
3870,0.500806623669,54.785268086
3880,0.500806623669,54.850555069
3890,0.500806623669,54.986285125
3900,0.500806623669,55.142009431
3910,0.500806623669,55.20923197
3920,0.500806623669,55.37975584
3930,0.500806623669,55.512567085
3940,0.500806623669,55.600290411
3950,0.500806623669,55.692532681
3960,0.600967948403,55.780922874
3970,0.600967948403,55.936058189
3980,0.600967948403,56.091480833
3990,0.600967948403,56.20583467
4000,0.600967948403,56.258925022
