iterations,fitness,time
0,0.049947311521,0.017512515
10,0.0525761173905,0.035872245
20,0.0525761173905,0.051083861
30,0.0525761173905,0.064876246
40,0.0525761173905,0.081953915
50,0.0525761173905,0.095321395
60,0.0525761173905,0.118119852
70,0.0525761173905,0.134485445
80,0.0525761173905,0.146594128
90,0.0525761173905,0.160868126
100,0.0554970128011,0.180991693
110,0.0554970128011,0.197823887
120,0.0554970128011,0.204565904
130,0.0525761173905,0.242990865
140,0.0525761173905,0.24920422
150,0.0587615429658,0.274876627
160,0.0624341394012,0.283763965
170,0.0624341394012,0.289701592
180,0.0624341394012,0.320976664
190,0.0624341394012,0.326427639
200,0.0587615429658,0.329134265
210,0.0624341394012,0.335325522
220,0.0624341394012,0.34206347
230,0.0624341394012,0.350920623
240,0.0624341394012,0.358771355
250,0.0624341394012,0.36041452
260,0.0624341394012,0.376884955
270,0.0624341394012,0.397200468
280,0.0624341394012,0.41225902
290,0.0624341394012,0.4204504
300,0.0713533021728,0.448151621
310,0.0768420177246,0.461795813
320,0.0768420177246,0.495477609
330,0.0713533021728,0.503761112
340,0.0713533021728,0.508841436
350,0.0768420177246,0.515096101
360,0.0768420177246,0.52138537
370,0.0713533021728,0.529414709
380,0.0713533021728,0.557277631
390,0.0713533021728,0.56518699
400,0.0768420177246,0.581805509
410,0.0713533021728,0.596027058
420,0.0713533021728,0.61448917
430,0.0768420177246,0.626739992
440,0.0768420177246,0.635131091
450,0.0768420177246,0.639140832
460,0.0713533021728,0.671179944
470,0.0768420177246,0.684605937
480,0.0768420177246,0.692069497
490,0.0768420177246,0.715159557
500,0.0768420177246,0.721467437
510,0.0768420177246,0.739635706
520,0.0768420177246,0.752734978
530,0.0768420177246,0.757025449
540,0.0768420177246,0.777324187
550,0.0768420177246,0.787969184
560,0.0768420177246,0.803673152
570,0.0768420177246,0.821295713
580,0.0768420177246,0.828619816
590,0.0832455192016,0.837158395
600,0.0832455192016,0.861849902
610,0.0832455192016,0.881953982
620,0.0998946230419,0.898079285
630,0.0832455192016,0.910056326
640,0.0832455192016,0.925197326
650,0.0832455192016,0.948098581
660,0.0832455192016,0.95222466
670,0.0832455192016,0.954375985
680,0.0832455192016,0.962885806
690,0.0832455192016,0.967282502
700,0.0832455192016,0.973868618
710,0.0832455192016,0.980239134
720,0.0768420177246,1.016544111
730,0.0768420177246,1.041085348
740,0.0908132936745,1.049099222
750,0.0908132936745,1.064800178
760,0.0908132936745,1.085531195
770,0.0908132936745,1.117228533
780,0.0998946230419,1.13585148
790,0.0908132936745,1.162133903
800,0.0908132936745,1.182961976
810,0.0908132936745,1.200156312
820,0.0908132936745,1.212993271
830,0.0908132936745,1.229126611
840,0.0908132936745,1.244619828
850,0.0908132936745,1.251986912
860,0.0908132936745,1.270340125
870,0.0908132936745,1.297487448
880,0.0908132936745,1.309332787
890,0.0908132936745,1.329907789
900,0.0908132936745,1.346935676
910,0.0908132936745,1.358571382
920,0.0908132936745,1.371095957
930,0.0908132936745,1.38701783
940,0.0908132936745,1.396430203
950,0.0908132936745,1.422081641
960,0.0908132936745,1.441004831
970,0.0908132936745,1.454482224
980,0.0908132936745,1.485854386
990,0.0908132936745,1.500187429
1000,0.0908132936745,1.517694397
1010,0.0832455192016,1.531570545
1020,0.0908132936745,1.545050045
1030,0.0832455192016,1.563504468
1040,0.0998946230419,1.597679696
1050,0.0908132936745,1.610160338
1060,0.0908132936745,1.621889889
1070,0.0908132936745,1.649881541
1080,0.0908132936745,1.660807579
1090,0.0908132936745,1.678725853
1100,0.0908132936745,1.697381602
1110,0.0908132936745,1.722533467
1120,0.0908132936745,1.744093917
1130,0.0908132936745,1.769088372
1140,0.0908132936745,1.791778952
1150,0.0908132936745,1.802933681
1160,0.0998946230419,1.820637649
1170,0.0998946230419,1.82948205
1180,0.0998946230419,1.851782394
1190,0.0998946230419,1.889514836
1200,0.110994025602,1.909984571
1210,0.110994025602,1.912269053
1220,0.110994025602,1.917170415
1230,0.110994025602,1.927871901
1240,0.110994025602,1.936643682
1250,0.110994025602,1.952659833
1260,0.110994025602,1.970832036
1270,0.110994025602,1.991408716
1280,0.110994025602,2.011439759
1290,0.124868278802,2.032221784
1300,0.110994025602,2.036271161
1310,0.110994025602,2.062830271
1320,0.110994025602,2.077997678
1330,0.110994025602,2.096576533
1340,0.110994025602,2.119725964
1350,0.124868278802,2.14100022
1360,0.124868278802,2.158183257
1370,0.124868278802,2.171210741
1380,0.124868278802,2.203475782
1390,0.142706604346,2.216450687
1400,0.142706604346,2.230478939
1410,0.142706604346,2.254877301
1420,0.142706604346,2.293860247
1430,0.142706604346,2.317770264
1440,0.142706604346,2.340296503
1450,0.142706604346,2.347774299
1460,0.142706604346,2.364421328
1470,0.142706604346,2.396969837
1480,0.142706604346,2.412784115
1490,0.142706604346,2.430705923
1500,0.142706604346,2.44536211
1510,0.142706604346,2.471012591
1520,0.142706604346,2.490184338
1530,0.142706604346,2.520610107
1540,0.142706604346,2.535666954
1550,0.142706604346,2.553277679
1560,0.142706604346,2.565524198
1570,0.142706604346,2.585651492
1580,0.142706604346,2.608093363
1590,0.166491038403,2.638373012
1600,0.166491038403,2.658699554
1610,0.166491038403,2.676799275
1620,0.166491038403,2.688959995
1630,0.166491038403,2.70920946
1640,0.166491038403,2.715058863
1650,0.166491038403,2.730149518
1660,0.166491038403,2.750695722
1670,0.166491038403,2.770959809
1680,0.166491038403,2.788387345
1690,0.166491038403,2.79629941
1700,0.166491038403,2.816096896
1710,0.166491038403,2.835378167
1720,0.166491038403,2.848422529
1730,0.166491038403,2.870643208
1740,0.166491038403,2.883704121
1750,0.166491038403,2.898727335
1760,0.166491038403,2.917709576
1770,0.166491038403,2.933724975
1780,0.166491038403,2.943391986
1790,0.166491038403,2.961142233
1800,0.166491038403,2.986145761
1810,0.166491038403,3.004425621
1820,0.166491038403,3.020483424
1830,0.166491038403,3.033371178
1840,0.166491038403,3.050300291
1850,0.166491038403,3.06799582
1860,0.166491038403,3.095135075
1870,0.166491038403,3.115067991
1880,0.166491038403,3.14030987
1890,0.166491038403,3.157987632
1900,0.166491038403,3.189901164
1910,0.166491038403,3.206134901
1920,0.166491038403,3.224272458
1930,0.166491038403,3.244725682
1940,0.166491038403,3.26293523
1950,0.166491038403,3.287469943
1960,0.166491038403,3.308562592
1970,0.166491038403,3.318353214
1980,0.166491038403,3.336436453
1990,0.166491038403,3.351442411
2000,0.166491038403,3.368676576
2010,0.166491038403,3.389564043
2020,0.166491038403,3.412497187
2030,0.166491038403,3.425096311
2040,0.166491038403,3.449279054
2050,0.166491038403,3.465338009
2060,0.166491038403,3.494163812
2070,0.166491038403,3.510575464
2080,0.166491038403,3.541071866
2090,0.166491038403,3.560526442
2100,0.166491038403,3.575902871
2110,0.166491038403,3.594404415
2120,0.166491038403,3.610337543
2130,0.166491038403,3.620469126
2140,0.166491038403,3.638042312
2150,0.166491038403,3.6435307
2160,0.166491038403,3.659957783
2170,0.166491038403,3.665256781
2180,0.166491038403,3.674309389
2190,0.166491038403,3.69068302
2200,0.166491038403,3.728869277
2210,0.166491038403,3.749216483
2220,0.166491038403,3.754066839
2230,0.166491038403,3.766611754
2240,0.166491038403,3.772697927
2250,0.166491038403,3.793577762
2260,0.166491038403,3.799437481
2270,0.166491038403,3.815004534
2280,0.166491038403,3.846879393
2290,0.166491038403,3.880178708
2300,0.166491038403,3.897191711
2310,0.166491038403,3.912458167
2320,0.166491038403,3.926299965
2330,0.166491038403,3.93356137
2340,0.166491038403,3.942600786
2350,0.166491038403,3.961162207
2360,0.166491038403,3.974635329
2370,0.166491038403,4.015569434
2380,0.166491038403,4.036570829
2390,0.166491038403,4.066299192
2400,0.166491038403,4.091554276
2410,0.166491038403,4.105286117
2420,0.166491038403,4.115837213
2430,0.166491038403,4.130726841
2440,0.166491038403,4.144300058
2450,0.166491038403,4.151568999
2460,0.166491038403,4.175962543
2470,0.166491038403,4.213252204
2480,0.166491038403,4.227674944
2490,0.166491038403,4.25674048
2500,0.166491038403,4.279686186
2510,0.166491038403,4.294332377
2520,0.166491038403,4.326913079
2530,0.166491038403,4.336765158
2540,0.166491038403,4.361974446
2550,0.166491038403,4.387082168
2560,0.166491038403,4.415518667
2570,0.166491038403,4.442190966
2580,0.166491038403,4.463317208
2590,0.166491038403,4.479340642
2600,0.166491038403,4.518940007
2610,0.166491038403,4.535308635
2620,0.166491038403,4.555873045
2630,0.166491038403,4.577433565
2640,0.166491038403,4.594260272
2650,0.166491038403,4.617418526
2660,0.166491038403,4.63186648
2670,0.166491038403,4.644641148
2680,0.166491038403,4.658394964
2690,0.166491038403,4.670185491
2700,0.166491038403,4.704928374
2710,0.166491038403,4.72778866
2720,0.166491038403,4.732638772
2730,0.166491038403,4.740791933
2740,0.166491038403,4.789985956
2750,0.166491038403,4.799140239
2760,0.166491038403,4.802803045
2770,0.166491038403,4.805026801
2780,0.166491038403,4.81382252
2790,0.166491038403,4.828255898
2800,0.166491038403,4.831805627
2810,0.166491038403,4.84047974
2820,0.166491038403,4.865650254
2830,0.166491038403,4.871617788
2840,0.166491038403,4.88300386
2850,0.166491038403,4.925437434
2860,0.166491038403,4.928840382
2870,0.166491038403,4.937306408
2880,0.166491038403,4.951631362
2890,0.166491038403,4.953556795
2900,0.166491038403,4.956481346
2910,0.166491038403,4.962405021
2920,0.166491038403,4.989493362
2930,0.166491038403,5.018044258
2940,0.166491038403,5.035673871
2950,0.166491038403,5.050823334
2960,0.166491038403,5.080042825
2970,0.166491038403,5.096996372
2980,0.166491038403,5.124511755
2990,0.166491038403,5.142927944
3000,0.166491038403,5.15651895
3010,0.166491038403,5.165116621
3020,0.166491038403,5.178130472
3030,0.166491038403,5.207415264
3040,0.166491038403,5.230334664
3050,0.166491038403,5.241452529
3060,0.166491038403,5.264012839
3070,0.166491038403,5.296092251
3080,0.166491038403,5.322650015
3090,0.166491038403,5.339257941
3100,0.166491038403,5.373668127
3110,0.166491038403,5.396214534
3120,0.166491038403,5.417311737
3130,0.166491038403,5.430846124
3140,0.166491038403,5.442913328
3150,0.166491038403,5.464616431
3160,0.166491038403,5.475730094
3170,0.166491038403,5.498355425
3180,0.166491038403,5.529863475
3190,0.166491038403,5.542857056
3200,0.166491038403,5.556104963
3210,0.166491038403,5.568304623
3220,0.166491038403,5.591725922
3230,0.166491038403,5.604735352
3240,0.166491038403,5.616735644
3250,0.166491038403,5.635862269
3260,0.166491038403,5.651008312
3270,0.166491038403,5.663511539
3280,0.166491038403,5.670059722
3290,0.166491038403,5.692923498
3300,0.166491038403,5.71345503
3310,0.166491038403,5.730609043
3320,0.166491038403,5.746509429
3330,0.166491038403,5.75075731
3340,0.166491038403,5.760059773
3350,0.166491038403,5.767711475
3360,0.166491038403,5.774256263
3370,0.166491038403,5.792779171
3380,0.166491038403,5.808999954
3390,0.166491038403,5.820849442
3400,0.166491038403,5.859780964
3410,0.166491038403,5.874623389
3420,0.166491038403,5.881132911
3430,0.166491038403,5.909054271
3440,0.166491038403,5.927012213
3450,0.166491038403,5.944502552
3460,0.166491038403,5.973737793
3470,0.166491038403,5.999796611
3480,0.166491038403,6.014072592
3490,0.166491038403,6.043062283
3500,0.166491038403,6.0561684
3510,0.166491038403,6.073876996
3520,0.166491038403,6.092015469
3530,0.166491038403,6.112259714
3540,0.166491038403,6.135566442
3550,0.166491038403,6.161850414
3560,0.166491038403,6.181928024
3570,0.166491038403,6.190768611
3580,0.166491038403,6.205875503
3590,0.166491038403,6.23776907
3600,0.166491038403,6.271409783
3610,0.166491038403,6.286722092
3620,0.166491038403,6.304243094
3630,0.166491038403,6.326918914
3640,0.166491038403,6.351675757
3650,0.166491038403,6.370983611
3660,0.166491038403,6.390968755
3670,0.166491038403,6.399223124
3680,0.166491038403,6.413809243
3690,0.166491038403,6.425311433
3700,0.166491038403,6.435577691
3710,0.166491038403,6.461908813
3720,0.166491038403,6.484749428
3730,0.166491038403,6.501996747
3740,0.166491038403,6.523710882
3750,0.166491038403,6.544452607
3760,0.166491038403,6.569709162
3770,0.166491038403,6.579357226
3780,0.166491038403,6.603736963
3790,0.166491038403,6.614105968
3800,0.166491038403,6.639008585
3810,0.166491038403,6.659722113
3820,0.166491038403,6.679820481
3830,0.166491038403,6.704148855
3840,0.166491038403,6.714511659
3850,0.166491038403,6.728074401
3860,0.166491038403,6.744628345
3870,0.166491038403,6.75811562
3880,0.166491038403,6.772359728
3890,0.166491038403,6.80035271
3900,0.166491038403,6.824136679
3910,0.166491038403,6.83636013
3920,0.166491038403,6.852777392
3930,0.166491038403,6.874276652
3940,0.166491038403,6.890637631
3950,0.166491038403,6.913958254
3960,0.166491038403,6.932252743
3970,0.166491038403,6.953289378
3980,0.166491038403,6.979355742
3990,0.166491038403,6.994026625
4000,0.166491038403,7.007843962
4010,0.166491038403,7.038089476
4020,0.166491038403,7.050403417
4030,0.166491038403,7.07324372
4040,0.166491038403,7.100703788
4050,0.166491038403,7.114876436
4060,0.166491038403,7.141088683
4070,0.166491038403,7.149862384
4080,0.166491038403,7.178500114
4090,0.166491038403,7.189892891
4100,0.166491038403,7.205704518
4110,0.166491038403,7.242269586
4120,0.166491038403,7.260394781
4130,0.166491038403,7.272556753
4140,0.166491038403,7.291522151
4150,0.166491038403,7.314208752
4160,0.166491038403,7.32873818
4170,0.166491038403,7.350050281
4180,0.166491038403,7.372093123
4190,0.166491038403,7.381461359
4200,0.166491038403,7.404755145
4210,0.166491038403,7.425877438
4220,0.166491038403,7.443626899
4230,0.166491038403,7.459048589
4240,0.166491038403,7.478968384
4250,0.166491038403,7.49543694
4260,0.166491038403,7.517809749
4270,0.166491038403,7.53523243
4280,0.166491038403,7.552353079
4290,0.166491038403,7.574217909
4300,0.166491038403,7.602158052
4310,0.166491038403,7.6233108
4320,0.166491038403,7.644020001
4330,0.166491038403,7.658560316
4340,0.166491038403,7.677189213
4350,0.166491038403,7.697664547
4360,0.166491038403,7.713378384
4370,0.166491038403,7.728374387
4380,0.166491038403,7.745249515
4390,0.166491038403,7.762920317
4400,0.166491038403,7.779396361
4410,0.166491038403,7.793144527
4420,0.166491038403,7.80959922
4430,0.166491038403,7.832073467
4440,0.166491038403,7.852897033
4450,0.166491038403,7.878701827
4460,0.166491038403,7.892895232
4470,0.166491038403,7.914012383
4480,0.166491038403,7.93526791
4490,0.166491038403,7.960384014
4500,0.166491038403,7.975833175
4510,0.166491038403,7.998637741
4520,0.166491038403,8.015260317
4530,0.166491038403,8.033192803
4540,0.166491038403,8.070566023
4550,0.166491038403,8.092225759
4560,0.166491038403,8.108489885
4570,0.166491038403,8.133975849
4580,0.166491038403,8.146712084
4590,0.166491038403,8.168003271
4600,0.166491038403,8.186256017
4610,0.199789246084,8.212518584
4620,0.199789246084,8.227131534
4630,0.199789246084,8.254113358
4640,0.199789246084,8.271924727
4650,0.199789246084,8.29513004
4660,0.199789246084,8.319420971
4670,0.199789246084,8.331897858
4680,0.199789246084,8.346362211
4690,0.199789246084,8.36574147
4700,0.199789246084,8.383697198
4710,0.199789246084,8.399710162
4720,0.199789246084,8.421753112
4730,0.199789246084,8.439643804
4740,0.199789246084,8.462351587
4750,0.199789246084,8.483508579
4760,0.199789246084,8.499841672
4770,0.199789246084,8.522112898
4780,0.199789246084,8.538061033
4790,0.199789246084,8.566149228
4800,0.199789246084,8.587930323
4810,0.199789246084,8.604548171
4820,0.199789246084,8.625642941
4830,0.199789246084,8.641820693
4840,0.199789246084,8.66944965
4850,0.199789246084,8.694155715
4860,0.199789246084,8.711691746
4870,0.199789246084,8.724140811
4880,0.199789246084,8.73919672
4890,0.199789246084,8.76497282
4900,0.199789246084,8.785442966
4910,0.199789246084,8.801701495
4920,0.199789246084,8.827559363
4930,0.199789246084,8.847540328
4940,0.199789246084,8.875953559
4950,0.199789246084,8.895964349
4960,0.199789246084,8.925296292
4970,0.199789246084,8.953269998
4980,0.199789246084,8.976529884
4990,0.199789246084,8.988098696
5000,0.199789246084,9.005643442
5010,0.199789246084,9.013776729
5020,0.199789246084,9.019628833
5030,0.199789246084,9.047316647
5040,0.199789246084,9.054846459
5050,0.199789246084,9.075034939
5060,0.199789246084,9.093694104
5070,0.199789246084,9.116738123
5080,0.199789246084,9.122462085
5090,0.199789246084,9.134212026
5100,0.199789246084,9.144940767
5110,0.199789246084,9.161080078
5120,0.199789246084,9.192585974
5130,0.199789246084,9.200671394
5140,0.199789246084,9.225415242
5150,0.199789246084,9.246895959
5160,0.199789246084,9.263904904
5170,0.199789246084,9.279787563
5180,0.199789246084,9.3050729
5190,0.199789246084,9.312843398
5200,0.199789246084,9.348052334
5210,0.199789246084,9.355393551
5220,0.199789246084,9.359621562
5230,0.199789246084,9.364286703
5240,0.199789246084,9.39118778
5250,0.199789246084,9.397522346
5260,0.199789246084,9.403815172
5270,0.199789246084,9.428257414
5280,0.199789246084,9.437207708
5290,0.199789246084,9.443427765
5300,0.199789246084,9.457606749
5310,0.199789246084,9.462796063
5320,0.199789246084,9.467302869
5330,0.199789246084,9.485647096
5340,0.199789246084,9.493445568
5350,0.199789246084,9.499253805
5360,0.199789246084,9.510149756
5370,0.199789246084,9.53945579
5380,0.199789246084,9.558226418
5390,0.199789246084,9.609945752
5400,0.199789246084,9.613849713
5410,0.199789246084,9.617050478
5420,0.199789246084,9.620697851
5430,0.199789246084,9.62467782
5440,0.199789246084,9.631069143
5450,0.199789246084,9.634621626
5460,0.199789246084,9.642881906
5470,0.199789246084,9.64847201
5480,0.199789246084,9.651660165
5490,0.199789246084,9.656490629
5500,0.199789246084,9.659825725
5510,0.199789246084,9.661972327
5520,0.199789246084,9.666737293
5530,0.199789246084,9.680611498
5540,0.199789246084,9.683653162
5550,0.199789246084,9.685956305
5560,0.199789246084,9.68892632
5570,0.199789246084,9.690372897
5580,0.199789246084,9.691208031
5590,0.199789246084,9.69325114
5600,0.199789246084,9.695090158
5610,0.199789246084,9.697587687
5620,0.199789246084,9.70260683
5630,0.199789246084,9.707305586
5640,0.199789246084,9.723224049
5650,0.199789246084,9.737449554
5660,0.199789246084,9.75724626
5670,0.199789246084,9.766049806
5680,0.199789246084,9.774878844
5690,0.199789246084,9.780825692
5700,0.199789246084,9.785672846
5710,0.199789246084,9.814868418
5720,0.199789246084,9.826754438
5730,0.199789246084,9.846853485
5740,0.199789246084,9.854769551
5750,0.199789246084,9.863325701
5760,0.199789246084,9.86698261
5770,0.199789246084,9.870484243
5780,0.199789246084,9.902987154
5790,0.199789246084,9.92224522
5800,0.199789246084,9.932945743
5810,0.199789246084,9.969346432
5820,0.199789246084,9.978322455
5830,0.199789246084,9.99691674
5840,0.199789246084,10.004728893
5850,0.199789246084,10.015247355
5860,0.199789246084,10.055004121
5870,0.199789246084,10.069118262
5880,0.199789246084,10.077988975
5890,0.199789246084,10.091446382
5900,0.199789246084,10.101376652
5910,0.199789246084,10.124748348
5920,0.199789246084,10.139667099
5930,0.199789246084,10.160088665
5940,0.199789246084,10.194437395
5950,0.199789246084,10.213723393
5960,0.199789246084,10.226147672
5970,0.199789246084,10.240001327
5980,0.199789246084,10.250959118
5990,0.199789246084,10.262091321
6000,0.199789246084,10.273612411
