iterations,fitness,time
0,0.049947311521,0.015707267
10,0.0525761173905,0.030236356
20,0.0554970128011,0.045481736
30,0.0587615429658,0.06276256
40,0.0587615429658,0.081651186
50,0.0587615429658,0.094981368
60,0.0554970128011,0.118752637
70,0.0587615429658,0.135786545
80,0.0624341394012,0.1564178
90,0.0665964153613,0.170244671
100,0.0713533021728,0.183504472
110,0.0665964153613,0.19385632
120,0.0665964153613,0.210215632
130,0.0713533021728,0.227699423
140,0.0713533021728,0.24011067
150,0.0713533021728,0.247541766
160,0.0713533021728,0.25381355
170,0.0768420177246,0.256756784
180,0.0713533021728,0.285824317
190,0.0768420177246,0.289222791
200,0.0713533021728,0.298298699
210,0.0713533021728,0.342167365
220,0.0713533021728,0.35121278
230,0.0768420177246,0.368699049
240,0.0713533021728,0.37510281
250,0.0713533021728,0.389856572
260,0.0713533021728,0.393633939
270,0.0665964153613,0.41255098
280,0.0768420177246,0.417779625
290,0.0713533021728,0.439566763
300,0.0713533021728,0.462973896
310,0.0713533021728,0.468354947
320,0.0713533021728,0.484689997
330,0.0713533021728,0.497341708
340,0.0713533021728,0.540088363
350,0.0713533021728,0.544173305
360,0.0768420177246,0.55392711
370,0.0713533021728,0.563827742
380,0.0713533021728,0.572499114
390,0.0768420177246,0.580865039
400,0.0768420177246,0.595559872
410,0.0768420177246,0.605366666
420,0.0768420177246,0.618394475
430,0.0768420177246,0.638691663
440,0.0768420177246,0.644125007
450,0.0768420177246,0.654677827
460,0.0832455192016,0.661479751
470,0.0832455192016,0.675450453
480,0.0832455192016,0.684851466
490,0.0832455192016,0.713221631
500,0.0832455192016,0.716677994
510,0.0832455192016,0.736712372
520,0.0832455192016,0.742245218
530,0.0832455192016,0.748065807
540,0.0832455192016,0.752612579
550,0.0832455192016,0.781685596
560,0.0832455192016,0.791248197
570,0.0832455192016,0.800209979
580,0.0908132936745,0.812652411
590,0.0908132936745,0.820549538
600,0.0908132936745,0.830082103
610,0.0908132936745,0.843264473
620,0.0908132936745,0.861682734
630,0.0908132936745,0.866997977
640,0.0908132936745,0.888617393
650,0.0908132936745,0.910279017
660,0.0908132936745,0.939463322
670,0.0908132936745,0.944411413
680,0.0998946230419,0.958778017
690,0.0998946230419,0.982122191
700,0.0998946230419,0.996206045
710,0.0998946230419,1.005692803
720,0.0998946230419,1.01778919
730,0.0908132936745,1.034242133
740,0.0998946230419,1.057093969
750,0.0998946230419,1.080450192
760,0.0908132936745,1.099056811
770,0.0908132936745,1.122721033
780,0.0908132936745,1.14427435
790,0.0908132936745,1.166943498
800,0.0998946230419,1.186719382
810,0.0998946230419,1.212796914
820,0.0998946230419,1.219595691
830,0.110994025602,1.225176725
840,0.110994025602,1.252459762
850,0.110994025602,1.277874073
860,0.110994025602,1.298372803
870,0.142706604346,1.316946702
880,0.142706604346,1.340304739
890,0.142706604346,1.352607994
900,0.142706604346,1.371664447
910,0.142706604346,1.39849952
920,0.142706604346,1.423166905
930,0.142706604346,1.437268359
940,0.142706604346,1.445227115
950,0.142706604346,1.454671369
960,0.166491038403,1.467900645
970,0.142706604346,1.49571131
980,0.142706604346,1.52026107
990,0.142706604346,1.536370075
1000,0.142706604346,1.557371683
1010,0.142706604346,1.565662883
1020,0.142706604346,1.580573466
1030,0.142706604346,1.615677167
1040,0.142706604346,1.633058675
1050,0.142706604346,1.643018623
1060,0.142706604346,1.663158491
1070,0.142706604346,1.677924552
1080,0.142706604346,1.699861326
1090,0.142706604346,1.713023791
1100,0.142706604346,1.732268527
1110,0.142706604346,1.757257739
1120,0.142706604346,1.785795058
1130,0.166491038403,1.802524664
1140,0.166491038403,1.816037209
1150,0.166491038403,1.823943356
1160,0.166491038403,1.85764074
1170,0.166491038403,1.875439075
1180,0.166491038403,1.896011759
1190,0.166491038403,1.911982906
1200,0.166491038403,1.926856985
1210,0.166491038403,1.956626405
1220,0.166491038403,1.96399201
1230,0.166491038403,1.968859886
1240,0.166491038403,1.972878792
1250,0.166491038403,1.977958565
1260,0.166491038403,1.994868907
1270,0.166491038403,2.023224481
1280,0.166491038403,2.03663463
1290,0.166491038403,2.062461888
1300,0.166491038403,2.086279005
1310,0.166491038403,2.100782018
1320,0.166491038403,2.11852023
1330,0.166491038403,2.133290454
1340,0.166491038403,2.159153544
1350,0.166491038403,2.172521367
1360,0.166491038403,2.191602922
1370,0.166491038403,2.212284245
1380,0.166491038403,2.238431056
1390,0.166491038403,2.252178086
1400,0.166491038403,2.263266527
1410,0.166491038403,2.285496367
1420,0.166491038403,2.302943462
1430,0.166491038403,2.330648376
1440,0.166491038403,2.346382894
1450,0.166491038403,2.36882196
1460,0.166491038403,2.388948215
1470,0.166491038403,2.404196909
1480,0.166491038403,2.419633015
1490,0.166491038403,2.438773403
1500,0.166491038403,2.457301872
1510,0.166491038403,2.490758049
1520,0.166491038403,2.506630059
1530,0.166491038403,2.540508042
1540,0.166491038403,2.551914044
1550,0.166491038403,2.56668556
1560,0.166491038403,2.578062992
1570,0.166491038403,2.597246958
1580,0.166491038403,2.604867359
1590,0.166491038403,2.613680726
1600,0.166491038403,2.634690612
1610,0.166491038403,2.653899094
1620,0.166491038403,2.664790404
1630,0.166491038403,2.684580758
1640,0.166491038403,2.703506036
1650,0.166491038403,2.718983719
1660,0.166491038403,2.737276516
1670,0.166491038403,2.747893001
1680,0.166491038403,2.770123445
1690,0.166491038403,2.800285704
1700,0.166491038403,2.822534702
1710,0.166491038403,2.838568306
1720,0.166491038403,2.855186719
1730,0.166491038403,2.879312542
1740,0.166491038403,2.897627602
1750,0.166491038403,2.921677785
1760,0.166491038403,2.942631015
1770,0.166491038403,2.957195743
1780,0.166491038403,2.977939123
1790,0.166491038403,3.005324651
1800,0.166491038403,3.022105627
1810,0.166491038403,3.027940868
1820,0.166491038403,3.065284235
1830,0.166491038403,3.081292497
1840,0.166491038403,3.090371885
1850,0.166491038403,3.114864857
1860,0.166491038403,3.131253502
1870,0.166491038403,3.148052835
1880,0.166491038403,3.164191728
1890,0.166491038403,3.173733559
1900,0.166491038403,3.18664539
1910,0.166491038403,3.213692848
1920,0.166491038403,3.230181797
1930,0.166491038403,3.248586893
1940,0.166491038403,3.262201656
1950,0.166491038403,3.281894499
1960,0.166491038403,3.298329709
1970,0.166491038403,3.321027296
1980,0.166491038403,3.346812136
1990,0.166491038403,3.374249313
2000,0.166491038403,3.391002683
2010,0.166491038403,3.407157205
2020,0.166491038403,3.428111644
2030,0.166491038403,3.452559356
2040,0.166491038403,3.477542528
2050,0.166491038403,3.487865924
2060,0.166491038403,3.515018552
2070,0.166491038403,3.525984742
2080,0.166491038403,3.543402949
2090,0.166491038403,3.54892414
2100,0.166491038403,3.575145768
2110,0.166491038403,3.593209398
2120,0.166491038403,3.607258715
2130,0.166491038403,3.636591568
2140,0.166491038403,3.643400705
2150,0.166491038403,3.679190769
2160,0.166491038403,3.688591658
2170,0.166491038403,3.695879083
2180,0.166491038403,3.715273525
2190,0.166491038403,3.728741606
2200,0.166491038403,3.757811762
2210,0.166491038403,3.764345985
2220,0.166491038403,3.792916475
2230,0.166491038403,3.820285568
2240,0.166491038403,3.834505911
2250,0.166491038403,3.850851246
2260,0.166491038403,3.877482306
2270,0.166491038403,3.883208394
2280,0.166491038403,3.906990885
2290,0.166491038403,3.923662895
2300,0.166491038403,3.928984949
2310,0.166491038403,3.933251489
2320,0.166491038403,3.941204387
2330,0.166491038403,3.963063014
2340,0.166491038403,3.976362282
2350,0.166491038403,3.999490756
2360,0.166491038403,4.01459603
2370,0.166491038403,4.036056478
2380,0.166491038403,4.058903235
2390,0.166491038403,4.078572153
2400,0.166491038403,4.09104657
2410,0.166491038403,4.116346222
2420,0.166491038403,4.148330393
2430,0.166491038403,4.160241266
2440,0.166491038403,4.181463128
2450,0.166491038403,4.193635423
2460,0.166491038403,4.21618679
2470,0.166491038403,4.229927447
2480,0.166491038403,4.238062026
2490,0.166491038403,4.261976868
2500,0.166491038403,4.271336606
2510,0.166491038403,4.287012856
2520,0.166491038403,4.30378698
2530,0.166491038403,4.317862993
2540,0.166491038403,4.325324078
2550,0.166491038403,4.345409498
2560,0.166491038403,4.361767243
2570,0.166491038403,4.386260929
2580,0.166491038403,4.407722801
2590,0.166491038403,4.416248492
2600,0.166491038403,4.428986387
2610,0.166491038403,4.444279169
2620,0.166491038403,4.473923637
2630,0.166491038403,4.494272072
2640,0.166491038403,4.502198695
2650,0.166491038403,4.515661546
2660,0.166491038403,4.536293048
2670,0.166491038403,4.553524837
2680,0.166491038403,4.568033187
2690,0.166491038403,4.590498533
2700,0.166491038403,4.620371216
2710,0.166491038403,4.640769583
2720,0.166491038403,4.657572546
2730,0.166491038403,4.666427939
2740,0.166491038403,4.683718039
2750,0.166491038403,4.693680118
2760,0.166491038403,4.7094507
2770,0.166491038403,4.761242214
2780,0.166491038403,4.769647175
2790,0.166491038403,4.772291402
2800,0.166491038403,4.77367505
2810,0.166491038403,4.779402571
2820,0.166491038403,4.80848625
2830,0.166491038403,4.812829905
2840,0.166491038403,4.820397169
2850,0.166491038403,4.827137277
2860,0.166491038403,4.833035045
2870,0.166491038403,4.870725038
2880,0.166491038403,4.883369413
2890,0.166491038403,4.900716261
2900,0.166491038403,4.907073841
2910,0.166491038403,4.929397808
2920,0.166491038403,4.939573717
2930,0.166491038403,4.957777178
2940,0.166491038403,4.992103203
2950,0.166491038403,5.014585912
2960,0.166491038403,5.028465842
2970,0.166491038403,5.05466452
2980,0.166491038403,5.066306485
2990,0.166491038403,5.080475591
3000,0.166491038403,5.108580523
3010,0.166491038403,5.122799758
3020,0.166491038403,5.138525823
3030,0.166491038403,5.152429262
3040,0.166491038403,5.17000352
3050,0.166491038403,5.189772616
3060,0.166491038403,5.200239566
3070,0.166491038403,5.211934328
3080,0.166491038403,5.232775568
3090,0.166491038403,5.276176066
3100,0.166491038403,5.310187611
3110,0.166491038403,5.320104423
3120,0.166491038403,5.337351465
3130,0.166491038403,5.354630869
3140,0.166491038403,5.362261312
3150,0.166491038403,5.37449574
3160,0.166491038403,5.394148325
3170,0.166491038403,5.407746595
3180,0.166491038403,5.424557954
3190,0.166491038403,5.448880739
3200,0.166491038403,5.462863538
3210,0.166491038403,5.483420666
3220,0.166491038403,5.498622467
3230,0.166491038403,5.519368275
3240,0.166491038403,5.529583144
3250,0.166491038403,5.539872194
3260,0.166491038403,5.552315602
3270,0.166491038403,5.574246077
3280,0.166491038403,5.592251457
3290,0.166491038403,5.609862693
3300,0.166491038403,5.633592925
3310,0.166491038403,5.651961828
3320,0.166491038403,5.668284782
3330,0.166491038403,5.678870406
3340,0.166491038403,5.699803857
3350,0.166491038403,5.715602265
3360,0.166491038403,5.721894283
3370,0.166491038403,5.729267375
3380,0.166491038403,5.744909866
3390,0.166491038403,5.769434595
3400,0.166491038403,5.779710403
3410,0.166491038403,5.817894466
3420,0.166491038403,5.82600127
3430,0.166491038403,5.84143557
3440,0.166491038403,5.854356813
3450,0.166491038403,5.880438796
3460,0.166491038403,5.890856873
3470,0.166491038403,5.911939275
3480,0.166491038403,5.936403239
3490,0.166491038403,5.955453116
3500,0.166491038403,5.977322108
3510,0.166491038403,5.990315666
3520,0.166491038403,6.008944321
3530,0.166491038403,6.033983508
3540,0.166491038403,6.057968685
3550,0.166491038403,6.080222642
3560,0.166491038403,6.096603344
3570,0.166491038403,6.121321036
3580,0.166491038403,6.142909171
3590,0.166491038403,6.161785082
3600,0.166491038403,6.180627156
3610,0.166491038403,6.201618859
3620,0.166491038403,6.218150021
3630,0.166491038403,6.244633137
3640,0.166491038403,6.25847785
3650,0.166491038403,6.267397963
3660,0.166491038403,6.281045702
3670,0.166491038403,6.300407383
3680,0.166491038403,6.321082337
3690,0.166491038403,6.336004714
3700,0.166491038403,6.35681384
3710,0.166491038403,6.372824858
3720,0.166491038403,6.388954036
3730,0.166491038403,6.409137869
3740,0.166491038403,6.426193087
3750,0.166491038403,6.437540078
3760,0.166491038403,6.448781285
3770,0.166491038403,6.46870177
3780,0.166491038403,6.486636649
3790,0.166491038403,6.501323352
3800,0.166491038403,6.52211784
3810,0.166491038403,6.542056631
3820,0.166491038403,6.556568373
3830,0.166491038403,6.569156007
3840,0.166491038403,6.584338044
3850,0.166491038403,6.609226231
3860,0.166491038403,6.631680095
3870,0.166491038403,6.658690423
3880,0.166491038403,6.667535131
3890,0.166491038403,6.686567719
3900,0.166491038403,6.705563681
3910,0.166491038403,6.719502213
3920,0.166491038403,6.737666703
3930,0.166491038403,6.760648132
3940,0.166491038403,6.778443878
3950,0.166491038403,6.797421073
3960,0.166491038403,6.809585421
3970,0.166491038403,6.833289702
3980,0.166491038403,6.849369929
3990,0.166491038403,6.869054968
4000,0.166491038403,6.893122055
4010,0.166491038403,6.922140558
4020,0.166491038403,6.93921786
4030,0.166491038403,6.949428846
4040,0.166491038403,6.967339807
4050,0.166491038403,6.994507142
4060,0.166491038403,7.01261689
4070,0.166491038403,7.034301989
4080,0.166491038403,7.044695911
4090,0.166491038403,7.068140652
4100,0.166491038403,7.087939914
4110,0.166491038403,7.107875306
4120,0.166491038403,7.123321267
4130,0.166491038403,7.138014878
4140,0.166491038403,7.151525684
4150,0.166491038403,7.161958874
4160,0.166491038403,7.180452518
4170,0.166491038403,7.197572289
4180,0.199789246084,7.214505108
4190,0.199789246084,7.242525909
4200,0.199789246084,7.264245035
4210,0.199789246084,7.280711785
4220,0.199789246084,7.29880542
4230,0.199789246084,7.329711631
4240,0.199789246084,7.346657372
4250,0.199789246084,7.363958935
4260,0.199789246084,7.380945584
4270,0.199789246084,7.400924149
4280,0.199789246084,7.407734356
4290,0.199789246084,7.431157008
4300,0.199789246084,7.450489594
4310,0.199789246084,7.467860254
4320,0.199789246084,7.496360759
4330,0.199789246084,7.513689144
4340,0.199789246084,7.541779739
4350,0.199789246084,7.5605886
4360,0.199789246084,7.585084938
4370,0.199789246084,7.602430992
4380,0.199789246084,7.621319265
4390,0.199789246084,7.640737413
4400,0.199789246084,7.653745271
4410,0.199789246084,7.676097693
4420,0.199789246084,7.707960422
4430,0.199789246084,7.737596192
4440,0.199789246084,7.76072805
4450,0.199789246084,7.778660393
4460,0.199789246084,7.795318318
4470,0.199789246084,7.818123471
4480,0.199789246084,7.83934652
4490,0.199789246084,7.861994178
4500,0.199789246084,7.885646932
4510,0.199789246084,7.891070045
4520,0.199789246084,7.920443399
4530,0.199789246084,7.936300332
4540,0.199789246084,7.96089922
4550,0.199789246084,7.978212941
4560,0.199789246084,7.994174175
4570,0.199789246084,8.009087723
4580,0.199789246084,8.024465795
4590,0.199789246084,8.051405716
4600,0.199789246084,8.071303714
4610,0.199789246084,8.085277167
4620,0.199789246084,8.102341137
4630,0.199789246084,8.127852827
4640,0.199789246084,8.143309128
4650,0.199789246084,8.162292087
4660,0.199789246084,8.179238277
4670,0.199789246084,8.194667369
4680,0.199789246084,8.21844806
4690,0.199789246084,8.234352348
4700,0.199789246084,8.253529247
4710,0.199789246084,8.268495441
4720,0.199789246084,8.287208656
4730,0.199789246084,8.312675063
4740,0.199789246084,8.337440866
4750,0.199789246084,8.352178271
4760,0.199789246084,8.372349712
4770,0.199789246084,8.392539878
4780,0.199789246084,8.412151363
4790,0.199789246084,8.426317642
4800,0.199789246084,8.446091897
4810,0.199789246084,8.486342887
4820,0.199789246084,8.491402263
4830,0.199789246084,8.510806295
4840,0.199789246084,8.528737123
4850,0.199789246084,8.547800737
4860,0.199789246084,8.56942813
4870,0.199789246084,8.595181083
4880,0.199789246084,8.613246677
4890,0.199789246084,8.637824056
4900,0.199789246084,8.660793903
4910,0.199789246084,8.676120791
4920,0.199789246084,8.696440274
4930,0.199789246084,8.717828597
4940,0.199789246084,8.735047172
4950,0.199789246084,8.753884534
4960,0.199789246084,8.780859395
4970,0.199789246084,8.801643399
4980,0.199789246084,8.832489248
4990,0.199789246084,8.8640352
5000,0.199789246084,8.89447288
5010,0.199789246084,8.910452628
5020,0.199789246084,8.936769543
5030,0.199789246084,8.952747183
5040,0.199789246084,8.964006009
5050,0.199789246084,8.986573232
5060,0.199789246084,9.008068495
5070,0.199789246084,9.028421963
5080,0.199789246084,9.038094966
5090,0.199789246084,9.057130291
5100,0.199789246084,9.081620997
5110,0.199789246084,9.097353724
5120,0.199789246084,9.103600727
5130,0.199789246084,9.128060136
5140,0.199789246084,9.13406758
5150,0.199789246084,9.15138076
5160,0.199789246084,9.179171025
5170,0.199789246084,9.204227426
5180,0.199789246084,9.223544521
5190,0.199789246084,9.229791587
5200,0.199789246084,9.249065692
5210,0.199789246084,9.257567704
5220,0.199789246084,9.262682201
5230,0.199789246084,9.268583025
5240,0.199789246084,9.311715674
5250,0.199789246084,9.316895748
5260,0.199789246084,9.323387236
5270,0.199789246084,9.334304448
5280,0.199789246084,9.360943356
5290,0.199789246084,9.367403759
5300,0.199789246084,9.387985915
5310,0.199789246084,9.39801426
5320,0.199789246084,9.416777463
5330,0.199789246084,9.437924888
5340,0.199789246084,9.44925563
5350,0.199789246084,9.464892588
5360,0.199789246084,9.476890311
5370,0.199789246084,9.511486177
5380,0.199789246084,9.515118765
5390,0.199789246084,9.517495716
5400,0.199789246084,9.519697689
5410,0.199789246084,9.521279636
5420,0.199789246084,9.523040535
5430,0.199789246084,9.52430625
5440,0.199789246084,9.536316924
5450,0.199789246084,9.5818656
5460,0.199789246084,9.587528006
5470,0.199789246084,9.591381253
5480,0.199789246084,9.597579367
5490,0.199789246084,9.600919062
5500,0.199789246084,9.604741283
5510,0.199789246084,9.614943518
5520,0.199789246084,9.620147466
5530,0.199789246084,9.627762284
5540,0.199789246084,9.67734142
5550,0.199789246084,9.68594248
5560,0.199789246084,9.686665657
5570,0.199789246084,9.688337541
5580,0.199789246084,9.691374435
5590,0.199789246084,9.694138231
5600,0.199789246084,9.698563889
5610,0.199789246084,9.719500206
5620,0.199789246084,9.724384466
5630,0.199789246084,9.7301751
5640,0.199789246084,9.740561053
5650,0.199789246084,9.749990195
5660,0.199789246084,9.755988123
5670,0.199789246084,9.763883777
5680,0.199789246084,9.772867798
5690,0.199789246084,9.777108317
5700,0.199789246084,9.783590367
5710,0.199789246084,9.787784808
5720,0.199789246084,9.825351325
5730,0.199789246084,9.856209322
5740,0.199789246084,9.864369599
5750,0.199789246084,9.873933922
5760,0.199789246084,9.896955613
5770,0.199789246084,9.910179696
5780,0.199789246084,9.921330787
5790,0.199789246084,9.929440161
5800,0.199789246084,9.943276309
5810,0.199789246084,9.949457653
5820,0.199789246084,9.981633054
5830,0.199789246084,9.992644003
5840,0.199789246084,10.000974703
5850,0.199789246084,10.021116312
5860,0.199789246084,10.03022594
5870,0.199789246084,10.035755791
5880,0.199789246084,10.06185686
5890,0.199789246084,10.069574975
5900,0.199789246084,10.085861671
5910,0.249736557605,10.105343684
5920,0.249736557605,10.12270557
5930,0.249736557605,10.136751153
5940,0.249736557605,10.150917126
5950,0.249736557605,10.166127554
5960,0.249736557605,10.177430705
5970,0.249736557605,10.188964051
5980,0.249736557605,10.201366869
5990,0.249736557605,10.225450267
6000,0.249736557605,10.241433445
