iterations,fitness,time
0,0.152397387182,0.026010389
10,0.138543079256,0.051359091
20,0.160418302296,0.295448511
30,0.160418302296,0.517768614
40,0.145140368744,0.561033773
50,0.152397387182,0.720146616
60,0.152397387182,0.93953007
70,0.160418302296,0.943818341
80,0.152397387182,1.185654513
90,0.160418302296,1.342016866
100,0.169330430202,1.49083069
110,0.169330430202,1.582787375
120,0.160418302296,1.781567794
130,0.169330430202,1.876996339
140,0.179291043743,2.094622568
150,0.179291043743,2.344563141
160,0.179291043743,2.648122345
170,0.179291043743,2.89882275
180,0.190496733977,3.124014104
190,0.190496733977,3.341894821
200,0.203196516242,3.475501679
210,0.217710553116,3.498904827
220,0.203196516242,3.520423673
230,0.203196516242,3.536196709
240,0.190496733977,3.747287387
250,0.203196516242,3.778066249
260,0.203196516242,3.952199816
270,0.203196516242,4.051935021
280,0.203196516242,4.269236919
290,0.217710553116,4.287859738
300,0.203196516242,4.294714199
310,0.190496733977,4.306406063
320,0.190496733977,4.570524967
330,0.203196516242,4.576982725
340,0.203196516242,4.579337303
350,0.203196516242,4.580989073
360,0.217710553116,4.587193997
370,0.217710553116,4.589661154
380,0.203196516242,4.597264314
390,0.203196516242,4.600549127
400,0.203196516242,4.748139446
410,0.217710553116,4.770153562
420,0.203196516242,5.066364404
430,0.217710553116,5.19341293
440,0.217710553116,5.295571872
450,0.217710553116,5.555916246
460,0.217710553116,5.737178241
470,0.217710553116,5.860302003
480,0.217710553116,5.91190044
490,0.217710553116,6.065014021
500,0.234457518741,6.276882787
510,0.234457518741,6.42014392
520,0.253995645303,6.426854968
530,0.234457518741,6.614008822
540,0.234457518741,6.62498544
550,0.234457518741,6.872681013
560,0.234457518741,7.110024396
570,0.234457518741,7.115381364
580,0.234457518741,7.187397637
590,0.234457518741,7.2407534
600,0.234457518741,7.489328071
610,0.234457518741,7.569636776
620,0.253995645303,7.710891912
630,0.253995645303,7.868057651
640,0.253995645303,8.124221051
650,0.234457518741,8.343504126
660,0.234457518741,8.579522928
670,0.234457518741,8.739267611
680,0.234457518741,8.948342983
690,0.234457518741,9.056706046
700,0.234457518741,9.300301241
710,0.217710553116,9.372719117
720,0.217710553116,9.589958252
730,0.234457518741,9.712069156
740,0.234457518741,9.845285002
750,0.234457518741,10.07167066
760,0.234457518741,10.117033312
770,0.253995645303,10.129514429
780,0.277086158512,10.410695234
790,0.253995645303,10.603562258
800,0.277086158512,10.796670613
810,0.277086158512,10.902212643
820,0.277086158512,10.918474124
830,0.277086158512,11.190410895
840,0.277086158512,11.354982262
850,0.277086158512,11.471131894
860,0.277086158512,11.64067228
870,0.277086158512,11.698363273
880,0.277086158512,11.928735996
890,0.304794774363,12.022422775
900,0.304794774363,12.170085873
910,0.277086158512,12.364452213
920,0.277086158512,12.472668632
930,0.277086158512,12.485214114
940,0.253995645303,12.693322683
950,0.253995645303,12.853804604
960,0.253995645303,13.097064587
970,0.277086158512,13.279868783
980,0.253995645303,13.488264305
990,0.253995645303,13.656509057
1000,0.253995645303,13.932718668
1010,0.277086158512,14.050605624
1020,0.253995645303,14.173204845
1030,0.253995645303,14.313546984
1040,0.253995645303,14.482177484
1050,0.253995645303,14.620641322
1060,0.253995645303,14.644904242
1070,0.253995645303,14.656204058
1080,0.277086158512,14.666906315
1090,0.277086158512,14.938043117
1100,0.277086158512,15.179998784
1110,0.277086158512,15.313666158
1120,0.304794774363,15.414318137
1130,0.277086158512,15.664119077
1140,0.277086158512,15.845684771
1150,0.304794774363,15.940120756
1160,0.277086158512,16.100419789
1170,0.277086158512,16.29921182
1180,0.277086158512,16.375161065
1190,0.277086158512,16.6587304
1200,0.253995645303,16.80778997
1210,0.253995645303,16.929145024
1220,0.253995645303,17.024228639
1230,0.253995645303,17.291865139
1240,0.253995645303,17.442937007
1250,0.253995645303,17.688812566
1260,0.277086158512,17.855538472
1270,0.277086158512,17.88015159
1280,0.277086158512,18.092738815
1290,0.304794774363,18.275603426
1300,0.304794774363,18.45475227
1310,0.304794774363,18.601988719
1320,0.304794774363,18.772455464
1330,0.304794774363,18.993518005
1340,0.304794774363,19.232271594
1350,0.304794774363,19.457417242
1360,0.304794774363,19.603907248
1370,0.304794774363,19.700496933
1380,0.304794774363,19.704760573
1390,0.304794774363,19.778483713
1400,0.304794774363,20.017801893
1410,0.277086158512,20.226979828
1420,0.277086158512,20.366454079
1430,0.277086158512,20.50284089
1440,0.277086158512,20.675436769
1450,0.277086158512,20.827410648
1460,0.277086158512,21.073259406
1470,0.304794774363,21.255357657
1480,0.304794774363,21.521238714
1490,0.277086158512,21.58573987
1500,0.277086158512,21.738257719
1510,0.277086158512,21.9135829
1520,0.277086158512,22.089082546
1530,0.277086158512,22.271870892
1540,0.277086158512,22.45424397
1550,0.304794774363,22.505989563
1560,0.304794774363,22.711659319
1570,0.304794774363,22.729800954
1580,0.304794774363,22.804594782
1590,0.304794774363,22.94095226
1600,0.304794774363,23.035309839
1610,0.304794774363,23.301766052
1620,0.304794774363,23.470910633
1630,0.304794774363,23.564791312
1640,0.338660860403,23.748081263
1650,0.304794774363,23.935103986
1660,0.338660860403,24.004597596
1670,0.304794774363,24.168198815
1680,0.304794774363,24.34713896
1690,0.380993467954,24.608648682
1700,0.380993467954,24.969552486
1710,0.380993467954,25.068327459
1720,0.380993467954,25.221888532
1730,0.380993467954,25.307770636
1740,0.380993467954,25.483163588
1750,0.380993467954,25.737592182
1760,0.380993467954,25.97258761
1770,0.380993467954,26.04702454
1780,0.380993467954,26.250022917
1790,0.380993467954,26.390945378
1800,0.380993467954,26.499366205
1810,0.380993467954,26.51627531
1820,0.380993467954,26.77770516
1830,0.435421106233,26.975196111
1840,0.435421106233,27.202188783
1850,0.435421106233,27.375023273
1860,0.435421106233,27.508134332
1870,0.435421106233,27.575291675
1880,0.435421106233,27.766219661
1890,0.435421106233,27.857861005
1900,0.435421106233,27.920878973
1910,0.435421106233,28.071853484
1920,0.435421106233,28.336354197
1930,0.435421106233,28.502059964
1940,0.435421106233,28.582065317
1950,0.435421106233,28.718447613
1960,0.435421106233,28.96558419
1970,0.435421106233,29.202288038
1980,0.435421106233,29.380713564
1990,0.435421106233,29.578177285
2000,0.435421106233,29.798040263
2010,0.435421106233,29.808758798
2020,0.435421106233,29.882511154
2030,0.435421106233,30.105564093
2040,0.435421106233,30.27937606
2050,0.435421106233,30.367855671
2060,0.435421106233,30.517506194
2070,0.435421106233,30.663863968
2080,0.435421106233,30.706995777
2090,0.435421106233,30.769531115
2100,0.435421106233,30.879594432
2110,0.435421106233,31.077120286
2120,0.435421106233,31.203888656
2130,0.435421106233,31.213029444
2140,0.435421106233,31.38317059
2150,0.435421106233,31.498470208
2160,0.435421106233,31.704004695
2170,0.435421106233,31.943672654
2180,0.435421106233,32.07897047
2190,0.435421106233,32.083043168
2200,0.435421106233,32.288238932
2210,0.435421106233,32.466620268
2220,0.435421106233,32.567323033
2230,0.435421106233,32.779611741
2240,0.435421106233,32.918474467
2250,0.435421106233,33.069681025
2260,0.435421106233,33.196900655
2270,0.435421106233,33.485112634
2280,0.435421106233,33.659370692
2290,0.435421106233,33.789717343
2300,0.435421106233,33.98318748
2310,0.435421106233,34.083874065
2320,0.435421106233,34.347133186
2330,0.435421106233,34.444552759
2340,0.435421106233,34.519104399
2350,0.435421106233,34.874261334
2360,0.435421106233,34.876020009
2370,0.435421106233,34.877462294
2380,0.435421106233,34.995148785
2390,0.435421106233,35.23543217
2400,0.435421106233,35.503118117
2410,0.435421106233,35.699189852
2420,0.435421106233,35.88620252
2430,0.435421106233,36.010798024
2440,0.435421106233,36.183626778
2450,0.435421106233,36.3423634
2460,0.435421106233,36.498694308
2470,0.435421106233,36.688659674
2480,0.435421106233,36.859165147
2490,0.435421106233,37.079930375
2500,0.435421106233,37.175465314
2510,0.435421106233,37.356631093
2520,0.435421106233,37.598370335
2530,0.435421106233,37.825868274
2540,0.380993467954,38.001431132
2550,0.435421106233,38.075490385
2560,0.435421106233,38.248402667
2570,0.435421106233,38.423198001
2580,0.435421106233,38.532526335
2590,0.435421106233,38.750520661
2600,0.435421106233,39.031377777
2610,0.435421106233,39.155339785
2620,0.435421106233,39.172191689
2630,0.435421106233,39.33906566
2640,0.435421106233,39.461402192
2650,0.435421106233,39.599784638
2660,0.435421106233,39.839923486
2670,0.435421106233,40.044352183
2680,0.435421106233,40.220915217
2690,0.435421106233,40.387703389
2700,0.435421106233,40.589452138
2710,0.435421106233,40.693607957
2720,0.435421106233,40.900109764
2730,0.435421106233,41.101198407
2740,0.435421106233,41.270222714
2750,0.435421106233,41.390871677
2760,0.435421106233,41.517745331
2770,0.435421106233,41.686693241
2780,0.435421106233,41.831731442
2790,0.435421106233,41.928583887
2800,0.435421106233,42.062239363
2810,0.435421106233,42.156287452
2820,0.435421106233,42.21230401
2830,0.435421106233,42.440604929
2840,0.435421106233,42.636445009
2850,0.435421106233,42.827206094
2860,0.435421106233,43.109004269
2870,0.435421106233,43.283268197
2880,0.435421106233,43.352237836
2890,0.435421106233,43.35431014
2900,0.435421106233,43.54819519
2910,0.435421106233,43.688719267
2920,0.435421106233,43.867693782
2930,0.435421106233,44.01587963
2940,0.435421106233,44.115299954
2950,0.435421106233,44.32943217
2960,0.435421106233,44.446177419
2970,0.435421106233,44.470893118
2980,0.435421106233,44.799846475
2990,0.435421106233,44.949626002
3000,0.435421106233,45.089522099
3010,0.435421106233,45.095889853
3020,0.435421106233,45.356981734
3030,0.435421106233,45.425496518
3040,0.435421106233,45.598048292
3050,0.435421106233,45.77707132
3060,0.435421106233,45.949239486
3070,0.435421106233,46.081082828
3080,0.435421106233,46.287863704
3090,0.435421106233,46.448389961
3100,0.435421106233,46.721910145
3110,0.435421106233,46.941417506
3120,0.435421106233,47.096122511
3130,0.435421106233,47.312097329
3140,0.435421106233,47.397644513
3150,0.435421106233,47.530134068
3160,0.435421106233,47.656943078
3170,0.435421106233,47.861389036
3180,0.435421106233,47.985417194
3190,0.435421106233,47.999122502
3200,0.435421106233,48.153248329
3210,0.435421106233,48.164618367
3220,0.435421106233,48.289280642
3230,0.435421106233,48.300886821
3240,0.435421106233,48.59566034
3250,0.435421106233,48.605204353
3260,0.435421106233,48.763597607
3270,0.435421106233,48.923385078
3280,0.435421106233,49.113715163
3290,0.435421106233,49.203908572
3300,0.435421106233,49.352551403
3310,0.435421106233,49.371768627
3320,0.435421106233,49.480913441
3330,0.435421106233,49.658422951
3340,0.507991290605,49.783756611
3350,0.435421106233,49.950479275
3360,0.435421106233,50.188253452
3370,0.435421106233,50.373831421
3380,0.435421106233,50.528381842
3390,0.435421106233,50.700995623
3400,0.435421106233,50.95160184
3410,0.435421106233,51.155582081
3420,0.435421106233,51.240837801
3430,0.435421106233,51.24204952
3440,0.435421106233,51.246995602
3450,0.435421106233,51.284306329
3460,0.435421106233,51.536589378
3470,0.435421106233,51.67655386
3480,0.435421106233,51.886862812
3490,0.435421106233,52.138074288
3500,0.435421106233,52.349369215
3510,0.435421106233,52.531216661
3520,0.435421106233,52.645033855
3530,0.435421106233,52.89891721
3540,0.435421106233,52.905610686
3550,0.435421106233,52.988916911
3560,0.435421106233,53.13110296
3570,0.435421106233,53.132911554
3580,0.435421106233,53.200438722
3590,0.435421106233,53.373223798
3600,0.435421106233,53.453871753
3610,0.435421106233,53.576804948
3620,0.435421106233,53.764379106
3630,0.435421106233,54.030642565
3640,0.435421106233,54.181348147
3650,0.435421106233,54.38593244
3660,0.435421106233,54.681622208
3670,0.435421106233,54.882429166
3680,0.435421106233,54.988332212
3690,0.435421106233,55.136509359
3700,0.435421106233,55.250510034
3710,0.435421106233,55.49325469
3720,0.435421106233,55.575581093
3730,0.435421106233,55.808773762
3740,0.435421106233,56.015968372
3750,0.435421106233,56.068580613
3760,0.435421106233,56.256488683
3770,0.435421106233,56.507744445
3780,0.435421106233,56.651893843
3790,0.435421106233,56.744763559
3800,0.435421106233,56.927750898
3810,0.435421106233,57.120622781
3820,0.435421106233,57.352133683
3830,0.435421106233,57.371585601
3840,0.435421106233,57.719732885
3850,0.435421106233,57.891506659
3860,0.435421106233,58.139583855
3870,0.435421106233,58.237285685
3880,0.435421106233,58.40543459
3890,0.435421106233,58.556202717
3900,0.435421106233,58.657901762
3910,0.435421106233,58.961010023
3920,0.435421106233,59.122911074
3930,0.435421106233,59.246940538
3940,0.435421106233,59.454957191
3950,0.435421106233,59.628084923
3960,0.435421106233,59.760497092
3970,0.435421106233,59.781140595
3980,0.435421106233,60.076352207
3990,0.435421106233,60.250629214
4000,0.435421106233,60.361607004
