iterations,fitness,time
0,0.138543079256,0.022628885
10,0.138543079256,0.178644321
20,0.145140368744,0.486033767
30,0.138543079256,0.551001195
40,0.132519467114,0.708721683
50,0.132519467114,0.798773626
60,0.132519467114,1.222712793
70,0.138543079256,1.29985874
80,0.145140368744,1.326122953
90,0.160418302296,1.34009935
100,0.145140368744,1.352666565
110,0.152397387182,1.364863829
120,0.160418302296,1.525855625
130,0.152397387182,1.634906535
140,0.179291043743,1.681084584
150,0.169330430202,1.698176016
160,0.169330430202,1.855071303
170,0.169330430202,2.18723565
180,0.179291043743,2.234369936
190,0.179291043743,2.589318898
200,0.190496733977,2.804830636
210,0.179291043743,3.040563959
220,0.179291043743,3.124466548
230,0.203196516242,3.250229122
240,0.179291043743,3.376991952
250,0.179291043743,3.575129727
260,0.179291043743,3.594724967
270,0.179291043743,3.733467544
280,0.190496733977,3.743349865
290,0.203196516242,3.76161574
300,0.217710553116,3.777837681
310,0.234457518741,4.022984
320,0.234457518741,4.276301253
330,0.234457518741,4.410617946
340,0.234457518741,4.565654537
350,0.253995645303,4.667129323
360,0.234457518741,4.903208277
370,0.253995645303,5.027325437
380,0.253995645303,5.124969495
390,0.277086158512,5.266942139
400,0.277086158512,5.434915418
410,0.277086158512,5.645882891
420,0.277086158512,5.79438455
430,0.338660860403,5.937193124
440,0.338660860403,5.991041274
450,0.338660860403,6.114446638
460,0.338660860403,6.127897294
470,0.338660860403,6.378859897
480,0.338660860403,6.562931413
490,0.338660860403,6.759769866
500,0.338660860403,6.902677626
510,0.338660860403,6.925042184
520,0.338660860403,7.153132568
530,0.338660860403,7.406059658
540,0.338660860403,7.584492137
550,0.338660860403,7.798356233
560,0.338660860403,7.867393638
570,0.380993467954,8.009104606
580,0.380993467954,8.164050104
590,0.380993467954,8.304690502
600,0.338660860403,8.485137806
610,0.338660860403,8.66686584
620,0.338660860403,8.842779826
630,0.380993467954,8.927543578
640,0.338660860403,8.931796083
650,0.338660860403,8.942590935
660,0.338660860403,9.108183227
670,0.338660860403,9.315303368
680,0.304794774363,9.506718458
690,0.304794774363,9.62557245
700,0.304794774363,9.910540224
710,0.304794774363,9.925149269
720,0.304794774363,10.125003809
730,0.304794774363,10.398802278
740,0.304794774363,10.439245708
750,0.338660860403,10.701815702
760,0.338660860403,10.779108896
770,0.338660860403,11.024676974
780,0.338660860403,11.138497232
790,0.338660860403,11.327696447
800,0.338660860403,11.332071797
810,0.380993467954,11.492590893
820,0.380993467954,11.646877766
830,0.380993467954,11.890582315
840,0.380993467954,12.003307611
850,0.380993467954,12.088478349
860,0.380993467954,12.164758997
870,0.380993467954,12.28062932
880,0.380993467954,12.448739154
890,0.380993467954,12.484019873
900,0.380993467954,12.664003603
910,0.435421106233,12.726979288
920,0.380993467954,12.896093716
930,0.380993467954,12.9672194
940,0.380993467954,13.112516143
950,0.380993467954,13.249055094
960,0.380993467954,13.35366391
970,0.380993467954,13.523718595
980,0.380993467954,13.709922791
990,0.380993467954,14.049846158
1000,0.380993467954,14.077234241
1010,0.380993467954,14.178755599
1020,0.380993467954,14.33535381
1030,0.380993467954,14.484779324
1040,0.380993467954,14.687944899
1050,0.380993467954,14.842712172
1060,0.380993467954,15.02852386
1070,0.380993467954,15.05145186
1080,0.380993467954,15.326864049
1090,0.380993467954,15.414394986
1100,0.380993467954,15.69787913
1110,0.380993467954,15.901483141
1120,0.380993467954,16.03358797
1130,0.380993467954,16.176958227
1140,0.380993467954,16.243150826
1150,0.380993467954,16.357807011
1160,0.380993467954,16.43089988
1170,0.380993467954,16.675397395
1180,0.380993467954,16.882398803
1190,0.380993467954,16.992427693
1200,0.380993467954,17.179958307
1210,0.380993467954,17.395312768
1220,0.380993467954,17.538481497
1230,0.380993467954,17.679943207
1240,0.380993467954,17.824213793
1250,0.380993467954,18.085089952
1260,0.380993467954,18.253403664
1270,0.380993467954,18.479422347
1280,0.380993467954,18.485751944
1290,0.380993467954,18.508707623
1300,0.380993467954,18.614130179
1310,0.380993467954,18.836188172
1320,0.380993467954,19.03654992
1330,0.380993467954,19.217463606
1340,0.380993467954,19.334650759
1350,0.380993467954,19.556980167
1360,0.380993467954,19.732621294
1370,0.380993467954,19.922838483
1380,0.380993467954,20.003101052
1390,0.435421106233,20.18448818
1400,0.380993467954,20.394257139
1410,0.380993467954,20.555955152
1420,0.380993467954,20.584071034
1430,0.338660860403,20.802175177
1440,0.338660860403,20.948734289
1450,0.338660860403,21.138092725
1460,0.380993467954,21.155541826
1470,0.338660860403,21.442955188
1480,0.380993467954,21.630706586
1490,0.435421106233,21.832220095
1500,0.507991290605,22.004653122
1510,0.507991290605,22.143979656
1520,0.507991290605,22.259457759
1530,0.507991290605,22.493333495
1540,0.507991290605,22.620592784
1550,0.507991290605,22.784562322
1560,0.507991290605,22.946493769
1570,0.507991290605,23.096076897
1580,0.507991290605,23.097980755
1590,0.507991290605,23.192575749
1600,0.507991290605,23.27371714
1610,0.507991290605,23.402220605
1620,0.507991290605,23.668938334
1630,0.507991290605,23.889899232
1640,0.507991290605,23.959512545
1650,0.507991290605,24.285805836
1660,0.507991290605,24.43126889
1670,0.507991290605,24.567149564
1680,0.507991290605,24.742565013
1690,0.507991290605,24.916303708
1700,0.507991290605,25.075046336
1710,0.507991290605,25.254330205
1720,0.507991290605,25.397116841
1730,0.507991290605,25.588292409
1740,0.507991290605,25.866483781
1750,0.507991290605,25.976530932
1760,0.507991290605,26.18286039
1770,0.507991290605,26.356888956
1780,0.507991290605,26.543209661
1790,0.507991290605,26.792124832
1800,0.507991290605,26.890160417
1810,0.507991290605,27.018887797
1820,0.507991290605,27.171834591
1830,0.507991290605,27.359002818
1840,0.507991290605,27.443745144
1850,0.507991290605,27.699006748
1860,0.507991290605,27.887584579
1870,0.507991290605,28.086212097
1880,0.507991290605,28.274127333
1890,0.507991290605,28.373488841
1900,0.507991290605,28.459636639
1910,0.507991290605,28.655396189
1920,0.507991290605,28.735613043
1930,0.507991290605,28.833082217
1940,0.507991290605,28.959227512
1950,0.507991290605,29.087453641
1960,0.507991290605,29.089983269
1970,0.507991290605,29.171457186
1980,0.507991290605,29.294273626
1990,0.507991290605,29.436919984
2000,0.507991290605,29.645365127
2010,0.507991290605,29.64866609
2020,0.507991290605,29.864740114
2030,0.507991290605,30.056731371
2040,0.507991290605,30.095932857
2050,0.507991290605,30.161031493
2060,0.507991290605,30.351173335
2070,0.507991290605,30.357965123
2080,0.507991290605,30.360012839
2090,0.507991290605,30.45554637
2100,0.507991290605,30.457144363
2110,0.507991290605,30.59716711
2120,0.507991290605,30.677543661
2130,0.507991290605,30.679431698
2140,0.507991290605,30.809504514
2150,0.507991290605,31.05691396
2160,0.507991290605,31.18366535
2170,0.507991290605,31.451588062
2180,0.507991290605,31.521405188
2190,0.507991290605,31.640042099
2200,0.507991290605,31.875519767
2210,0.507991290605,32.017850155
2220,0.507991290605,32.155059157
2230,0.507991290605,32.319198268
2240,0.507991290605,32.496727004
2250,0.507991290605,32.664303539
2260,0.507991290605,32.788766388
2270,0.507991290605,32.929846441
2280,0.507991290605,33.065773529
2290,0.507991290605,33.270896982
2300,0.507991290605,33.455707322
2310,0.507991290605,33.648546053
2320,0.507991290605,33.66324395
2330,0.507991290605,33.769620845
2340,0.507991290605,33.888242965
2350,0.507991290605,34.235725068
2360,0.507991290605,34.388846137
2370,0.507991290605,34.439154364
2380,0.507991290605,34.641327601
2390,0.507991290605,34.66569235
2400,0.507991290605,34.879910129
2410,0.507991290605,35.081102201
2420,0.507991290605,35.09168499
2430,0.507991290605,35.286223376
2440,0.507991290605,35.465360268
2450,0.507991290605,35.657241544
2460,0.507991290605,35.872128674
2470,0.507991290605,35.970290751
2480,0.507991290605,36.192996328
2490,0.507991290605,36.34667851
2500,0.507991290605,36.553992543
2510,0.507991290605,36.623202867
2520,0.507991290605,36.784101727
2530,0.507991290605,36.982365557
2540,0.507991290605,37.122942343
2550,0.507991290605,37.241124283
2560,0.507991290605,37.386415995
2570,0.507991290605,37.490992486
2580,0.507991290605,37.686204684
2590,0.507991290605,37.897186535
2600,0.507991290605,38.059337889
2610,0.507991290605,38.240204455
2620,0.507991290605,38.403854036
2630,0.507991290605,38.657510407
2640,0.507991290605,38.841609146
2650,0.507991290605,39.107422286
2660,0.507991290605,39.280157915
2670,0.507991290605,39.414604262
2680,0.507991290605,39.622672469
2690,0.507991290605,39.732849052
2700,0.507991290605,39.926894555
2710,0.507991290605,40.016984305
2720,0.507991290605,40.180355649
2730,0.507991290605,40.269377534
2740,0.507991290605,40.480953541
2750,0.507991290605,40.737338128
2760,0.507991290605,40.898095805
2770,0.507991290605,41.09626434
2780,0.507991290605,41.175114349
2790,0.507991290605,41.33786397
2800,0.507991290605,41.515350918
2810,0.507991290605,41.606059556
2820,0.507991290605,41.763907039
2830,0.507991290605,41.852330092
2840,0.507991290605,42.052292204
2850,0.507991290605,42.255153025
2860,0.507991290605,42.509115493
2870,0.507991290605,42.645695318
2880,0.609589548726,42.844417314
2890,0.507991290605,42.980749808
2900,0.507991290605,43.070756192
2910,0.507991290605,43.237054909
2920,0.507991290605,43.440741747
2930,0.507991290605,43.715594757
2940,0.507991290605,43.810567016
2950,0.507991290605,44.102788154
2960,0.609589548726,44.215193475
2970,0.609589548726,44.226117632
2980,0.609589548726,44.367706902
2990,0.609589548726,44.547330987
3000,0.609589548726,44.69466462
3010,0.609589548726,44.865474388
3020,0.609589548726,44.938074049
3030,0.609589548726,45.120442447
3040,0.609589548726,45.274413994
3050,0.609589548726,45.465516488
3060,0.609589548726,45.71238854
3070,0.609589548726,45.827819086
3080,0.609589548726,45.851322511
3090,0.609589548726,46.079778179
3100,0.609589548726,46.317953408
3110,0.609589548726,46.37162377
3120,0.609589548726,46.528456874
3130,0.609589548726,46.71971791
3140,0.609589548726,46.890707122
3150,0.609589548726,47.025621741
3160,0.609589548726,47.234170115
3170,0.609589548726,47.422476308
3180,0.609589548726,47.511187459
3190,0.609589548726,47.655346068
3200,0.609589548726,47.790000827
3210,0.609589548726,47.94989404
3220,0.609589548726,48.158803145
3230,0.609589548726,48.377329704
3240,0.609589548726,48.382992597
3250,0.609589548726,48.437810713
3260,0.609589548726,48.560449372
3270,0.609589548726,48.720320996
3280,0.609589548726,48.820545446
3290,0.609589548726,48.994370768
3300,0.609589548726,49.179729953
3310,0.609589548726,49.358005439
3320,0.609589548726,49.553942159
3330,0.609589548726,49.732945714
3340,0.609589548726,49.902153651
3350,0.609589548726,50.10482973
3360,0.609589548726,50.292185013
3370,0.609589548726,50.437584866
3380,0.609589548726,50.695211495
3390,0.609589548726,50.766809557
3400,0.609589548726,50.921657056
3410,0.609589548726,51.106780014
3420,0.609589548726,51.194241842
3430,0.609589548726,51.313025644
3440,0.609589548726,51.471343968
3450,0.609589548726,51.635132773
3460,0.609589548726,51.797852809
3470,0.609589548726,51.949319748
3480,0.609589548726,52.118048646
3490,0.609589548726,52.358035094
3500,0.609589548726,52.477417276
3510,0.609589548726,52.581115906
3520,0.609589548726,52.704254273
3530,0.609589548726,52.7845724
3540,0.609589548726,52.960138428
3550,0.609589548726,53.087885046
3560,0.609589548726,53.168176721
3570,0.609589548726,53.17165219
3580,0.609589548726,53.184635373
3590,0.609589548726,53.423805509
3600,0.609589548726,53.524974496
3610,0.609589548726,53.60376243
3620,0.609589548726,53.754628738
3630,0.609589548726,53.924274848
3640,0.609589548726,53.938186783
3650,0.609589548726,54.146375464
3660,0.609589548726,54.25197123
3670,0.609589548726,54.433449338
3680,0.609589548726,54.666568283
3690,0.761986935908,54.891416706
3700,0.609589548726,55.041681926
3710,0.761986935908,55.292935594
3720,0.761986935908,55.315939306
3730,0.761986935908,55.61704098
3740,0.761986935908,55.635021341
3750,0.761986935908,55.655526754
3760,0.761986935908,55.857567302
3770,0.761986935908,55.946687103
3780,0.761986935908,56.101186382
3790,0.761986935908,56.381073391
3800,0.761986935908,56.485390053
3810,0.761986935908,56.611254567
3820,0.761986935908,56.902786728
3830,0.761986935908,57.012241352
3840,0.761986935908,57.126155727
3850,0.761986935908,57.244165633
3860,0.761986935908,57.337476134
3870,0.761986935908,57.521382851
3880,0.761986935908,57.708723643
3890,0.761986935908,57.841071469
3900,0.761986935908,57.982597203
3910,0.761986935908,58.171604226
3920,0.761986935908,58.354901556
3930,0.761986935908,58.4684058
3940,0.761986935908,58.677260298
3950,0.761986935908,58.834178832
3960,0.761986935908,58.964805646
3970,0.761986935908,59.124794671
3980,0.761986935908,59.285428151
3990,0.761986935908,59.380242701
4000,0.761986935908,59.49764198
