iterations,fitness,time
0,0.152397387182,0.037494428
10,0.145140368744,0.097689461
20,0.138543079256,0.489747235
30,0.145140368744,0.559804125
40,0.138543079256,0.746210618
50,0.152397387182,0.791565663
60,0.160418302296,0.987598489
70,0.179291043743,1.182422595
80,0.179291043743,1.322947482
90,0.190496733977,1.468327581
100,0.203196516242,1.641726382
110,0.217710553116,1.701431096
120,0.217710553116,1.821227732
130,0.217710553116,1.834474846
140,0.217710553116,1.858408565
150,0.234457518741,1.979750692
160,0.217710553116,2.083151824
170,0.217710553116,2.364104998
180,0.234457518741,2.624434942
190,0.234457518741,2.883806249
200,0.234457518741,2.96036277
210,0.234457518741,3.034651385
220,0.234457518741,3.206176856
230,0.234457518741,3.472412596
240,0.234457518741,3.558160837
250,0.253995645303,3.69791688
260,0.253995645303,3.770394394
270,0.253995645303,3.790574556
280,0.253995645303,3.802316197
290,0.277086158512,4.002929109
300,0.234457518741,4.02392155
310,0.253995645303,4.054661824
320,0.234457518741,4.116948728
330,0.234457518741,4.130956765
340,0.217710553116,4.1451053
350,0.234457518741,4.426229753
360,0.234457518741,4.575371317
370,0.234457518741,4.844657391
380,0.234457518741,5.022586802
390,0.217710553116,5.213979669
400,0.217710553116,5.392069467
410,0.217710553116,5.468320587
420,0.234457518741,5.606128498
430,0.234457518741,5.729392035
440,0.253995645303,5.844152285
450,0.253995645303,6.074650486
460,0.253995645303,6.263531564
470,0.253995645303,6.40771129
480,0.253995645303,6.674832405
490,0.277086158512,6.945838452
500,0.277086158512,7.19989726
510,0.277086158512,7.336399431
520,0.304794774363,7.430448184
530,0.253995645303,7.613793621
540,0.277086158512,7.750117522
550,0.277086158512,7.808905992
560,0.277086158512,7.994698354
570,0.277086158512,8.233694467
580,0.304794774363,8.388913316
590,0.304794774363,8.401174635
600,0.304794774363,8.56146021
610,0.338660860403,8.7375127
620,0.338660860403,8.955636882
630,0.338660860403,9.123817339
640,0.338660860403,9.341160262
650,0.304794774363,9.494721737
660,0.304794774363,9.617024027
670,0.304794774363,9.809464027
680,0.304794774363,10.031599228
690,0.304794774363,10.130590148
700,0.253995645303,10.379996495
710,0.277086158512,10.436737094
720,0.277086158512,10.654940246
730,0.277086158512,10.955975509
740,0.277086158512,11.078429683
750,0.277086158512,11.278791934
760,0.277086158512,11.475351194
770,0.277086158512,11.483288258
780,0.304794774363,11.484467622
790,0.277086158512,11.584235057
800,0.277086158512,11.75484728
810,0.217710553116,11.773352177
820,0.217710553116,12.00323629
830,0.234457518741,12.262677304
840,0.234457518741,12.380059564
850,0.234457518741,12.620675172
860,0.277086158512,12.875625402
870,0.277086158512,13.083215624
880,0.253995645303,13.308280102
890,0.277086158512,13.432493273
900,0.277086158512,13.578261644
910,0.253995645303,13.757583804
920,0.234457518741,14.041363365
930,0.253995645303,14.160040517
940,0.253995645303,14.371362434
950,0.234457518741,14.512483009
960,0.203196516242,14.676547469
970,0.217710553116,14.868262303
980,0.203196516242,15.006495271
990,0.234457518741,15.191044312
1000,0.203196516242,15.459545912
1010,0.217710553116,15.609569974
1020,0.217710553116,15.797961984
1030,0.203196516242,15.997943707
1040,0.217710553116,16.017980063
1050,0.234457518741,16.346094781
1060,0.234457518741,16.547937794
1070,0.234457518741,16.716464916
1080,0.234457518741,16.906794976
1090,0.217710553116,17.03254697
1100,0.217710553116,17.042296716
1110,0.217710553116,17.277491858
1120,0.234457518741,17.442513095
1130,0.234457518741,17.60984979
1140,0.217710553116,17.704483755
1150,0.203196516242,17.952076455
1160,0.190496733977,18.094428832
1170,0.190496733977,18.341502648
1180,0.190496733977,18.410025485
1190,0.203196516242,18.58798263
1200,0.203196516242,18.821298
1210,0.203196516242,18.90727426
1220,0.203196516242,19.093342373
1230,0.203196516242,19.277793068
1240,0.217710553116,19.390115691
1250,0.203196516242,19.41657676
1260,0.203196516242,19.69183008
1270,0.203196516242,19.707856674
1280,0.203196516242,19.790554907
1290,0.203196516242,20.022410233
1300,0.203196516242,20.298774481
1310,0.217710553116,20.318178447
1320,0.234457518741,20.596967602
1330,0.234457518741,20.729741144
1340,0.217710553116,20.895047825
1350,0.217710553116,21.078182465
1360,0.217710553116,21.086255628
1370,0.203196516242,21.33147264
1380,0.203196516242,21.515527577
1390,0.217710553116,21.706524059
1400,0.217710553116,21.865155011
1410,0.234457518741,22.074272007
1420,0.234457518741,22.233933148
1430,0.234457518741,22.276983499
1440,0.234457518741,22.34955046
1450,0.234457518741,22.622926183
1460,0.234457518741,22.708287904
1470,0.217710553116,22.769409872
1480,0.217710553116,22.963878535
1490,0.217710553116,23.156028642
1500,0.203196516242,23.3203168
1510,0.234457518741,23.45974371
1520,0.234457518741,23.561730718
1530,0.234457518741,23.731512054
1540,0.234457518741,23.97926752
1550,0.234457518741,24.154010241
1560,0.217710553116,24.28882882
1570,0.234457518741,24.30618474
1580,0.217710553116,24.536893381
1590,0.217710553116,24.557928383
1600,0.190496733977,24.774062626
1610,0.203196516242,24.941754043
1620,0.190496733977,25.12022503
1630,0.190496733977,25.335260048
1640,0.190496733977,25.500127343
1650,0.234457518741,25.574491748
1660,0.253995645303,25.752069585
1670,0.253995645303,25.907148088
1680,0.253995645303,26.014357533
1690,0.277086158512,26.089953874
1700,0.253995645303,26.092232853
1710,0.253995645303,26.158469485
1720,0.253995645303,26.418357694
1730,0.253995645303,26.65647027
1740,0.277086158512,26.879219888
1750,0.234457518741,27.085273638
1760,0.253995645303,27.272811767
1770,0.234457518741,27.385920334
1780,0.217710553116,27.618423546
1790,0.217710553116,27.768520592
1800,0.217710553116,27.96158691
1810,0.234457518741,28.159881285
1820,0.253995645303,28.295367083
1830,0.253995645303,28.586968986
1840,0.253995645303,28.844718406
1850,0.253995645303,28.890949242
1860,0.253995645303,29.018950798
1870,0.253995645303,29.087817566
1880,0.234457518741,29.177957857
1890,0.234457518741,29.19171003
1900,0.253995645303,29.466397968
1910,0.234457518741,29.555649802
1920,0.234457518741,29.69144338
1930,0.253995645303,29.860652484
1940,0.234457518741,29.94034421
1950,0.234457518741,30.107884164
1960,0.234457518741,30.216229174
1970,0.234457518741,30.236606561
1980,0.277086158512,30.424179783
1990,0.277086158512,30.513633098
2000,0.277086158512,30.812926689
2010,0.277086158512,31.001086376
2020,0.304794774363,31.177343961
2030,0.253995645303,31.370187794
2040,0.253995645303,31.431286947
2050,0.253995645303,31.568919918
2060,0.277086158512,31.741841566
2070,0.253995645303,31.950434122
2080,0.277086158512,32.12084208
2090,0.277086158512,32.256407212
2100,0.277086158512,32.475342603
2110,0.277086158512,32.722415464
2120,0.277086158512,32.99985637
2130,0.277086158512,33.06311378
2140,0.277086158512,33.135636755
2150,0.277086158512,33.323675521
2160,0.277086158512,33.537087636
2170,0.277086158512,33.790239389
2180,0.277086158512,33.797181774
2190,0.277086158512,33.883208369
2200,0.277086158512,33.97850358
2210,0.277086158512,34.393302526
2220,0.277086158512,34.459051858
2230,0.277086158512,34.569342167
2240,0.253995645303,34.73620441
2250,0.277086158512,34.852508913
2260,0.277086158512,35.103917505
2270,0.277086158512,35.261711897
2280,0.277086158512,35.323843669
2290,0.253995645303,35.557281928
2300,0.234457518741,35.624768991
2310,0.234457518741,35.85025441
2320,0.253995645303,36.0542843
2330,0.277086158512,36.227408336
2340,0.304794774363,36.323118242
2350,0.304794774363,36.475435071
2360,0.304794774363,36.582217168
2370,0.304794774363,36.852769252
2380,0.304794774363,36.918559805
2390,0.304794774363,37.049530283
2400,0.277086158512,37.177484889
2410,0.277086158512,37.310447043
2420,0.277086158512,37.482102631
2430,0.277086158512,37.720851044
2440,0.277086158512,37.888699145
2450,0.277086158512,38.093016303
2460,0.277086158512,38.301329764
2470,0.304794774363,38.437642566
2480,0.338660860403,38.591760269
2490,0.338660860403,38.829900136
2500,0.304794774363,38.96727271
2510,0.304794774363,39.096854462
2520,0.304794774363,39.166487893
2530,0.304794774363,39.369235231
2540,0.304794774363,39.524045702
2550,0.277086158512,39.741506609
2560,0.304794774363,39.862359037
2570,0.304794774363,40.031919862
2580,0.338660860403,40.136050625
2590,0.338660860403,40.273747722
2600,0.338660860403,40.394382052
2610,0.338660860403,40.695665948
2620,0.338660860403,40.849940304
2630,0.338660860403,41.018337508
2640,0.338660860403,41.237217449
2650,0.338660860403,41.328058168
2660,0.338660860403,41.550754112
2670,0.338660860403,41.759743937
2680,0.380993467954,41.910472841
2690,0.338660860403,42.093363974
2700,0.380993467954,42.323889859
2710,0.380993467954,42.521012905
2720,0.380993467954,42.522796814
2730,0.338660860403,42.584012065
2740,0.338660860403,42.85428153
2750,0.338660860403,43.010669501
2760,0.338660860403,43.180407274
2770,0.338660860403,43.19335683
2780,0.338660860403,43.39373732
2790,0.338660860403,43.558127962
2800,0.338660860403,43.700466672
2810,0.338660860403,43.827840243
2820,0.338660860403,43.932340718
2830,0.338660860403,44.128366368
2840,0.338660860403,44.233673737
2850,0.338660860403,44.483553843
2860,0.304794774363,44.716433638
2870,0.304794774363,44.920695161
2880,0.304794774363,45.093752914
2890,0.304794774363,45.232982001
2900,0.304794774363,45.329433771
2910,0.304794774363,45.570328008
2920,0.338660860403,45.730919019
2930,0.304794774363,45.944132086
2940,0.277086158512,45.960229487
2950,0.277086158512,46.178762033
2960,0.277086158512,46.401263666
2970,0.277086158512,46.513936896
2980,0.277086158512,46.772729166
2990,0.277086158512,46.898357151
3000,0.277086158512,47.034047066
3010,0.338660860403,47.238618725
3020,0.338660860403,47.43828186
3030,0.338660860403,47.518360032
3040,0.338660860403,47.647868169
3050,0.338660860403,47.891097008
3060,0.304794774363,48.015568072
3070,0.304794774363,48.151183254
3080,0.338660860403,48.428437885
3090,0.380993467954,48.541329885
3100,0.338660860403,48.740566485
3110,0.304794774363,48.744055123
3120,0.304794774363,48.893096352
3130,0.304794774363,48.972757262
3140,0.304794774363,49.243267672
3150,0.338660860403,49.403148001
3160,0.338660860403,49.574222889
3170,0.338660860403,49.644363437
3180,0.338660860403,49.791831376
3190,0.338660860403,50.061871758
3200,0.338660860403,50.192745474
3210,0.338660860403,50.317829245
3220,0.380993467954,50.450259586
3230,0.380993467954,50.609404456
3240,0.338660860403,50.884738611
3250,0.338660860403,51.028782579
3260,0.338660860403,51.228579755
3270,0.338660860403,51.363589727
3280,0.338660860403,51.483316548
3290,0.380993467954,51.673394248
3300,0.380993467954,51.911796304
3310,0.380993467954,52.115340416
3320,0.380993467954,52.287424199
3330,0.380993467954,52.428143046
3340,0.380993467954,52.589213977
3350,0.380993467954,52.809861151
3360,0.380993467954,52.960730243
3370,0.380993467954,53.299307567
3380,0.338660860403,53.426766551
3390,0.338660860403,53.578636646
3400,0.338660860403,53.818666497
3410,0.338660860403,53.924817775
3420,0.338660860403,54.165616922
3430,0.338660860403,54.312942892
3440,0.338660860403,54.49227257
3450,0.380993467954,54.720279073
3460,0.380993467954,54.88768963
3470,0.435421106233,55.070731243
3480,0.435421106233,55.122932237
3490,0.435421106233,55.463366238
3500,0.435421106233,55.632908099
3510,0.435421106233,55.953149159
3520,0.435421106233,56.146513571
3530,0.435421106233,56.314830286
3540,0.435421106233,56.466959243
3550,0.435421106233,56.591033161
3560,0.435421106233,56.772096215
3570,0.435421106233,56.888849604
3580,0.435421106233,57.066787661
3590,0.435421106233,57.080982607
3600,0.435421106233,57.360334015
3610,0.435421106233,57.455202515
3620,0.435421106233,57.695544966
3630,0.435421106233,57.782150295
3640,0.435421106233,57.932411393
3650,0.435421106233,58.185621538
3660,0.435421106233,58.37053806
3670,0.435421106233,58.528286359
3680,0.380993467954,58.664564138
3690,0.435421106233,58.893122671
3700,0.435421106233,59.014203222
3710,0.435421106233,59.169898139
3720,0.435421106233,59.360351541
3730,0.435421106233,59.448509856
3740,0.507991290605,59.642004806
3750,0.507991290605,59.761532608
3760,0.507991290605,59.922664126
3770,0.507991290605,59.991539155
3780,0.507991290605,60.084922272
3790,0.507991290605,60.210608287
3800,0.507991290605,60.353784747
3810,0.507991290605,60.506368651
3820,0.507991290605,60.592414165
3830,0.507991290605,60.59390307
3840,0.507991290605,60.596620149
3850,0.507991290605,60.674792298
3860,0.507991290605,60.676852706
3870,0.507991290605,60.747807745
3880,0.507991290605,60.759578586
3890,0.507991290605,60.946444017
3900,0.507991290605,61.071711099
3910,0.507991290605,61.180674792
3920,0.507991290605,61.337590388
3930,0.507991290605,61.341525483
3940,0.507991290605,61.463312423
3950,0.507991290605,61.516734863
3960,0.507991290605,61.687719105
3970,0.507991290605,61.787532463
3980,0.507991290605,61.890560098
3990,0.507991290605,61.937122965
4000,0.507991290605,61.947096139
