iterations,fitness,time
0,0.126997822651,0.126446046
10,0.138543079256,0.283221064
20,0.152397387182,0.589965084
30,0.152397387182,0.921662428
40,0.160418302296,1.147271945
50,0.169330430202,1.281930096
60,0.152397387182,1.485321369
70,0.152397387182,1.789673732
80,0.169330430202,1.934244057
90,0.169330430202,2.171503225
100,0.179291043743,2.432829543
110,0.190496733977,2.859596224
120,0.190496733977,3.118680817
130,0.179291043743,3.401130415
140,0.190496733977,3.768107874
150,0.190496733977,4.051667134
160,0.190496733977,4.251512972
170,0.203196516242,4.314860499
180,0.217710553116,4.794653654
190,0.217710553116,5.026201018
200,0.234457518741,5.293468143
210,0.217710553116,5.574840224
220,0.203196516242,5.696194673
230,0.217710553116,5.729185439
240,0.217710553116,6.096744282
250,0.234457518741,6.449766863
260,0.277086158512,6.651830755
270,0.277086158512,7.005664518
280,0.277086158512,7.271916111
290,0.304794774363,7.610887861
300,0.304794774363,8.000671249
310,0.304794774363,8.225148154
320,0.304794774363,8.737211057
330,0.304794774363,9.003886051
340,0.304794774363,9.331515832
350,0.304794774363,9.678991251
360,0.277086158512,9.870165457
370,0.253995645303,10.073806572
380,0.253995645303,10.489156469
390,0.234457518741,10.762339689
400,0.234457518741,11.010694131
410,0.234457518741,11.34069078
420,0.217710553116,11.676949737
430,0.253995645303,12.100005139
440,0.253995645303,12.335283432
450,0.253995645303,12.446297353
460,0.277086158512,12.728026262
470,0.277086158512,13.040748362
480,0.277086158512,13.473624403
490,0.277086158512,13.809990807
500,0.277086158512,13.968565517
510,0.277086158512,14.337687562
520,0.304794774363,14.797121512
530,0.304794774363,15.06335205
540,0.304794774363,15.111513535
550,0.277086158512,15.2514814
560,0.277086158512,15.645720338
570,0.253995645303,15.84324909
580,0.277086158512,16.17541536
590,0.277086158512,16.424566993
600,0.277086158512,16.635702825
610,0.277086158512,16.915945098
620,0.234457518741,17.264649343
630,0.253995645303,17.553068842
640,0.234457518741,17.855176693
650,0.234457518741,18.209160024
660,0.234457518741,18.322376564
670,0.234457518741,18.689695878
680,0.234457518741,19.071260825
690,0.277086158512,19.385034608
700,0.217710553116,19.738972323
710,0.217710553116,19.985410427
720,0.217710553116,20.230043694
730,0.203196516242,20.522673034
740,0.217710553116,20.844557463
750,0.217710553116,20.934379504
760,0.217710553116,20.950848097
770,0.203196516242,21.264382486
780,0.217710553116,21.59464579
790,0.203196516242,21.995569996
800,0.190496733977,22.138016153
810,0.203196516242,22.49559678
820,0.203196516242,22.62497276
830,0.190496733977,22.717805045
840,0.190496733977,23.041196615
850,0.190496733977,23.349851191
860,0.203196516242,23.603242744
870,0.203196516242,23.765744118
880,0.179291043743,23.869680423
890,0.190496733977,24.167099422
900,0.190496733977,24.425551984
910,0.203196516242,24.812069314
920,0.190496733977,25.03508149
930,0.190496733977,25.335913435
940,0.203196516242,25.734676933
950,0.203196516242,26.06512544
960,0.217710553116,26.367635788
970,0.203196516242,26.689113762
980,0.203196516242,27.041233885
990,0.203196516242,27.304956415
1000,0.203196516242,27.554941502
1010,0.190496733977,27.740508821
1020,0.169330430202,27.876495938
1030,0.190496733977,28.107565398
1040,0.203196516242,28.406679025
1050,0.234457518741,28.691212016
1060,0.234457518741,29.081210168
1070,0.253995645303,29.209475402
1080,0.234457518741,29.350440132
1090,0.217710553116,29.617351899
1100,0.217710553116,29.811359796
1110,0.217710553116,30.32840431
1120,0.217710553116,30.50035758
1130,0.217710553116,30.728544983
1140,0.217710553116,31.079368506
1150,0.234457518741,31.205370509
1160,0.253995645303,31.580520028
1170,0.234457518741,32.068071984
1180,0.253995645303,32.394310065
1190,0.234457518741,32.697143414
1200,0.217710553116,32.785577195
1210,0.234457518741,33.067292937
1220,0.203196516242,33.291749187
1230,0.217710553116,33.661028559
1240,0.234457518741,33.991921911
1250,0.217710553116,34.307883522
1260,0.234457518741,34.768598277
1270,0.217710553116,35.298267652
1280,0.217710553116,35.540500716
1290,0.217710553116,35.80735488
1300,0.217710553116,36.133740613
1310,0.217710553116,36.348252996
1320,0.217710553116,36.678099479
1330,0.253995645303,37.02517626
1340,0.234457518741,37.213675623
1350,0.253995645303,37.53396343
1360,0.277086158512,37.740459733
1370,0.277086158512,38.157158604
1380,0.304794774363,38.436577528
1390,0.338660860403,38.80468385
1400,0.304794774363,39.16702626
1410,0.304794774363,39.603907134
1420,0.304794774363,40.006640125
1430,0.304794774363,40.210844241
1440,0.304794774363,40.569652618
1450,0.304794774363,40.809483752
1460,0.338660860403,41.084858882
1470,0.304794774363,41.307915096
1480,0.304794774363,41.55628824
1490,0.304794774363,41.967109099
1500,0.380993467954,42.285960371
1510,0.338660860403,42.536152441
1520,0.338660860403,42.791522956
1530,0.338660860403,43.023170892
1540,0.338660860403,43.222968496
1550,0.338660860403,43.561121633
1560,0.380993467954,43.848416438
1570,0.380993467954,44.159254242
1580,0.435421106233,44.557580165
1590,0.435421106233,44.924750448
1600,0.435421106233,45.179567992
1610,0.435421106233,45.544600874
1620,0.380993467954,45.760870753
1630,0.380993467954,46.076753211
1640,0.380993467954,46.5244348
1650,0.380993467954,46.944280781
1660,0.380993467954,47.228302462
1670,0.380993467954,47.559557971
1680,0.338660860403,47.89337879
1690,0.338660860403,48.074051439
1700,0.338660860403,48.373461301
1710,0.304794774363,48.704848257
1720,0.304794774363,49.111816546
1730,0.304794774363,49.370079972
1740,0.304794774363,49.710302944
1750,0.277086158512,50.048455413
1760,0.277086158512,50.369102081
1770,0.277086158512,50.792348618
1780,0.277086158512,51.130355494
1790,0.277086158512,51.288160584
1800,0.277086158512,51.639187415
1810,0.277086158512,51.997899969
1820,0.277086158512,52.390914981
1830,0.277086158512,52.906829735
1840,0.277086158512,53.260204978
1850,0.277086158512,53.586208783
1860,0.277086158512,53.760606236
1870,0.277086158512,54.228807882
1880,0.253995645303,54.527826221
1890,0.277086158512,54.943456442
1900,0.277086158512,55.205480259
1910,0.253995645303,55.629825642
1920,0.253995645303,55.91768811
1930,0.253995645303,56.126312976
1940,0.253995645303,56.456393255
1950,0.253995645303,56.806734624
1960,0.253995645303,57.030565674
1970,0.277086158512,57.402199791
1980,0.304794774363,57.667206879
1990,0.304794774363,57.866488936
2000,0.304794774363,58.032997886
2010,0.304794774363,58.31029339
2020,0.304794774363,58.659504663
2030,0.277086158512,58.850099137
2040,0.277086158512,59.235193576
2050,0.304794774363,59.627830795
2060,0.304794774363,59.89558586
2070,0.304794774363,60.162395976
2080,0.277086158512,60.409193383
2090,0.304794774363,60.585497186
2100,0.304794774363,60.82364638
2110,0.304794774363,60.841932736
2120,0.304794774363,61.10382965
2130,0.304794774363,61.130587847
2140,0.277086158512,61.434047086
2150,0.277086158512,61.555339169
2160,0.304794774363,61.789405467
2170,0.277086158512,62.07181065
2180,0.304794774363,62.196361888
2190,0.304794774363,62.364006888
2200,0.304794774363,62.681327034
2210,0.304794774363,62.735854878
2220,0.338660860403,62.824625371
2230,0.338660860403,63.019119046
2240,0.338660860403,63.163968725
2250,0.338660860403,63.304570297
2260,0.304794774363,63.487874211
2270,0.304794774363,63.724825533
2280,0.304794774363,63.909270688
2290,0.338660860403,63.971626243
2300,0.380993467954,64.094968349
2310,0.338660860403,64.230941921
2320,0.338660860403,64.349600062
2330,0.338660860403,64.403859039
2340,0.338660860403,64.557069898
2350,0.338660860403,64.614387305
2360,0.338660860403,64.79344231
2370,0.338660860403,64.930708907
2380,0.380993467954,65.103835266
2390,0.338660860403,65.345082507
2400,0.338660860403,65.423418625
2410,0.338660860403,65.703195894
2420,0.380993467954,65.77354007
2430,0.380993467954,66.006129977
2440,0.380993467954,66.242272962
2450,0.380993467954,66.387031357
2460,0.380993467954,66.680888986
2470,0.304794774363,66.687832157
2480,0.304794774363,66.742206875
2490,0.304794774363,66.939573867
2500,0.304794774363,67.041624115
2510,0.304794774363,67.240529589
2520,0.277086158512,67.529128457
2530,0.277086158512,67.597966554
2540,0.277086158512,67.626105093
2550,0.277086158512,67.842867118
2560,0.277086158512,68.092373245
2570,0.277086158512,68.303327425
2580,0.304794774363,68.442295228
2590,0.304794774363,68.557274681
2600,0.304794774363,68.648418167
2610,0.304794774363,68.80451191
2620,0.338660860403,68.935617097
2630,0.304794774363,69.091602849
2640,0.304794774363,69.114957542
2650,0.277086158512,69.324830013
2660,0.277086158512,69.327874303
2670,0.277086158512,69.344477904
2680,0.277086158512,69.659092669
2690,0.304794774363,69.837078364
2700,0.304794774363,69.995340724
2710,0.277086158512,70.046780962
2720,0.277086158512,70.120638788
2730,0.277086158512,70.244041712
2740,0.253995645303,70.409260279
2750,0.253995645303,70.589746859
2760,0.253995645303,70.679753842
2770,0.234457518741,70.82530839
2780,0.253995645303,70.967951691
2790,0.253995645303,71.15353941
2800,0.253995645303,71.307690469
2810,0.253995645303,71.422688509
2820,0.253995645303,71.725929111
2830,0.234457518741,71.918538656
2840,0.217710553116,72.125132884
2850,0.217710553116,72.304183354
2860,0.203196516242,72.490682576
2870,0.203196516242,72.593252445
2880,0.234457518741,72.73442352
2890,0.217710553116,72.946951091
2900,0.234457518741,72.989178898
2910,0.234457518741,72.991921739
2920,0.253995645303,73.09069699
2930,0.253995645303,73.203263045
2940,0.253995645303,73.364303305
2950,0.253995645303,73.489513305
2960,0.277086158512,73.68125369
2970,0.304794774363,73.863845028
2980,0.277086158512,74.114633885
2990,0.277086158512,74.366338851
3000,0.277086158512,74.548988506
3010,0.304794774363,74.658470716
3020,0.277086158512,74.719838406
3030,0.277086158512,74.764233378
3040,0.304794774363,74.878846559
3050,0.304794774363,74.980668411
3060,0.304794774363,75.215627303
3070,0.304794774363,75.432267593
3080,0.304794774363,75.479735433
3090,0.304794774363,75.648429902
3100,0.338660860403,75.781514002
3110,0.380993467954,76.039708193
3120,0.380993467954,76.139426118
3130,0.380993467954,76.268290549
3140,0.380993467954,76.387273502
3150,0.380993467954,76.564571744
3160,0.380993467954,76.800096789
3170,0.380993467954,77.031117176
3180,0.380993467954,77.107375951
3190,0.380993467954,77.260381577
3200,0.380993467954,77.331521498
3210,0.380993467954,77.39844682
3220,0.338660860403,77.573490511
3230,0.338660860403,77.738572344
3240,0.338660860403,77.935234392
3250,0.338660860403,78.214716006
3260,0.338660860403,78.255774641
3270,0.380993467954,78.57272859
3280,0.380993467954,78.730237061
3290,0.380993467954,78.938788151
3300,0.380993467954,79.14618429
3310,0.380993467954,79.302187216
3320,0.380993467954,79.386294272
3330,0.435421106233,79.602023952
3340,0.380993467954,79.710102897
3350,0.435421106233,79.853373101
3360,0.380993467954,79.952362482
3370,0.338660860403,80.072880678
3380,0.338660860403,80.164939202
3390,0.338660860403,80.38037434
3400,0.304794774363,80.535948455
3410,0.338660860403,80.803582183
3420,0.338660860403,80.967555908
3430,0.338660860403,81.136234345
3440,0.304794774363,81.226719728
3450,0.338660860403,81.412758358
3460,0.380993467954,81.517008716
3470,0.380993467954,81.642550123
3480,0.338660860403,81.920379034
3490,0.338660860403,82.093339169
3500,0.380993467954,82.41049259
3510,0.338660860403,82.551430796
3520,0.338660860403,82.780663875
3530,0.338660860403,83.018918287
3540,0.338660860403,83.175267746
3550,0.338660860403,83.336917999
3560,0.338660860403,83.434832512
3570,0.338660860403,83.577905698
3580,0.380993467954,83.68968985
3590,0.380993467954,83.719029847
3600,0.380993467954,84.029234891
3610,0.380993467954,84.122208305
3620,0.380993467954,84.324379375
3630,0.380993467954,84.548376863
3640,0.380993467954,84.772137194
3650,0.380993467954,84.9927577
3660,0.380993467954,85.137117163
3670,0.380993467954,85.230759602
3680,0.380993467954,85.388631063
3690,0.380993467954,85.581220284
3700,0.380993467954,85.63593117
3710,0.380993467954,85.904742357
3720,0.338660860403,86.003442027
3730,0.304794774363,86.00594412
3740,0.304794774363,86.303980194
3750,0.277086158512,86.459933815
3760,0.277086158512,86.621924105
3770,0.277086158512,86.828137286
3780,0.253995645303,86.964693789
3790,0.253995645303,87.131658275
3800,0.253995645303,87.307062964
3810,0.253995645303,87.457504216
3820,0.234457518741,87.501526936
3830,0.253995645303,87.717764741
3840,0.253995645303,87.854431225
3850,0.253995645303,88.029315825
3860,0.277086158512,88.03940084
3870,0.253995645303,88.176348054
3880,0.253995645303,88.296407475
3890,0.253995645303,88.455745333
3900,0.304794774363,88.6651453
3910,0.338660860403,88.891032555
3920,0.304794774363,88.972013829
3930,0.304794774363,89.030816612
3940,0.304794774363,89.173529291
3950,0.304794774363,89.257149198
3960,0.277086158512,89.389530437
3970,0.304794774363,89.471956355
3980,0.304794774363,89.55874137
3990,0.304794774363,89.697436627
4000,0.304794774363,89.779870479
