iterations,fitness,time
0,0.176755278942,0.014655238
10,0.176755278942,0.02880749
20,0.187802483876,0.083483066
30,0.176755278942,0.142555484
40,0.176755278942,0.222145211
50,0.176755278942,0.285019598
60,0.187802483876,0.399087844
70,0.200322649468,0.474425956
80,0.200322649468,0.575553781
90,0.200322649468,0.683371292
100,0.200322649468,0.693047142
110,0.200322649468,0.708802306
120,0.200322649468,0.865063526
130,0.200322649468,0.98291408
140,0.214631410144,1.000784408
150,0.214631410144,1.010369662
160,0.200322649468,1.268095593
170,0.200322649468,1.281909119
180,0.200322649468,1.372857504
190,0.200322649468,1.516365808
200,0.200322649468,1.594438725
210,0.200322649468,1.652017853
220,0.200322649468,1.660492136
230,0.214631410144,1.860664185
240,0.214631410144,1.873568713
250,0.214631410144,2.02124407
260,0.214631410144,2.036014427
270,0.214631410144,2.221346446
280,0.214631410144,2.287378446
290,0.214631410144,2.391641697
300,0.231141518617,2.499328186
310,0.231141518617,2.654724159
320,0.231141518617,2.662736171
330,0.231141518617,2.681458241
340,0.231141518617,2.821735586
350,0.231141518617,2.881772805
360,0.231141518617,2.892031588
370,0.231141518617,3.025717143
380,0.231141518617,3.114192479
390,0.231141518617,3.230632128
400,0.231141518617,3.320733019
410,0.231141518617,3.459428211
420,0.231141518617,3.482844658
430,0.231141518617,3.537363134
440,0.231141518617,3.653684809
450,0.231141518617,3.762921219
460,0.231141518617,3.839566728
470,0.231141518617,3.93575695
480,0.231141518617,4.003715237
490,0.250403311835,4.084042775
500,0.231141518617,4.146131267
510,0.250403311835,4.197321011
520,0.231141518617,4.21168151
530,0.231141518617,4.479578048
540,0.231141518617,4.537845717
550,0.231141518617,4.610451501
560,0.231141518617,4.725268325
570,0.231141518617,4.772274591
580,0.231141518617,4.90064505
590,0.231141518617,4.910318023
600,0.231141518617,5.01602908
610,0.250403311835,5.144512385
620,0.231141518617,5.33830604
630,0.231141518617,5.359416438
640,0.231141518617,5.422875171
650,0.231141518617,5.498630948
660,0.231141518617,5.50615267
670,0.231141518617,5.565739747
680,0.231141518617,5.65618548
690,0.231141518617,5.66544721
700,0.250403311835,5.759724577
710,0.273167249274,5.833251512
720,0.273167249274,5.908352353
730,0.273167249274,6.004713968
740,0.273167249274,6.009072386
750,0.273167249274,6.018364356
760,0.273167249274,6.170670631
770,0.273167249274,6.219743828
780,0.273167249274,6.29350699
790,0.273167249274,6.308832054
800,0.273167249274,6.452933444
810,0.273167249274,6.517315368
820,0.273167249274,6.522394915
830,0.273167249274,6.627834766
840,0.273167249274,6.708546479
850,0.273167249274,6.782588713
860,0.273167249274,6.891305164
870,0.273167249274,6.899986188
880,0.273167249274,6.977327999
890,0.273167249274,7.063733918
900,0.273167249274,7.117504503
910,0.273167249274,7.151774553
920,0.273167249274,7.276944318
930,0.273167249274,7.36144805
940,0.273167249274,7.423363475
950,0.273167249274,7.527997891
960,0.273167249274,7.644184906
970,0.273167249274,7.707630107
980,0.273167249274,7.800440369
990,0.273167249274,7.872674162
1000,0.273167249274,7.938270803
1010,0.273167249274,8.070331179
1020,0.273167249274,8.07716538
1030,0.273167249274,8.183914412
1040,0.273167249274,8.258898198
1050,0.300483974202,8.391980482
1060,0.300483974202,8.491796984
1070,0.300483974202,8.56009284
1080,0.300483974202,8.644127149
1090,0.273167249274,8.708765313
1100,0.273167249274,8.769882839
1110,0.273167249274,8.911906414
1120,0.273167249274,8.968695053
1130,0.273167249274,9.096740769
1140,0.273167249274,9.131737119
1150,0.273167249274,9.150795159
1160,0.273167249274,9.300233993
1170,0.273167249274,9.428516352
1180,0.273167249274,9.556950951
1190,0.273167249274,9.571105914
1200,0.300483974202,9.585811788
1210,0.273167249274,9.750752099
1220,0.273167249274,9.895750954
1230,0.273167249274,9.916780881
1240,0.273167249274,9.937927118
1250,0.273167249274,9.95318499
1260,0.273167249274,10.137186076
1270,0.273167249274,10.252279568
1280,0.273167249274,10.259852511
1290,0.273167249274,10.318765792
1300,0.273167249274,10.325553093
1310,0.273167249274,10.426085995
1320,0.273167249274,10.455218692
1330,0.273167249274,10.544138113
1340,0.273167249274,10.599530607
1350,0.273167249274,10.753956312
1360,0.273167249274,10.767833724
1370,0.273167249274,10.879259141
1380,0.273167249274,10.946930683
1390,0.273167249274,10.956206506
1400,0.273167249274,11.148166466
1410,0.273167249274,11.213140146
1420,0.273167249274,11.37078669
1430,0.300483974202,11.414796607
1440,0.300483974202,11.528303353
1450,0.300483974202,11.539876346
1460,0.300483974202,11.607837917
1470,0.300483974202,11.61538809
1480,0.300483974202,11.639919774
1490,0.300483974202,11.650930382
1500,0.300483974202,11.78018832
1510,0.300483974202,11.839780459
1520,0.300483974202,11.853327773
1530,0.300483974202,12.097932531
1540,0.300483974202,12.109349652
1550,0.300483974202,12.227474486
1560,0.300483974202,12.239712423
1570,0.300483974202,12.352012182
1580,0.300483974202,12.392852186
1590,0.300483974202,12.439869662
1600,0.300483974202,12.516506275
1610,0.300483974202,12.558321259
1620,0.300483974202,12.684985076
1630,0.300483974202,12.791362874
1640,0.300483974202,12.803377965
1650,0.300483974202,12.815216633
1660,0.300483974202,12.911876606
1670,0.300483974202,12.915743332
1680,0.300483974202,13.045330524
1690,0.300483974202,13.055467709
1700,0.300483974202,13.062134481
1710,0.300483974202,13.252614279
1720,0.300483974202,13.265323907
1730,0.300483974202,13.279788438
1740,0.300483974202,13.290438001
1750,0.300483974202,13.447583241
1760,0.300483974202,13.541687766
1770,0.300483974202,13.601697342
1780,0.300483974202,13.787751341
1790,0.300483974202,13.799286493
1800,0.300483974202,13.974609732
1810,0.300483974202,13.996011143
1820,0.300483974202,14.013403169
1830,0.300483974202,14.211897216
1840,0.333871082446,14.316214419
1850,0.333871082446,14.380660178
1860,0.333871082446,14.395472875
1870,0.333871082446,14.455116536
1880,0.333871082446,14.514957594
1890,0.333871082446,14.580705809
1900,0.333871082446,14.716093744
1910,0.333871082446,14.804919559
1920,0.333871082446,14.931677115
1930,0.333871082446,15.021946982
1940,0.333871082446,15.09468279
1950,0.333871082446,15.257034731
1960,0.333871082446,15.315477067
1970,0.333871082446,15.446301733
1980,0.333871082446,15.458896134
1990,0.333871082446,15.608592973
2000,0.333871082446,15.639042182
2010,0.333871082446,15.739677863
2020,0.333871082446,15.745016883
2030,0.333871082446,15.888807718
2040,0.333871082446,16.018249699
2050,0.333871082446,16.066730615
2060,0.333871082446,16.201996872
2070,0.333871082446,16.309655676
2080,0.333871082446,16.329744689
2090,0.333871082446,16.509303936
2100,0.333871082446,16.528152524
2110,0.333871082446,16.541658927
2120,0.333871082446,16.687730135
2130,0.333871082446,16.704040382
2140,0.333871082446,16.849352729
2150,0.333871082446,16.981591084
2160,0.333871082446,16.996217197
2170,0.333871082446,17.01203132
2180,0.333871082446,17.184229133
2190,0.333871082446,17.325855666
2200,0.333871082446,17.45540099
2210,0.333871082446,17.519283737
2220,0.333871082446,17.599087715
2230,0.333871082446,17.713895076
2240,0.333871082446,17.817931728
2250,0.333871082446,17.941553006
2260,0.333871082446,18.023322235
2270,0.333871082446,18.0400108
2280,0.333871082446,18.221472137
2290,0.333871082446,18.25179439
2300,0.333871082446,18.436308181
2310,0.333871082446,18.450827793
2320,0.375604967752,18.627356751
2330,0.375604967752,18.693728735
2340,0.375604967752,18.838032976
2350,0.375604967752,18.96992703
2360,0.375604967752,19.023224405
2370,0.375604967752,19.139902749
2380,0.375604967752,19.225170421
2390,0.375604967752,19.297362982
2400,0.375604967752,19.404466605
2410,0.375604967752,19.497015205
2420,0.375604967752,19.617076566
2430,0.375604967752,19.635580773
2440,0.375604967752,19.815438764
2450,0.375604967752,19.893428922
2460,0.375604967752,19.904844891
2470,0.375604967752,20.02248382
2480,0.375604967752,20.118515753
2490,0.375604967752,20.129010669
2500,0.375604967752,20.143657218
2510,0.375604967752,20.361228317
2520,0.375604967752,20.479203876
2530,0.375604967752,20.555626331
2540,0.375604967752,20.614578877
2550,0.375604967752,20.625029968
2560,0.375604967752,20.631949056
2570,0.375604967752,20.793546042
2580,0.375604967752,20.873365825
2590,0.375604967752,20.971974348
2600,0.375604967752,21.114428173
2610,0.375604967752,21.200572649
2620,0.375604967752,21.25956522
2630,0.375604967752,21.398899666
2640,0.375604967752,21.541841001
2650,0.375604967752,21.668969409
2660,0.375604967752,21.71000159
2670,0.375604967752,21.770998053
2680,0.375604967752,21.901665344
2690,0.375604967752,22.014423666
2700,0.375604967752,22.023698732
2710,0.375604967752,22.154300315
2720,0.375604967752,22.169627037
2730,0.375604967752,22.288536962
2740,0.375604967752,22.401428159
2750,0.375604967752,22.518762238
2760,0.375604967752,22.637568511
2770,0.375604967752,22.803414742
2780,0.375604967752,22.821071749
2790,0.375604967752,22.939809968
2800,0.375604967752,23.033548765
2810,0.375604967752,23.110673259
2820,0.375604967752,23.194084576
2830,0.375604967752,23.32977946
2840,0.375604967752,23.350127323
2850,0.375604967752,23.497714109
2860,0.375604967752,23.666671289
2870,0.375604967752,23.716619875
2880,0.375604967752,23.832794016
2890,0.375604967752,23.865755828
2900,0.375604967752,24.010709055
2910,0.375604967752,24.144244098
2920,0.375604967752,24.287820233
2930,0.375604967752,24.353629635
2940,0.375604967752,24.424151677
2950,0.375604967752,24.567379706
2960,0.375604967752,24.599291905
2970,0.375604967752,24.762191574
2980,0.375604967752,24.861156608
2990,0.375604967752,24.92717255
3000,0.375604967752,25.03861278
3010,0.375604967752,25.113541784
3020,0.375604967752,25.24776362
3030,0.375604967752,25.321040093
3040,0.375604967752,25.335479688
3050,0.375604967752,25.469207634
3060,0.375604967752,25.484574575
3070,0.375604967752,25.494900018
3080,0.375604967752,25.615090261
3090,0.375604967752,25.757167615
3100,0.375604967752,25.783761152
3110,0.375604967752,25.9112891
3120,0.375604967752,25.9284443
3130,0.375604967752,25.941182309
3140,0.375604967752,26.14375932
3150,0.375604967752,26.159643767
3160,0.375604967752,26.31660214
3170,0.375604967752,26.464610398
3180,0.375604967752,26.529499987
3190,0.375604967752,26.613220856
3200,0.375604967752,26.624204544
3210,0.375604967752,26.781491731
3220,0.375604967752,26.884192459
3230,0.375604967752,27.011037115
3240,0.375604967752,27.022161953
3250,0.375604967752,27.227126616
3260,0.375604967752,27.287135944
3270,0.375604967752,27.384422288
3280,0.375604967752,27.396495481
3290,0.375604967752,27.502970309
3300,0.375604967752,27.641977207
3310,0.375604967752,27.702091079
3320,0.375604967752,27.714506689
3330,0.375604967752,27.906360207
3340,0.375604967752,27.918525136
3350,0.375604967752,28.073778224
3360,0.375604967752,28.165553107
3370,0.375604967752,28.301373834
3380,0.375604967752,28.385336152
3390,0.375604967752,28.452986611
3400,0.375604967752,28.620084145
3410,0.375604967752,28.673008752
3420,0.375604967752,28.682959001
3430,0.375604967752,28.693896611
3440,0.375604967752,28.923909453
3450,0.375604967752,29.070123267
3460,0.375604967752,29.081364783
3470,0.375604967752,29.23649476
3480,0.375604967752,29.240246624
3490,0.375604967752,29.246839833
3500,0.375604967752,29.374725217
3510,0.375604967752,29.384893278
3520,0.375604967752,29.395412497
3530,0.375604967752,29.408112355
3540,0.375604967752,29.604646682
3550,0.375604967752,29.616095041
3560,0.375604967752,29.625894458
3570,0.375604967752,29.634258028
3580,0.375604967752,29.640911758
3590,0.375604967752,29.645954185
3600,0.375604967752,29.653833264
3610,0.375604967752,29.888200301
3620,0.375604967752,30.007195611
3630,0.375604967752,30.085348948
3640,0.375604967752,30.152755161
3650,0.375604967752,30.211808978
3660,0.375604967752,30.223968822
3670,0.375604967752,30.383934228
3680,0.375604967752,30.465545963
3690,0.375604967752,30.550120159
3700,0.375604967752,30.681971102
3710,0.375604967752,30.807166026
3720,0.375604967752,31.004279555
3730,0.375604967752,31.015468943
3740,0.375604967752,31.025054897
3750,0.375604967752,31.199257234
3760,0.375604967752,31.290474454
3770,0.375604967752,31.299141362
3780,0.375604967752,31.45545827
3790,0.375604967752,31.467992278
3800,0.375604967752,31.474951776
3810,0.375604967752,31.485679385
3820,0.375604967752,31.494669314
3830,0.375604967752,31.503358165
3840,0.375604967752,31.510185687
3850,0.375604967752,31.516475579
3860,0.375604967752,31.813370993
3870,0.375604967752,31.945262961
3880,0.375604967752,31.960910649
3890,0.375604967752,32.112457738
3900,0.375604967752,32.12947737
3910,0.375604967752,32.252489743
3920,0.375604967752,32.2799935
3930,0.375604967752,32.282304065
3940,0.375604967752,32.283599632
3950,0.375604967752,32.284241456
3960,0.375604967752,32.285295354
3970,0.375604967752,32.286711968
3980,0.375604967752,32.297512272
3990,0.375604967752,32.310415224
4000,0.375604967752,32.322424815
