iterations,fitness,time
0,0.158149460106,0.031151384
10,0.158149460106,0.262643622
20,0.158149460106,0.422480473
30,0.158149460106,0.682648638
40,0.158149460106,0.926281285
50,0.166935541223,1.087433108
60,0.166935541223,1.288536072
70,0.166935541223,1.454638525
80,0.166935541223,1.68913956
90,0.166935541223,1.907933703
100,0.187802483876,2.242290737
110,0.200322649468,2.460404553
120,0.200322649468,2.621346311
130,0.214631410144,2.757647104
140,0.200322649468,2.834704286
150,0.200322649468,3.044501521
160,0.200322649468,3.32371692
170,0.200322649468,3.503379049
180,0.214631410144,3.755273405
190,0.214631410144,3.956320432
200,0.214631410144,4.192195009
210,0.200322649468,4.640369685
220,0.200322649468,4.817851289
230,0.200322649468,5.057237196
240,0.214631410144,5.252147207
250,0.200322649468,5.480454292
260,0.200322649468,5.634696282
270,0.214631410144,5.848128745
280,0.214631410144,6.105308647
290,0.214631410144,6.285053152
300,0.214631410144,6.561632576
310,0.231141518617,6.877333413
320,0.214631410144,7.130951034
330,0.214631410144,7.288811989
340,0.231141518617,7.557529686
350,0.231141518617,7.783230392
360,0.231141518617,8.087368464
370,0.231141518617,8.270109569
380,0.231141518617,8.627075313
390,0.214631410144,8.867724784
400,0.214631410144,9.102464615
410,0.214631410144,9.423234583
420,0.231141518617,9.676642971
430,0.231141518617,9.919884666
440,0.231141518617,10.222613127
450,0.250403311835,10.365110413
460,0.250403311835,10.716982532
470,0.250403311835,10.934776737
480,0.250403311835,11.194181778
490,0.231141518617,11.315707357
500,0.250403311835,11.37559791
510,0.231141518617,11.408180183
520,0.231141518617,11.771768446
530,0.231141518617,11.871653731
540,0.250403311835,12.261249029
550,0.250403311835,12.279263029
560,0.250403311835,12.313246711
570,0.250403311835,12.488791261
580,0.250403311835,12.714926005
590,0.250403311835,12.875426894
600,0.250403311835,12.910146576
610,0.250403311835,13.292394581
620,0.273167249274,13.53561165
630,0.273167249274,13.719641182
640,0.273167249274,13.944527483
650,0.273167249274,14.215791238
660,0.273167249274,14.356350646
670,0.273167249274,14.626933188
680,0.273167249274,14.951501022
690,0.273167249274,15.212803612
700,0.273167249274,15.448933221
710,0.300483974202,15.547429492
720,0.300483974202,15.834369388
730,0.300483974202,16.116086988
740,0.300483974202,16.289788288
750,0.300483974202,16.544433491
760,0.300483974202,16.94302819
770,0.300483974202,17.070548219
780,0.300483974202,17.311270983
790,0.300483974202,17.665611786
800,0.300483974202,17.803282195
810,0.333871082446,18.096005481
820,0.333871082446,18.211204995
830,0.333871082446,18.521448079
840,0.333871082446,18.798047275
850,0.333871082446,19.087617792
860,0.333871082446,19.400311975
870,0.333871082446,19.437701131
880,0.333871082446,19.670437704
890,0.333871082446,19.825603982
900,0.333871082446,19.999392045
910,0.333871082446,20.350700231
920,0.333871082446,20.530720417
930,0.333871082446,20.837652479
940,0.300483974202,21.099961603
950,0.273167249274,21.303473006
960,0.273167249274,21.517424379
970,0.273167249274,21.789975496
980,0.273167249274,22.083165077
990,0.273167249274,22.383740745
1000,0.273167249274,22.630170833
1010,0.273167249274,22.871339875
1020,0.273167249274,22.952579353
1030,0.273167249274,23.286689325
1040,0.273167249274,23.531407029
1050,0.273167249274,23.809506617
1060,0.273167249274,23.986047196
1070,0.273167249274,24.280408717
1080,0.273167249274,24.496021856
1090,0.300483974202,24.789476641
1100,0.273167249274,24.934114242
1110,0.273167249274,25.261893108
1120,0.250403311835,25.487634071
1130,0.250403311835,25.72405772
1140,0.250403311835,25.929452934
1150,0.273167249274,26.150540313
1160,0.300483974202,26.480462081
1170,0.300483974202,26.679770134
1180,0.300483974202,27.009025988
1190,0.300483974202,27.226502363
1200,0.300483974202,27.412070654
1210,0.300483974202,27.711162927
1220,0.300483974202,27.921554968
1230,0.300483974202,28.257457872
1240,0.300483974202,28.329695851
1250,0.300483974202,28.66721829
1260,0.300483974202,28.91396951
1270,0.333871082446,29.188235566
1280,0.333871082446,29.469564136
1290,0.333871082446,29.649121306
1300,0.375604967752,30.002627201
1310,0.375604967752,30.226572797
1320,0.429262820288,30.262025643
1330,0.429262820288,30.555634924
1340,0.429262820288,30.834837746
1350,0.429262820288,31.131972928
1360,0.429262820288,31.333899395
1370,0.429262820288,31.635512853
1380,0.429262820288,31.824480961
1390,0.429262820288,32.20780319
1400,0.429262820288,32.306270344
1410,0.429262820288,32.505859306
1420,0.429262820288,32.534677673
1430,0.429262820288,32.814285681
1440,0.429262820288,32.933310369
1450,0.429262820288,33.263458307
1460,0.429262820288,33.634943378
1470,0.429262820288,33.91609234
1480,0.429262820288,34.036593828
1490,0.429262820288,34.192634552
1500,0.429262820288,34.428553816
1510,0.429262820288,34.683526508
1520,0.429262820288,34.844076758
1530,0.429262820288,35.013393337
1540,0.500806623669,35.195732047
1550,0.429262820288,35.389165274
1560,0.429262820288,35.603030216
1570,0.429262820288,35.837267275
1580,0.429262820288,36.00741183
1590,0.429262820288,36.212553758
1600,0.429262820288,36.417490532
1610,0.429262820288,36.513529054
1620,0.429262820288,36.638632134
1630,0.429262820288,36.805622625
1640,0.429262820288,36.809185118
1650,0.429262820288,36.818556352
1660,0.500806623669,37.023669635
1670,0.500806623669,37.175123936
1680,0.500806623669,37.384194311
1690,0.500806623669,37.612171293
1700,0.500806623669,37.81893284
1710,0.500806623669,37.905502992
1720,0.500806623669,38.038108709
1730,0.500806623669,38.248266351
1740,0.500806623669,38.419677757
1750,0.500806623669,38.60434185
1760,0.500806623669,38.7898262
1770,0.500806623669,38.91903936
1780,0.500806623669,39.093438003
1790,0.500806623669,39.269551236
1800,0.500806623669,39.484836429
1810,0.500806623669,39.652633996
1820,0.500806623669,39.744687796
1830,0.500806623669,39.954786773
1840,0.500806623669,40.183192912
1850,0.500806623669,40.266945155
1860,0.500806623669,40.489186687
1870,0.500806623669,40.561650528
1880,0.500806623669,40.748711686
1890,0.500806623669,40.971929392
1900,0.500806623669,41.163280324
1910,0.500806623669,41.384734067
1920,0.500806623669,41.577163897
1930,0.500806623669,41.784503891
1940,0.500806623669,41.985869119
1950,0.500806623669,42.157700415
1960,0.500806623669,42.366432555
1970,0.500806623669,42.572995954
1980,0.500806623669,42.761795763
1990,0.500806623669,42.927503144
2000,0.500806623669,43.100249601
2010,0.500806623669,43.333807924
2020,0.500806623669,43.440297413
2030,0.500806623669,43.625129993
2040,0.500806623669,43.771290293
2050,0.500806623669,43.957987147
2060,0.500806623669,44.157228813
2070,0.500806623669,44.278156126
2080,0.500806623669,44.377715734
2090,0.500806623669,44.551081402
2100,0.500806623669,44.809630273
2110,0.500806623669,44.892045557
2120,0.500806623669,45.031474228
2130,0.500806623669,45.256137611
2140,0.500806623669,45.446084365
2150,0.500806623669,45.557346779
2160,0.500806623669,45.796781617
2170,0.500806623669,45.958204928
2180,0.500806623669,46.144277176
2190,0.500806623669,46.356497824
2200,0.600967948403,46.543231699
2210,0.500806623669,46.707952971
2220,0.500806623669,46.935877967
2230,0.500806623669,47.151213178
2240,0.500806623669,47.317967501
2250,0.500806623669,47.486181594
2260,0.500806623669,47.697268591
2270,0.500806623669,47.875730137
2280,0.500806623669,48.055143273
2290,0.500806623669,48.247614566
2300,0.500806623669,48.440303103
2310,0.500806623669,48.608099812
2320,0.500806623669,48.840340988
2330,0.500806623669,49.015745838
2340,0.500806623669,49.188461771
2350,0.500806623669,49.365524351
2360,0.500806623669,49.545646475
2370,0.500806623669,49.760762005
2380,0.500806623669,49.965298625
2390,0.751209935504,50.176158787
2400,0.751209935504,50.315756254
2410,0.751209935504,50.574366854
2420,0.751209935504,50.758961956
2430,0.751209935504,50.922287623
2440,0.751209935504,51.15756662
2450,0.751209935504,51.317451502
2460,0.751209935504,51.444837901
2470,0.751209935504,51.646059446
2480,0.751209935504,51.81675343
2490,0.751209935504,52.028006068
2500,0.751209935504,52.234647114
2510,0.751209935504,52.428767144
2520,0.751209935504,52.600267605
2530,0.751209935504,52.75570575
2540,0.751209935504,52.95040987
2550,0.751209935504,53.189434783
2560,0.751209935504,53.299999705
2570,0.751209935504,53.480794725
2580,0.751209935504,53.632273899
2590,0.751209935504,53.857129456
2600,0.751209935504,53.997827982
2610,0.751209935504,54.227891305
2620,0.751209935504,54.435470894
2630,0.751209935504,54.58418881
2640,0.751209935504,54.766749557
2650,0.751209935504,54.911560712
2660,0.751209935504,55.086006456
2670,0.751209935504,55.273902476
2680,0.751209935504,55.328952262
2690,0.751209935504,55.641708114
2700,0.751209935504,55.834493785
2710,0.751209935504,55.96948098
2720,0.751209935504,56.094275496
2730,0.751209935504,56.240741312
2740,0.751209935504,56.403673812
2750,0.751209935504,56.53907469
2760,0.751209935504,56.69173475
2770,0.751209935504,56.799568458
2780,0.751209935504,56.874039782
2790,0.751209935504,57.008092432
2800,0.751209935504,57.059078356
2810,0.751209935504,57.164319841
2820,0.751209935504,57.228847196
2830,0.751209935504,57.334798457
2840,0.751209935504,57.420775253
2850,0.751209935504,57.512711551
2860,0.751209935504,57.585559475
2870,0.751209935504,57.68092143
2880,0.751209935504,57.767425814
2890,0.751209935504,57.872848705
2900,0.751209935504,57.939454447
2910,0.751209935504,58.044601343
2920,0.751209935504,58.110967031
2930,0.751209935504,58.165752719
2940,0.751209935504,58.252484845
2950,0.751209935504,58.339634986
2960,0.751209935504,58.386415491
2970,0.751209935504,58.468800352
2980,0.751209935504,58.559637392
2990,0.751209935504,58.615431016
3000,0.751209935504,58.689663698
3010,0.751209935504,58.730049614
3020,0.751209935504,58.84198074
3030,0.751209935504,58.924030279
3040,0.751209935504,59.017476087
3050,0.751209935504,59.079761187
3060,0.751209935504,59.164321343
3070,0.751209935504,59.225946975
3080,0.751209935504,59.317672345
3090,0.751209935504,59.404811439
3100,0.751209935504,59.472428055
3110,0.751209935504,59.596159326
3120,0.751209935504,59.679213178
3130,0.751209935504,59.796325348
3140,0.751209935504,59.857032722
3150,0.751209935504,59.984364059
3160,0.751209935504,60.030742342
3170,0.751209935504,60.099114443
3180,0.751209935504,60.198356833
3190,0.751209935504,60.284945837
3200,0.751209935504,60.392386763
3210,0.751209935504,60.459593898
3220,0.751209935504,60.557626084
3230,0.751209935504,60.639787982
3240,0.751209935504,60.731648073
3250,0.751209935504,60.812600238
3260,0.751209935504,60.888161715
3270,0.751209935504,60.964110234
3280,0.751209935504,61.046474089
3290,0.751209935504,61.169647567
3300,0.751209935504,61.255158254
3310,0.751209935504,61.341532955
3320,0.751209935504,61.440829807
3330,0.751209935504,61.540573121
3340,0.751209935504,61.651443931
3350,0.751209935504,61.706821129
3360,0.751209935504,61.779514661
3370,0.751209935504,61.892909455
3380,0.751209935504,61.976062028
3390,0.751209935504,62.062581882
3400,0.751209935504,62.172351137
3410,0.751209935504,62.25659414
3420,0.751209935504,62.348297573
3430,0.751209935504,62.454106934
3440,0.751209935504,62.550559102
3450,0.751209935504,62.643418749
3460,0.751209935504,62.718796876
3470,0.751209935504,62.828278991
3480,0.751209935504,62.932443736
3490,0.751209935504,62.994047874
3500,0.751209935504,63.100475506
3510,0.751209935504,63.186005023
3520,0.751209935504,63.289078755
3530,0.751209935504,63.374747688
3540,0.751209935504,63.474526526
3550,0.751209935504,63.544304905
3560,0.751209935504,63.63811465
3570,0.751209935504,63.728654511
3580,0.751209935504,63.835156887
3590,0.751209935504,63.920235086
3600,0.751209935504,64.009711573
3610,0.751209935504,64.095411694
3620,0.751209935504,64.190839803
3630,0.751209935504,64.27308464
3640,0.751209935504,64.351788631
3650,0.751209935504,64.428005099
3660,0.751209935504,64.52888993
3670,0.751209935504,64.619241709
3680,0.751209935504,64.753851755
3690,0.751209935504,64.82290481
3700,0.751209935504,64.89169622
3710,0.751209935504,64.982369398
3720,0.751209935504,65.061720911
3730,0.751209935504,65.154758475
3740,0.751209935504,65.25352827
3750,0.751209935504,65.317630368
3760,0.751209935504,65.395404795
3770,0.751209935504,65.478468685
3780,0.751209935504,65.574878376
3790,0.751209935504,65.665898761
3800,0.751209935504,65.763859353
3810,0.751209935504,65.821808266
3820,0.751209935504,65.946134372
3830,0.751209935504,66.029899422
3840,0.751209935504,66.112965605
3850,0.751209935504,66.197900428
3860,0.751209935504,66.290648396
3870,0.751209935504,66.379987922
3880,0.751209935504,66.464827813
3890,0.751209935504,66.539294165
3900,0.751209935504,66.62499715
3910,0.751209935504,66.687688552
3920,0.751209935504,66.762254567
3930,0.751209935504,66.810952722
3940,0.751209935504,66.884563341
3950,0.751209935504,66.933358998
3960,0.751209935504,66.99186798
3970,0.751209935504,67.046943122
3980,0.751209935504,67.086519453
3990,0.751209935504,67.12817669
4000,0.751209935504,67.159339393
