iterations,fitness,time
0,0.0525761173905,0.009943595
10,0.0525761173905,0.037493276
20,0.0525761173905,0.054126055
30,0.0525761173905,0.079141595
40,0.0554970128011,0.098424122
50,0.0554970128011,0.119913888
60,0.0624341394012,0.134575278
70,0.0624341394012,0.150959656
80,0.0624341394012,0.168117431
90,0.0665964153613,0.17900828
100,0.0624341394012,0.1978481
110,0.0624341394012,0.214657068
120,0.0665964153613,0.220342627
130,0.0624341394012,0.223438834
140,0.0624341394012,0.22726802
150,0.0624341394012,0.232386373
160,0.0665964153613,0.263419501
170,0.0665964153613,0.269655272
180,0.0665964153613,0.279326499
190,0.0665964153613,0.28701254
200,0.0713533021728,0.329150821
210,0.0713533021728,0.330639743
220,0.0713533021728,0.334584386
230,0.0713533021728,0.340018034
240,0.0713533021728,0.351603069
250,0.0713533021728,0.382346055
260,0.0713533021728,0.390650263
270,0.0665964153613,0.40935622
280,0.0713533021728,0.428173942
290,0.0713533021728,0.438277576
300,0.0713533021728,0.443964568
310,0.0768420177246,0.452887713
320,0.0713533021728,0.472583213
330,0.0768420177246,0.474085845
340,0.0768420177246,0.475348164
350,0.0768420177246,0.496565428
360,0.0768420177246,0.500464067
370,0.0832455192016,0.501545826
380,0.0832455192016,0.511503127
390,0.0832455192016,0.520039294
400,0.0832455192016,0.566772982
410,0.0832455192016,0.573607705
420,0.0832455192016,0.596290063
430,0.0908132936745,0.614459436
440,0.0908132936745,0.631332479
450,0.0908132936745,0.635690042
460,0.0908132936745,0.660615719
470,0.0908132936745,0.686470305
480,0.0908132936745,0.692062005
490,0.0908132936745,0.705391961
500,0.0908132936745,0.724650816
510,0.0908132936745,0.735953293
520,0.0908132936745,0.741465087
530,0.0908132936745,0.744134967
540,0.0908132936745,0.768885951
550,0.0908132936745,0.804700292
560,0.0908132936745,0.817786185
570,0.0908132936745,0.831379023
580,0.0908132936745,0.847501974
590,0.0908132936745,0.864823618
600,0.0908132936745,0.89692696
610,0.0908132936745,0.904225868
620,0.0908132936745,0.924213018
630,0.0908132936745,0.949389762
640,0.0908132936745,0.958170505
650,0.0908132936745,0.964237676
660,0.0908132936745,0.983352275
670,0.0908132936745,1.002019659
680,0.0908132936745,1.011527097
690,0.0908132936745,1.031537786
700,0.0908132936745,1.050762461
710,0.0908132936745,1.059877994
720,0.0998946230419,1.079651584
730,0.0908132936745,1.091881007
740,0.0908132936745,1.098881297
750,0.0908132936745,1.113140268
760,0.0908132936745,1.139711745
770,0.0908132936745,1.148326617
780,0.0908132936745,1.169515451
790,0.0908132936745,1.181599609
800,0.0908132936745,1.203901275
810,0.0908132936745,1.219124343
820,0.0908132936745,1.23202799
830,0.0908132936745,1.251279248
840,0.0908132936745,1.271059832
850,0.0998946230419,1.290106954
860,0.0908132936745,1.307017616
870,0.0908132936745,1.324958999
880,0.0908132936745,1.338076815
890,0.0908132936745,1.34418931
900,0.0908132936745,1.364664286
910,0.0908132936745,1.383400977
920,0.0908132936745,1.406884305
930,0.0908132936745,1.425509182
940,0.0908132936745,1.438123455
950,0.0908132936745,1.456957409
960,0.0908132936745,1.472623739
970,0.0998946230419,1.49077762
980,0.0998946230419,1.511579648
990,0.0998946230419,1.534275848
1000,0.0998946230419,1.562779882
1010,0.0998946230419,1.592486477
1020,0.0998946230419,1.605383922
1030,0.0998946230419,1.626625078
1040,0.110994025602,1.640050684
1050,0.0998946230419,1.660990927
1060,0.0998946230419,1.672820615
1070,0.110994025602,1.68657421
1080,0.110994025602,1.704024615
1090,0.110994025602,1.732621512
1100,0.110994025602,1.742404226
1110,0.110994025602,1.778580944
1120,0.110994025602,1.795043821
1130,0.110994025602,1.812221081
1140,0.110994025602,1.834770672
1150,0.110994025602,1.84411797
1160,0.110994025602,1.853770601
1170,0.110994025602,1.859661458
1180,0.110994025602,1.884253152
1190,0.110994025602,1.893296728
1200,0.110994025602,1.921923548
1210,0.110994025602,1.940633661
1220,0.110994025602,1.963167922
1230,0.110994025602,1.975839497
1240,0.110994025602,1.995711789
1250,0.110994025602,2.011808711
1260,0.110994025602,2.018468594
1270,0.0998946230419,2.045244513
1280,0.0998946230419,2.056844627
1290,0.0998946230419,2.068546249
1300,0.0998946230419,2.103461405
1310,0.0998946230419,2.12034528
1320,0.0998946230419,2.138813673
1330,0.0998946230419,2.16176226
1340,0.0998946230419,2.176395229
1350,0.0998946230419,2.197306653
1360,0.0998946230419,2.202912035
1370,0.0998946230419,2.221605155
1380,0.0998946230419,2.237995141
1390,0.0998946230419,2.248357455
1400,0.0998946230419,2.271076019
1410,0.0998946230419,2.291507213
1420,0.0998946230419,2.315847026
1430,0.110994025602,2.337763027
1440,0.110994025602,2.359687003
1450,0.110994025602,2.380427693
1460,0.0998946230419,2.39741959
1470,0.0998946230419,2.426844692
1480,0.0998946230419,2.452569087
1490,0.0998946230419,2.479966834
1500,0.0998946230419,2.497283485
1510,0.0998946230419,2.517339039
1520,0.110994025602,2.543605069
1530,0.110994025602,2.548462814
1540,0.110994025602,2.561146959
1550,0.110994025602,2.581085326
1560,0.124868278802,2.602868243
1570,0.124868278802,2.625540728
1580,0.124868278802,2.637897218
1590,0.142706604346,2.661260421
1600,0.124868278802,2.683508687
1610,0.124868278802,2.709459948
1620,0.124868278802,2.730387284
1630,0.124868278802,2.749099534
1640,0.124868278802,2.759386502
1650,0.124868278802,2.781166475
1660,0.124868278802,2.788753109
1670,0.124868278802,2.813044814
1680,0.124868278802,2.828704305
1690,0.124868278802,2.835752215
1700,0.124868278802,2.848376802
1710,0.124868278802,2.878981961
1720,0.124868278802,2.89279069
1730,0.124868278802,2.914102193
1740,0.124868278802,2.931596071
1750,0.124868278802,2.946095849
1760,0.124868278802,2.963491938
1770,0.142706604346,2.982065737
1780,0.142706604346,3.004646255
1790,0.142706604346,3.036737656
1800,0.142706604346,3.059465065
1810,0.142706604346,3.070146595
1820,0.142706604346,3.085084357
1830,0.142706604346,3.108514781
1840,0.142706604346,3.120780964
1850,0.142706604346,3.139425313
1860,0.142706604346,3.158860922
1870,0.142706604346,3.178481062
1880,0.142706604346,3.192952817
1890,0.142706604346,3.210575505
1900,0.142706604346,3.228446029
1910,0.142706604346,3.256255861
1920,0.142706604346,3.275875733
1930,0.142706604346,3.300193973
1940,0.142706604346,3.314080357
1950,0.142706604346,3.327768549
1960,0.142706604346,3.356171465
1970,0.142706604346,3.379459525
1980,0.142706604346,3.394631698
1990,0.142706604346,3.428303095
2000,0.142706604346,3.44747139
2010,0.142706604346,3.469606888
2020,0.142706604346,3.477627061
2030,0.142706604346,3.482748042
2040,0.142706604346,3.487893151
2050,0.142706604346,3.51147368
2060,0.142706604346,3.52714612
2070,0.142706604346,3.562745661
2080,0.142706604346,3.570091966
2090,0.142706604346,3.603938742
2100,0.142706604346,3.613550767
2110,0.142706604346,3.643055694
2120,0.142706604346,3.656995909
2130,0.142706604346,3.678360354
2140,0.142706604346,3.700158425
2150,0.142706604346,3.725426746
2160,0.142706604346,3.736685022
2170,0.142706604346,3.7639245
2180,0.166491038403,3.770422128
2190,0.142706604346,3.791081577
2200,0.142706604346,3.801950837
2210,0.142706604346,3.827618472
2220,0.142706604346,3.835748688
2230,0.142706604346,3.852920661
2240,0.166491038403,3.87608033
2250,0.166491038403,3.884004065
2260,0.166491038403,3.900909634
2270,0.166491038403,3.90775009
2280,0.166491038403,3.944168956
2290,0.166491038403,3.966478732
2300,0.166491038403,3.973554259
2310,0.166491038403,3.990600124
2320,0.166491038403,4.00020614
2330,0.166491038403,4.010549482
2340,0.166491038403,4.048596759
2350,0.166491038403,4.069396684
2360,0.166491038403,4.088204245
2370,0.166491038403,4.093593038
2380,0.166491038403,4.12451028
2390,0.166491038403,4.143488036
2400,0.166491038403,4.164462564
2410,0.166491038403,4.17113174
2420,0.166491038403,4.196055399
2430,0.166491038403,4.218618809
2440,0.166491038403,4.251245063
2450,0.166491038403,4.27161932
2460,0.166491038403,4.280535093
2470,0.166491038403,4.295574712
2480,0.166491038403,4.322279589
2490,0.166491038403,4.357993658
2500,0.166491038403,4.366943471
2510,0.166491038403,4.377155029
2520,0.166491038403,4.40698188
2530,0.166491038403,4.43387578
2540,0.166491038403,4.455326873
2550,0.166491038403,4.475304583
2560,0.166491038403,4.48303539
2570,0.166491038403,4.489101338
2580,0.166491038403,4.505426736
2590,0.166491038403,4.533514128
2600,0.166491038403,4.557120515
2610,0.166491038403,4.579598774
2620,0.166491038403,4.595613621
2630,0.166491038403,4.611683822
2640,0.166491038403,4.628749801
2650,0.166491038403,4.649948246
2660,0.166491038403,4.687843733
2670,0.166491038403,4.701545003
2680,0.166491038403,4.716545729
2690,0.166491038403,4.721114561
2700,0.166491038403,4.738935577
2710,0.166491038403,4.75513636
2720,0.166491038403,4.757247061
2730,0.166491038403,4.760184509
2740,0.166491038403,4.766101293
2750,0.166491038403,4.771774915
2760,0.166491038403,4.790197617
2770,0.166491038403,4.798244155
2780,0.166491038403,4.800881811
2790,0.166491038403,4.821102673
2800,0.166491038403,4.830332349
2810,0.166491038403,4.861408942
2820,0.166491038403,4.884408045
2830,0.166491038403,4.895846483
2840,0.166491038403,4.935508036
2850,0.166491038403,4.942637684
2860,0.166491038403,4.946175508
2870,0.166491038403,4.956166639
2880,0.166491038403,4.96946248
2890,0.166491038403,4.993219792
2900,0.166491038403,5.006347122
2910,0.166491038403,5.02725415
2920,0.166491038403,5.040788146
2930,0.166491038403,5.053586306
2940,0.166491038403,5.076628853
2950,0.166491038403,5.122238472
2960,0.166491038403,5.144465647
2970,0.166491038403,5.163536443
2980,0.166491038403,5.182278445
2990,0.166491038403,5.20727189
3000,0.166491038403,5.227390777
3010,0.166491038403,5.250332862
3020,0.166491038403,5.289959207
3030,0.166491038403,5.304150411
3040,0.166491038403,5.316391354
3050,0.166491038403,5.334746749
3060,0.166491038403,5.359511762
3070,0.166491038403,5.375733537
3080,0.166491038403,5.395428934
3090,0.166491038403,5.412559717
3100,0.166491038403,5.437253409
3110,0.166491038403,5.452985504
3120,0.166491038403,5.480410038
3130,0.166491038403,5.502969949
3140,0.166491038403,5.51359302
3150,0.166491038403,5.523368984
3160,0.166491038403,5.535171646
3170,0.166491038403,5.548970558
3180,0.166491038403,5.566418704
3190,0.166491038403,5.585932146
3200,0.166491038403,5.600963693
3210,0.166491038403,5.617113419
3220,0.166491038403,5.645529277
3230,0.166491038403,5.674131001
3240,0.166491038403,5.69578349
3250,0.166491038403,5.711798476
3260,0.166491038403,5.731188891
3270,0.166491038403,5.750476245
3280,0.166491038403,5.758666613
3290,0.166491038403,5.760147734
3300,0.166491038403,5.775351712
3310,0.166491038403,5.799838735
3320,0.166491038403,5.809204496
3330,0.166491038403,5.833963
3340,0.166491038403,5.845212855
3350,0.166491038403,5.868593471
3360,0.166491038403,5.875885455
3370,0.166491038403,5.886095421
3380,0.166491038403,5.907616897
3390,0.166491038403,5.921484716
3400,0.166491038403,5.956480527
3410,0.166491038403,5.96454047
3420,0.166491038403,5.97293377
3430,0.166491038403,5.982330286
3440,0.166491038403,5.992479695
3450,0.166491038403,6.000073391
3460,0.166491038403,6.012454114
3470,0.166491038403,6.040856891
3480,0.166491038403,6.062978655
3490,0.166491038403,6.08014445
3500,0.166491038403,6.102397942
3510,0.166491038403,6.119025903
3520,0.166491038403,6.140145158
3530,0.166491038403,6.155080079
3540,0.166491038403,6.169366598
3550,0.166491038403,6.191665697
3560,0.166491038403,6.203002827
3570,0.166491038403,6.211639295
3580,0.166491038403,6.220348612
3590,0.166491038403,6.258249254
3600,0.166491038403,6.277869953
3610,0.166491038403,6.298660684
3620,0.166491038403,6.311732834
3630,0.166491038403,6.331475642
3640,0.166491038403,6.343829397
3650,0.166491038403,6.356745272
3660,0.166491038403,6.365892902
3670,0.166491038403,6.387339338
3680,0.166491038403,6.416770976
3690,0.166491038403,6.435713622
3700,0.166491038403,6.446430206
3710,0.166491038403,6.46629491
3720,0.166491038403,6.482379445
3730,0.166491038403,6.500796535
3740,0.166491038403,6.532295953
3750,0.166491038403,6.546778051
3760,0.166491038403,6.562646227
3770,0.166491038403,6.577343932
3780,0.166491038403,6.599095075
3790,0.166491038403,6.60815203
3800,0.166491038403,6.621428154
3810,0.166491038403,6.639399499
3820,0.166491038403,6.655348778
3830,0.166491038403,6.673352625
3840,0.166491038403,6.683042159
3850,0.166491038403,6.714121919
3860,0.166491038403,6.727455313
3870,0.166491038403,6.735863083
3880,0.166491038403,6.756955686
3890,0.166491038403,6.764616688
3900,0.166491038403,6.776339581
3910,0.166491038403,6.801826538
3920,0.166491038403,6.830202939
3930,0.166491038403,6.844395882
3940,0.166491038403,6.854268107
3950,0.166491038403,6.877167643
3960,0.166491038403,6.895582735
3970,0.166491038403,6.910788604
3980,0.166491038403,6.926853587
3990,0.166491038403,6.936173311
4000,0.166491038403,6.959399923
4010,0.166491038403,6.986527978
4020,0.166491038403,7.005632393
4030,0.166491038403,7.018486761
4040,0.166491038403,7.038834995
4050,0.166491038403,7.048046363
4060,0.166491038403,7.066606928
4070,0.166491038403,7.089947754
4080,0.166491038403,7.111361139
4090,0.166491038403,7.137639851
4100,0.166491038403,7.150678928
4110,0.166491038403,7.169875804
4120,0.166491038403,7.197823167
4130,0.166491038403,7.222247066
4140,0.166491038403,7.242879029
4150,0.166491038403,7.282733683
4160,0.166491038403,7.297070087
4170,0.166491038403,7.312092209
4180,0.166491038403,7.318030831
4190,0.166491038403,7.338217571
4200,0.166491038403,7.361421247
4210,0.166491038403,7.383999136
4220,0.166491038403,7.40812274
4230,0.166491038403,7.430545942
4240,0.199789246084,7.450951778
4250,0.166491038403,7.474038533
4260,0.166491038403,7.488626446
4270,0.166491038403,7.514613743
4280,0.199789246084,7.530032131
4290,0.199789246084,7.547537626
4300,0.199789246084,7.570801238
4310,0.199789246084,7.590152441
4320,0.199789246084,7.614614335
4330,0.199789246084,7.63404039
4340,0.199789246084,7.654198704
4350,0.199789246084,7.671334879
4360,0.199789246084,7.696978047
4370,0.199789246084,7.70896053
4380,0.199789246084,7.734112667
4390,0.199789246084,7.75984408
4400,0.199789246084,7.768787932
4410,0.199789246084,7.791129334
4420,0.199789246084,7.814420515
4430,0.199789246084,7.829977732
4440,0.199789246084,7.843521984
4450,0.199789246084,7.862637005
4460,0.199789246084,7.884623793
4470,0.199789246084,7.899865092
4480,0.199789246084,7.92825676
4490,0.199789246084,7.946786491
4500,0.199789246084,7.974109778
4510,0.199789246084,8.000886779
4520,0.199789246084,8.020092774
4530,0.199789246084,8.043041303
4540,0.199789246084,8.069308758
4550,0.199789246084,8.084050498
4560,0.199789246084,8.109990045
4570,0.199789246084,8.127478306
4580,0.199789246084,8.142882745
4590,0.199789246084,8.160354917
4600,0.199789246084,8.182394765
4610,0.199789246084,8.1988763
4620,0.199789246084,8.223141474
4630,0.199789246084,8.249244294
4640,0.199789246084,8.261997859
4650,0.199789246084,8.275466845
4660,0.199789246084,8.297687713
4670,0.199789246084,8.316836752
4680,0.199789246084,8.329263771
4690,0.199789246084,8.356010582
4700,0.199789246084,8.372024837
4710,0.199789246084,8.399887583
4720,0.199789246084,8.414907778
4730,0.199789246084,8.440257112
4740,0.199789246084,8.450346185
4750,0.199789246084,8.478156308
4760,0.199789246084,8.496910426
4770,0.199789246084,8.522358826
4780,0.199789246084,8.541550497
4790,0.199789246084,8.555146998
4800,0.199789246084,8.589601156
4810,0.199789246084,8.613117843
4820,0.199789246084,8.635300753
4830,0.199789246084,8.65178524
4840,0.199789246084,8.678175669
4850,0.199789246084,8.704092195
4860,0.199789246084,8.723804034
4870,0.199789246084,8.740934422
4880,0.199789246084,8.75593223
4890,0.199789246084,8.778784284
4900,0.199789246084,8.804358313
4910,0.199789246084,8.825201813
4920,0.199789246084,8.848419414
4930,0.199789246084,8.861349437
4940,0.199789246084,8.889194952
4950,0.199789246084,8.908211155
4960,0.199789246084,8.936129444
4970,0.199789246084,8.952155603
4980,0.199789246084,8.981826391
4990,0.199789246084,9.008993193
5000,0.199789246084,9.028406485
5010,0.199789246084,9.051868048
5020,0.199789246084,9.071674146
5030,0.199789246084,9.091226617
5040,0.199789246084,9.111193897
5050,0.199789246084,9.12395397
5060,0.199789246084,9.138506143
5070,0.199789246084,9.160029121
5080,0.199789246084,9.169066612
5090,0.199789246084,9.174981963
5100,0.199789246084,9.199475541
5110,0.199789246084,9.20889303
5120,0.199789246084,9.23002838
5130,0.199789246084,9.24025549
5140,0.199789246084,9.258431751
5150,0.199789246084,9.276556678
5160,0.199789246084,9.285061885
5170,0.199789246084,9.288158698
5180,0.199789246084,9.293982457
5190,0.199789246084,9.299795213
5200,0.199789246084,9.30600732
5210,0.199789246084,9.31024229
5220,0.199789246084,9.317317937
5230,0.199789246084,9.375675187
5240,0.199789246084,9.380635008
5250,0.199789246084,9.387437696
5260,0.199789246084,9.403591126
5270,0.199789246084,9.423077272
5280,0.199789246084,9.439746261
5290,0.199789246084,9.446580758
5300,0.199789246084,9.457613014
5310,0.199789246084,9.474002324
5320,0.199789246084,9.484502244
5330,0.199789246084,9.499297213
5340,0.199789246084,9.521723889
5350,0.199789246084,9.532090419
5360,0.199789246084,9.543806629
5370,0.199789246084,9.55858668
5380,0.199789246084,9.631599109
5390,0.199789246084,9.635324222
5400,0.199789246084,9.652227778
5410,0.199789246084,9.653115987
5420,0.199789246084,9.65414285
5430,0.199789246084,9.655337242
5440,0.199789246084,9.744414531
5450,0.199789246084,9.750356264
5460,0.199789246084,9.756315271
5470,0.199789246084,9.761240062
5480,0.199789246084,9.766618857
5490,0.199789246084,9.775613496
5500,0.199789246084,9.781661056
5510,0.199789246084,9.786509879
5520,0.199789246084,9.793390531
5530,0.199789246084,9.806850771
5540,0.199789246084,9.811908381
5550,0.199789246084,9.817910003
5560,0.199789246084,9.858304845
5570,0.199789246084,9.867158266
5580,0.199789246084,9.874441205
5590,0.199789246084,9.881143528
5600,0.199789246084,9.919415176
5610,0.199789246084,9.924400774
5620,0.199789246084,9.926268882
5630,0.199789246084,9.928026038
5640,0.199789246084,9.931798098
5650,0.199789246084,9.937721827
5660,0.199789246084,9.978266993
5670,0.199789246084,9.989195421
5680,0.199789246084,10.0112071
5690,0.199789246084,10.02670294
5700,0.199789246084,10.049448073
5710,0.199789246084,10.059791995
5720,0.199789246084,10.079890868
5730,0.199789246084,10.112795548
5740,0.199789246084,10.123091232
5750,0.199789246084,10.129849663
5760,0.199789246084,10.158390121
5770,0.199789246084,10.163785393
5780,0.199789246084,10.184813655
5790,0.199789246084,10.216708059
5800,0.199789246084,10.242553276
5810,0.199789246084,10.253952214
5820,0.199789246084,10.270466451
5830,0.199789246084,10.287273981
5840,0.199789246084,10.303562763
5850,0.199789246084,10.326615315
5860,0.199789246084,10.34560258
5870,0.199789246084,10.359598963
5880,0.199789246084,10.366730666
5890,0.199789246084,10.376335434
5900,0.199789246084,10.383655944
5910,0.199789246084,10.39023067
5920,0.199789246084,10.3990349
5930,0.199789246084,10.407156135
5940,0.199789246084,10.412675657
5950,0.199789246084,10.419470438
5960,0.199789246084,10.425564749
5970,0.199789246084,10.431227921
5980,0.199789246084,10.43639931
5990,0.199789246084,10.439025711
6000,0.199789246084,10.440270563
