iterations,fitness,time
0,0.200322649468,0.029152965
10,0.200322649468,0.153513282
20,0.200322649468,0.2931304
30,0.200322649468,0.366286657
40,0.200322649468,0.593964259
50,0.200322649468,0.71933494
60,0.200322649468,0.840993806
70,0.200322649468,1.020200619
80,0.200322649468,1.107005334
90,0.200322649468,1.33251505
100,0.200322649468,1.489789685
110,0.200322649468,1.643393056
120,0.214631410144,1.715520152
130,0.214631410144,1.875796826
140,0.214631410144,2.102082294
150,0.214631410144,2.269713374
160,0.214631410144,2.360585521
170,0.214631410144,2.679630675
180,0.214631410144,2.793762435
190,0.214631410144,2.961546162
200,0.214631410144,3.152523779
210,0.214631410144,3.247012765
220,0.214631410144,3.305871115
230,0.214631410144,3.479314379
240,0.214631410144,3.59039498
250,0.214631410144,3.719365173
260,0.214631410144,3.898784295
270,0.231141518617,4.069201427
280,0.214631410144,4.197122113
290,0.214631410144,4.277892165
300,0.214631410144,4.456641287
310,0.214631410144,4.560770906
320,0.214631410144,4.807013011
330,0.214631410144,4.933563628
340,0.214631410144,4.947494201
350,0.214631410144,5.194777829
360,0.214631410144,5.275291806
370,0.214631410144,5.414536431
380,0.214631410144,5.567719186
390,0.231141518617,5.75469001
400,0.231141518617,5.93414232
410,0.214631410144,6.078241873
420,0.231141518617,6.350485215
430,0.214631410144,6.53851341
440,0.214631410144,6.673648731
450,0.214631410144,6.867870496
460,0.214631410144,7.015872374
470,0.214631410144,7.158108424
480,0.214631410144,7.360934895
490,0.214631410144,7.490112183
500,0.214631410144,7.756034063
510,0.214631410144,7.947263592
520,0.231141518617,8.128482543
530,0.214631410144,8.29193119
540,0.231141518617,8.357912902
550,0.231141518617,8.60374091
560,0.231141518617,8.622399969
570,0.231141518617,8.902595186
580,0.250403311835,9.122081275
590,0.231141518617,9.269049159
600,0.231141518617,9.465401674
610,0.231141518617,9.671682124
620,0.231141518617,9.747151866
630,0.231141518617,9.766013947
640,0.231141518617,10.011771058
650,0.231141518617,10.185411806
660,0.231141518617,10.257067254
670,0.231141518617,10.414632569
680,0.250403311835,10.555183618
690,0.250403311835,10.761766635
700,0.250403311835,10.922994511
710,0.250403311835,10.940973789
720,0.231141518617,11.181082967
730,0.250403311835,11.397094323
740,0.231141518617,11.487777013
750,0.231141518617,11.74639679
760,0.231141518617,11.815142578
770,0.250403311835,11.837712714
780,0.250403311835,12.054395031
790,0.250403311835,12.075208777
800,0.231141518617,12.300983731
810,0.231141518617,12.557369637
820,0.231141518617,12.680769134
830,0.231141518617,12.762388326
840,0.250403311835,12.979160777
850,0.250403311835,13.127776821
860,0.250403311835,13.297454978
870,0.250403311835,13.432822681
880,0.273167249274,13.458110383
890,0.273167249274,13.619892154
900,0.273167249274,13.85750296
910,0.250403311835,13.953219382
920,0.250403311835,14.042749867
930,0.300483974202,14.272183523
940,0.300483974202,14.506291239
950,0.300483974202,14.753456693
960,0.300483974202,14.969523679
970,0.300483974202,15.110426815
980,0.300483974202,15.30431691
990,0.300483974202,15.4212847
1000,0.300483974202,15.589288134
1010,0.333871082446,15.670775071
1020,0.300483974202,15.821622956
1030,0.300483974202,15.976866484
1040,0.300483974202,16.178216215
1050,0.300483974202,16.382203608
1060,0.300483974202,16.573008242
1070,0.300483974202,16.792333312
1080,0.300483974202,17.004819915
1090,0.333871082446,17.187414089
1100,0.333871082446,17.437899923
1110,0.333871082446,17.45766668
1120,0.333871082446,17.594781289
1130,0.333871082446,17.790671079
1140,0.333871082446,17.939279615
1150,0.333871082446,18.137390851
1160,0.333871082446,18.315018926
1170,0.333871082446,18.535117022
1180,0.333871082446,18.706700791
1190,0.333871082446,18.845696667
1200,0.333871082446,18.961332536
1210,0.333871082446,19.132832445
1220,0.333871082446,19.41704335
1230,0.333871082446,19.445105248
1240,0.375604967752,19.696659766
1250,0.375604967752,19.721955469
1260,0.375604967752,20.041837519
1270,0.375604967752,20.07305391
1280,0.375604967752,20.384502724
1290,0.375604967752,20.406671634
1300,0.375604967752,20.692934214
1310,0.375604967752,20.835648391
1320,0.375604967752,20.97411767
1330,0.375604967752,21.135799042
1340,0.375604967752,21.275950425
1350,0.375604967752,21.51323148
1360,0.429262820288,21.709727348
1370,0.375604967752,21.941797907
1380,0.375604967752,22.090712048
1390,0.375604967752,22.22879231
1400,0.375604967752,22.325140076
1410,0.375604967752,22.549087004
1420,0.375604967752,22.749557982
1430,0.375604967752,22.879874862
1440,0.375604967752,23.009104355
1450,0.375604967752,23.23731318
1460,0.375604967752,23.453068869
1470,0.429262820288,23.480983298
1480,0.429262820288,23.671551153
1490,0.429262820288,23.853313373
1500,0.375604967752,24.065064326
1510,0.375604967752,24.20620694
1520,0.375604967752,24.359652524
1530,0.375604967752,24.57027971
1540,0.375604967752,24.643610036
1550,0.375604967752,24.918411048
1560,0.375604967752,25.086849619
1570,0.375604967752,25.179231408
1580,0.375604967752,25.399547297
1590,0.375604967752,25.562609113
1600,0.375604967752,25.693572883
1610,0.375604967752,25.885880415
1620,0.429262820288,26.020305446
1630,0.429262820288,26.187516565
1640,0.429262820288,26.368718431
1650,0.429262820288,26.554872469
1660,0.429262820288,26.718263551
1670,0.429262820288,26.873651706
1680,0.429262820288,27.000287284
1690,0.500806623669,27.198186961
1700,0.429262820288,27.376496055
1710,0.429262820288,27.569897865
1720,0.429262820288,27.719334084
1730,0.429262820288,27.745499412
1740,0.429262820288,27.8985707
1750,0.429262820288,27.927035537
1760,0.429262820288,28.169502219
1770,0.429262820288,28.295986109
1780,0.429262820288,28.4994999
1790,0.429262820288,28.712822492
1800,0.429262820288,28.873637088
1810,0.429262820288,28.95338626
1820,0.429262820288,29.236983252
1830,0.429262820288,29.449303043
1840,0.600967948403,29.725600731
1850,0.600967948403,29.931076787
1860,0.600967948403,29.952462055
1870,0.600967948403,29.969319637
1880,0.600967948403,30.17117042
1890,0.600967948403,30.362189891
1900,0.600967948403,30.649697907
1910,0.600967948403,30.666113943
1920,0.600967948403,30.863129963
1930,0.600967948403,31.03490699
1940,0.600967948403,31.216906598
1950,0.600967948403,31.380262598
1960,0.600967948403,31.638241085
1970,0.600967948403,31.664267475
1980,0.600967948403,31.985938454
1990,0.600967948403,32.190824296
2000,0.600967948403,32.358623836
2010,0.600967948403,32.402336656
2020,0.600967948403,32.842814766
2030,0.600967948403,32.875767255
2040,0.600967948403,33.286718207
2050,0.600967948403,33.460849133
2060,0.600967948403,33.734245079
2070,0.600967948403,33.822033641
2080,0.600967948403,33.996160289
2090,0.600967948403,34.208155954
2100,0.600967948403,34.355959348
2110,0.600967948403,34.479433275
2120,0.600967948403,34.584811415
2130,0.600967948403,34.655940932
2140,0.600967948403,34.798138833
2150,0.600967948403,34.932661393
2160,0.600967948403,34.942424414
2170,0.600967948403,34.944741959
2180,0.600967948403,34.947504579
2190,0.600967948403,35.130397336
2200,0.600967948403,35.26885939
2210,0.600967948403,35.446089973
2220,0.600967948403,35.584049682
2230,0.600967948403,35.63934913
2240,0.600967948403,35.762493722
2250,0.600967948403,35.93245449
2260,0.600967948403,36.076491861
2270,0.600967948403,36.157520119
2280,0.600967948403,36.230122055
2290,0.600967948403,36.366280057
2300,0.600967948403,36.462817649
2310,0.600967948403,36.637738506
2320,0.600967948403,36.722586489
2330,0.600967948403,36.845529427
2340,0.600967948403,36.959364842
2350,0.600967948403,37.068462653
2360,0.600967948403,37.163548308
2370,0.600967948403,37.256563974
2380,0.600967948403,37.326878253
2390,0.600967948403,37.394629899
2400,0.600967948403,37.545752563
2410,0.600967948403,37.664359141
2420,0.600967948403,37.729260546
2430,0.600967948403,37.800343741
2440,0.600967948403,37.908277412
2450,0.600967948403,38.05121432
2460,0.600967948403,38.209356486
2470,0.600967948403,38.358771615
2480,0.600967948403,38.488664327
2490,0.600967948403,38.599427939
2500,0.600967948403,38.692863828
2510,0.600967948403,38.841681734
2520,0.600967948403,38.938532807
2530,0.600967948403,39.083894816
2540,0.600967948403,39.172525066
2550,0.600967948403,39.320454125
2560,0.600967948403,39.447187174
2570,0.600967948403,39.554993007
2580,0.600967948403,39.708618561
2590,0.600967948403,39.844672357
2600,0.600967948403,39.978899166
2610,0.600967948403,40.06522502
2620,0.600967948403,40.127281471
2630,0.600967948403,40.265213138
2640,0.600967948403,40.371392518
2650,0.600967948403,40.509081613
2660,0.600967948403,40.661695972
2670,0.600967948403,40.763838806
2680,0.600967948403,40.788224744
2690,0.600967948403,40.953790533
2700,0.600967948403,41.055773227
2710,0.600967948403,41.178402371
2720,0.600967948403,41.221459445
2730,0.600967948403,41.227041092
2740,0.600967948403,41.293510154
2750,0.600967948403,41.400543593
2760,0.600967948403,41.54927629
2770,0.600967948403,41.63689834
2780,0.600967948403,41.653988714
2790,0.600967948403,41.847283654
2800,0.600967948403,41.951717051
2810,0.600967948403,42.078963274
2820,0.600967948403,42.227005046
2830,0.600967948403,42.366472271
2840,0.600967948403,42.471177022
2850,0.600967948403,42.602491888
2860,0.600967948403,42.706521525
2870,0.600967948403,42.845058837
2880,0.600967948403,42.952773814
2890,0.600967948403,43.068707768
2900,0.600967948403,43.157366154
2910,0.600967948403,43.284354382
2920,0.600967948403,43.46029277
2930,0.600967948403,43.5533879
2940,0.600967948403,43.617020263
2950,0.600967948403,43.713427284
2960,0.600967948403,43.820975526
2970,0.600967948403,43.928718638
2980,0.600967948403,44.051683522
2990,0.600967948403,44.195445393
3000,0.600967948403,44.296087284
3010,0.600967948403,44.457977787
3020,0.600967948403,44.522143173
3030,0.600967948403,44.651353462
3040,0.600967948403,44.777955957
3050,0.751209935504,44.874411407
3060,0.600967948403,44.988846079
3070,0.600967948403,45.156924317
3080,0.600967948403,45.282040616
3090,0.600967948403,45.389349973
3100,0.600967948403,45.495022722
3110,0.600967948403,45.632300609
3120,0.600967948403,45.716345376
3130,0.600967948403,45.818003765
3140,0.600967948403,45.96946515
3150,0.600967948403,46.050372388
3160,0.600967948403,46.209535424
3170,0.600967948403,46.325059295
3180,0.600967948403,46.474913128
3190,0.600967948403,46.587855513
3200,0.600967948403,46.721947009
3210,0.600967948403,46.819594938
3220,0.600967948403,46.972383314
3230,0.600967948403,47.100674427
3240,0.600967948403,47.218559509
3250,0.600967948403,47.380200412
3260,0.600967948403,47.494484278
3270,0.600967948403,47.636824055
3280,0.600967948403,47.706465518
3290,0.600967948403,47.88865577
3300,0.600967948403,47.975337836
3310,0.600967948403,48.073463196
3320,0.600967948403,48.224973235
3330,0.600967948403,48.340350389
3340,0.600967948403,48.496198996
3350,0.600967948403,48.625513236
3360,0.600967948403,48.747780579
3370,0.600967948403,48.87329169
3380,0.600967948403,49.01110926
3390,0.600967948403,49.114622046
3400,0.600967948403,49.257854224
3410,0.600967948403,49.363360786
3420,0.600967948403,49.510242814
3430,0.600967948403,49.669774745
3440,0.600967948403,49.796426532
3450,0.600967948403,49.939740103
3460,0.600967948403,50.053680932
3470,0.600967948403,50.188370714
3480,0.600967948403,50.306658457
3490,0.600967948403,50.457673602
3500,0.600967948403,50.513266385
3510,0.600967948403,50.672841868
3520,0.600967948403,50.785419205
3530,0.600967948403,50.934456045
3540,0.600967948403,51.035837002
3550,0.600967948403,51.180703688
3560,0.600967948403,51.316491516
3570,0.600967948403,51.435122522
3580,0.600967948403,51.524101364
3590,0.600967948403,51.670632464
3600,0.600967948403,51.732977549
3610,0.600967948403,51.865195081
3620,0.600967948403,52.020078554
3630,0.600967948403,52.140017057
3640,0.600967948403,52.26883484
3650,0.600967948403,52.410880063
3660,0.600967948403,52.577874611
3670,0.600967948403,52.663862092
3680,0.600967948403,52.818988953
3690,0.600967948403,52.913531159
3700,0.600967948403,53.030125087
3710,0.600967948403,53.142490897
3720,0.600967948403,53.255593291
3730,0.600967948403,53.382054503
3740,0.600967948403,53.477205614
3750,0.600967948403,53.577637588
3760,0.600967948403,53.686004411
3770,0.600967948403,53.840546112
3780,0.600967948403,53.988027485
3790,0.600967948403,54.154084305
3800,0.600967948403,54.283927199
3810,0.600967948403,54.37033704
3820,0.600967948403,54.500378756
3830,0.600967948403,54.647207204
3840,0.600967948403,54.673735929
3850,0.600967948403,54.847186645
3860,0.600967948403,54.945247328
3870,0.600967948403,55.030898169
3880,0.600967948403,55.138155252
3890,0.600967948403,55.342502011
3900,0.600967948403,55.430095876
3910,0.600967948403,55.52913415
3920,0.600967948403,55.631301272
3930,0.600967948403,55.712255357
3940,0.600967948403,55.83347774
3950,0.600967948403,55.888195428
3960,0.600967948403,56.02080979
3970,0.600967948403,56.09890251
3980,0.600967948403,56.189672789
3990,0.600967948403,56.24841567
4000,0.600967948403,56.34388527
