iterations,fitness,time
0,0.158149460106,0.02605353
10,0.150241987101,0.058867741
20,0.158149460106,0.212818939
30,0.158149460106,0.41794807
40,0.158149460106,0.611570667
50,0.166935541223,0.715145177
60,0.176755278942,0.838553361
70,0.176755278942,0.999762191
80,0.187802483876,1.137807835
90,0.214631410144,1.317497931
100,0.200322649468,1.477743569
110,0.187802483876,1.643514129
120,0.187802483876,1.807750723
130,0.200322649468,1.925100677
140,0.187802483876,2.158213364
150,0.200322649468,2.297876776
160,0.200322649468,2.554638451
170,0.200322649468,2.728883875
180,0.200322649468,2.8859219
190,0.214631410144,3.063528775
200,0.214631410144,3.237699501
210,0.214631410144,3.36660047
220,0.231141518617,3.507604924
230,0.214631410144,3.626241865
240,0.214631410144,3.781899456
250,0.214631410144,3.877246892
260,0.250403311835,4.065055588
270,0.250403311835,4.145468867
280,0.250403311835,4.309472562
290,0.250403311835,4.446661318
300,0.250403311835,4.47168255
310,0.250403311835,4.623222904
320,0.250403311835,4.822962167
330,0.250403311835,4.956983131
340,0.250403311835,5.08040656
350,0.250403311835,5.10297796
360,0.250403311835,5.13995383
370,0.250403311835,5.433052277
380,0.250403311835,5.592235564
390,0.231141518617,5.713347033
400,0.250403311835,5.869207185
410,0.231141518617,6.214221272
420,0.250403311835,6.361909706
430,0.273167249274,6.647615982
440,0.250403311835,6.823384776
450,0.250403311835,6.98516453
460,0.250403311835,7.185965779
470,0.250403311835,7.329255717
480,0.250403311835,7.546827396
490,0.250403311835,7.607707744
500,0.250403311835,7.791934482
510,0.250403311835,7.861654758
520,0.250403311835,7.942540809
530,0.250403311835,8.085449457
540,0.250403311835,8.221699265
550,0.273167249274,8.261684469
560,0.273167249274,8.495832257
570,0.250403311835,8.663104853
580,0.250403311835,8.820719863
590,0.300483974202,9.019797798
600,0.273167249274,9.204771541
610,0.250403311835,9.37281119
620,0.250403311835,9.527244172
630,0.273167249274,9.737616166
640,0.273167249274,9.935386407
650,0.273167249274,10.262370386
660,0.250403311835,10.469547318
670,0.250403311835,10.554203078
680,0.250403311835,10.652394687
690,0.250403311835,10.755528283
700,0.250403311835,10.87629285
710,0.250403311835,11.031975282
720,0.300483974202,11.198757782
730,0.273167249274,11.336416627
740,0.273167249274,11.467083374
750,0.250403311835,11.566597432
760,0.250403311835,11.58419716
770,0.273167249274,11.671134811
780,0.273167249274,11.873678581
790,0.273167249274,12.130285624
800,0.273167249274,12.238237306
810,0.300483974202,12.398243684
820,0.300483974202,12.507528577
830,0.333871082446,12.729213757
840,0.333871082446,12.751325566
850,0.333871082446,12.922139745
860,0.375604967752,12.949060135
870,0.333871082446,13.101888889
880,0.333871082446,13.330671852
890,0.333871082446,13.438279238
900,0.375604967752,13.652799654
910,0.375604967752,13.757024685
920,0.375604967752,13.830601932
930,0.375604967752,14.166169026
940,0.375604967752,14.288291155
950,0.375604967752,14.470501882
960,0.375604967752,14.601388864
970,0.375604967752,14.784892395
980,0.375604967752,14.986468756
990,0.375604967752,15.143736272
1000,0.375604967752,15.415011253
1010,0.375604967752,15.567779687
1020,0.375604967752,15.796547084
1030,0.333871082446,16.041554546
1040,0.333871082446,16.088959748
1050,0.333871082446,16.297547563
1060,0.375604967752,16.456190407
1070,0.333871082446,16.486940913
1080,0.333871082446,16.75244643
1090,0.333871082446,16.77581937
1100,0.333871082446,17.036184218
1110,0.333871082446,17.222135633
1120,0.333871082446,17.316339887
1130,0.333871082446,17.52292733
1140,0.375604967752,17.700466924
1150,0.375604967752,17.986983049
1160,0.375604967752,18.148913792
1170,0.333871082446,18.431993078
1180,0.333871082446,18.663570738
1190,0.300483974202,18.779905802
1200,0.300483974202,18.960042855
1210,0.300483974202,18.979593274
1220,0.333871082446,19.159459121
1230,0.333871082446,19.386568385
1240,0.333871082446,19.474636132
1250,0.375604967752,19.689915254
1260,0.333871082446,19.865284906
1270,0.333871082446,19.887919608
1280,0.300483974202,20.099854725
1290,0.300483974202,20.30662099
1300,0.333871082446,20.43816635
1310,0.300483974202,20.624820436
1320,0.300483974202,20.78583608
1330,0.300483974202,21.008614525
1340,0.300483974202,21.178629896
1350,0.300483974202,21.270994887
1360,0.300483974202,21.485268454
1370,0.300483974202,21.617471166
1380,0.300483974202,21.770483059
1390,0.300483974202,21.994847075
1400,0.300483974202,22.111221702
1410,0.300483974202,22.265752052
1420,0.300483974202,22.425111527
1430,0.300483974202,22.598423446
1440,0.300483974202,22.788066309
1450,0.300483974202,22.930309589
1460,0.300483974202,23.165501397
1470,0.333871082446,23.341775661
1480,0.300483974202,23.567759969
1490,0.333871082446,23.673244296
1500,0.333871082446,23.809606252
1510,0.333871082446,24.030535149
1520,0.300483974202,24.167044789
1530,0.333871082446,24.333664274
1540,0.333871082446,24.546586891
1550,0.333871082446,24.729356698
1560,0.333871082446,24.797093551
1570,0.375604967752,25.013697068
1580,0.333871082446,25.23383932
1590,0.333871082446,25.368238773
1600,0.333871082446,25.553839128
1610,0.333871082446,25.69109798
1620,0.333871082446,25.85445769
1630,0.333871082446,25.883807581
1640,0.300483974202,26.171921905
1650,0.300483974202,26.345523533
1660,0.273167249274,26.59192117
1670,0.300483974202,26.771387655
1680,0.300483974202,26.909238129
1690,0.300483974202,27.107232789
1700,0.300483974202,27.328299656
1710,0.300483974202,27.500046282
1720,0.300483974202,27.642530576
1730,0.333871082446,27.791984899
1740,0.333871082446,27.903550046
1750,0.333871082446,28.083879671
1760,0.333871082446,28.227816439
1770,0.333871082446,28.246732267
1780,0.333871082446,28.456569462
1790,0.333871082446,28.717449313
1800,0.375604967752,28.90095944
1810,0.333871082446,29.021421559
1820,0.333871082446,29.272237357
1830,0.333871082446,29.299425872
1840,0.333871082446,29.616794115
1850,0.333871082446,29.787153944
1860,0.333871082446,30.05078756
1870,0.333871082446,30.152002673
1880,0.333871082446,30.290810209
1890,0.333871082446,30.443894876
1900,0.333871082446,30.59680119
1910,0.333871082446,30.79637275
1920,0.333871082446,30.919679108
1930,0.333871082446,31.138817945
1940,0.333871082446,31.302850369
1950,0.333871082446,31.619426085
1960,0.429262820288,31.699727335
1970,0.333871082446,31.713343025
1980,0.333871082446,31.905914171
1990,0.333871082446,31.923676925
2000,0.333871082446,32.187058367
2010,0.333871082446,32.462551549
2020,0.333871082446,32.570756091
2030,0.375604967752,32.587439816
2040,0.333871082446,32.811969602
2050,0.333871082446,33.098220202
2060,0.333871082446,33.22337795
2070,0.375604967752,33.426686854
2080,0.375604967752,33.5539299
2090,0.375604967752,33.643877985
2100,0.375604967752,33.897735569
2110,0.333871082446,34.0644047
2120,0.333871082446,34.0945839
2130,0.333871082446,34.321411984
2140,0.333871082446,34.444771787
2150,0.333871082446,34.616693978
2160,0.333871082446,34.736512627
2170,0.333871082446,34.891308121
2180,0.375604967752,35.02116174
2190,0.375604967752,35.152323171
2200,0.375604967752,35.158342067
2210,0.375604967752,35.287239394
2220,0.375604967752,35.401868201
2230,0.429262820288,35.434115727
2240,0.375604967752,35.591373193
2250,0.375604967752,35.684761575
2260,0.375604967752,35.847701279
2270,0.375604967752,35.872116153
2280,0.375604967752,35.997990316
2290,0.375604967752,36.052353029
2300,0.375604967752,36.202555979
2310,0.375604967752,36.26084825
2320,0.375604967752,36.355033544
2330,0.429262820288,36.502410619
2340,0.429262820288,36.637419081
2350,0.429262820288,36.729256388
2360,0.429262820288,36.867482632
2370,0.429262820288,37.003265529
2380,0.429262820288,37.143715081
2390,0.429262820288,37.261375814
2400,0.429262820288,37.422121453
2410,0.429262820288,37.535735198
2420,0.429262820288,37.652992897
2430,0.429262820288,37.769966105
2440,0.429262820288,37.856476614
2450,0.429262820288,37.947820894
2460,0.429262820288,37.957292283
2470,0.429262820288,37.961207548
2480,0.429262820288,38.064858729
2490,0.429262820288,38.190274994
2500,0.429262820288,38.305531758
2510,0.429262820288,38.401377062
2520,0.429262820288,38.510454535
2530,0.429262820288,38.608496566
2540,0.429262820288,38.663707556
2550,0.429262820288,38.758380752
2560,0.429262820288,38.916534627
2570,0.429262820288,38.979148233
2580,0.429262820288,39.113057089
2590,0.429262820288,39.282968311
2600,0.429262820288,39.348631688
2610,0.429262820288,39.446883263
2620,0.429262820288,39.455260245
2630,0.429262820288,39.565091662
2640,0.429262820288,39.67680854
2650,0.429262820288,39.694762275
2660,0.429262820288,39.825373523
2670,0.500806623669,39.883057609
2680,0.429262820288,40.084730969
2690,0.429262820288,40.18811092
2700,0.429262820288,40.297802719
2710,0.429262820288,40.456439895
2720,0.429262820288,40.562093616
2730,0.429262820288,40.713870935
2740,0.429262820288,40.809278666
2750,0.429262820288,40.927959798
2760,0.429262820288,41.027138396
2770,0.429262820288,41.154293929
2780,0.429262820288,41.165306485
2790,0.429262820288,41.321623861
2800,0.429262820288,41.36569121
2810,0.429262820288,41.499457337
2820,0.429262820288,41.593640264
2830,0.429262820288,41.724115279
2840,0.429262820288,41.874344582
2850,0.429262820288,42.035224292
2860,0.429262820288,42.122075144
2870,0.429262820288,42.257390587
2880,0.429262820288,42.322182847
2890,0.429262820288,42.417886211
2900,0.429262820288,42.506582359
2910,0.429262820288,42.654841694
2920,0.429262820288,42.664551975
2930,0.429262820288,42.741951316
2940,0.429262820288,42.83921088
2950,0.429262820288,42.956207114
2960,0.429262820288,43.073958912
2970,0.429262820288,43.193933077
2980,0.429262820288,43.321438313
2990,0.429262820288,43.378695393
3000,0.429262820288,43.537093642
3010,0.429262820288,43.548373846
3020,0.429262820288,43.559420889
3030,0.429262820288,43.693303619
3040,0.429262820288,43.847941413
3050,0.429262820288,43.961635038
3060,0.429262820288,44.003163837
3070,0.429262820288,44.0075607
3080,0.429262820288,44.128310121
3090,0.429262820288,44.192299583
3100,0.429262820288,44.361553218
3110,0.429262820288,44.443654209
3120,0.429262820288,44.555050361
3130,0.500806623669,44.660574835
3140,0.429262820288,44.799978853
3150,0.429262820288,44.853349587
3160,0.429262820288,44.986269038
3170,0.429262820288,45.124502759
3180,0.429262820288,45.208206559
3190,0.429262820288,45.304406434
3200,0.429262820288,45.400801702
3210,0.429262820288,45.484542419
3220,0.429262820288,45.653210194
3230,0.500806623669,45.781772278
3240,0.429262820288,45.915208994
3250,0.429262820288,46.037140566
3260,0.429262820288,46.168576751
3270,0.429262820288,46.300586947
3280,0.429262820288,46.401465056
3290,0.429262820288,46.53339002
3300,0.429262820288,46.625591707
3310,0.500806623669,46.753349398
3320,0.429262820288,46.932895817
3330,0.429262820288,47.069474621
3340,0.429262820288,47.229749405
3350,0.429262820288,47.36798071
3360,0.429262820288,47.48669783
3370,0.429262820288,47.631928363
3380,0.429262820288,47.764041662
3390,0.429262820288,47.876181913
3400,0.429262820288,48.004482294
3410,0.429262820288,48.144099889
3420,0.429262820288,48.270654659
3430,0.429262820288,48.413796946
3440,0.429262820288,48.525350199
3450,0.429262820288,48.594341441
3460,0.429262820288,48.764544386
3470,0.429262820288,48.884861735
3480,0.429262820288,49.010376915
3490,0.429262820288,49.137691257
3500,0.429262820288,49.246010768
3510,0.500806623669,49.408012698
3520,0.429262820288,49.524917064
3530,0.429262820288,49.616220476
3540,0.429262820288,49.716276081
3550,0.429262820288,49.861319682
3560,0.429262820288,49.998793832
3570,0.429262820288,50.147235717
3580,0.429262820288,50.270315667
3590,0.429262820288,50.386720114
3600,0.429262820288,50.507086892
3610,0.500806623669,50.676234514
3620,0.429262820288,50.791673832
3630,0.429262820288,50.906242464
3640,0.429262820288,51.015870774
3650,0.429262820288,51.170644052
3660,0.429262820288,51.285656396
3670,0.429262820288,51.416780107
3680,0.429262820288,51.570170921
3690,0.429262820288,51.698392505
3700,0.429262820288,51.799250479
3710,0.429262820288,51.962190877
3720,0.429262820288,52.087376278
3730,0.429262820288,52.194960104
3740,0.429262820288,52.302088275
3750,0.429262820288,52.441496649
3760,0.429262820288,52.569653255
3770,0.429262820288,52.716065139
3780,0.429262820288,52.839542537
3790,0.429262820288,52.956586755
3800,0.429262820288,53.108522683
3810,0.429262820288,53.221877455
3820,0.429262820288,53.395408782
3830,0.429262820288,53.552631983
3840,0.429262820288,53.619964851
3850,0.429262820288,53.728500294
3860,0.429262820288,53.753845526
3870,0.429262820288,53.988246554
3880,0.429262820288,54.059746357
3890,0.429262820288,54.213569983
3900,0.429262820288,54.286092202
3910,0.429262820288,54.469000052
3920,0.429262820288,54.583420951
3930,0.429262820288,54.733067905
3940,0.429262820288,54.88487587
3950,0.429262820288,55.023123073
3960,0.429262820288,55.116397176
3970,0.429262820288,55.222781743
3980,0.429262820288,55.362995084
3990,0.429262820288,55.46912607
4000,0.429262820288,55.576010357
