iterations,fitness,time
0,0.158149460106,0.015860478
10,0.166935541223,0.05235996
20,0.158149460106,0.080493414
30,0.158149460106,0.246869247
40,0.150241987101,0.43954471
50,0.166935541223,0.567960793
60,0.166935541223,0.692893766
70,0.176755278942,0.878915338
80,0.187802483876,1.071643881
90,0.200322649468,1.200035098
100,0.187802483876,1.393069517
110,0.200322649468,1.482487648
120,0.187802483876,1.572252593
130,0.187802483876,1.828806266
140,0.200322649468,1.912067282
150,0.200322649468,2.092897615
160,0.187802483876,2.270437926
170,0.187802483876,2.415198133
180,0.187802483876,2.620387382
190,0.187802483876,2.826296489
200,0.214631410144,2.944613126
210,0.214631410144,2.986990525
220,0.214631410144,3.146459417
230,0.214631410144,3.278791748
240,0.231141518617,3.446108991
250,0.231141518617,3.539186529
260,0.214631410144,3.812102756
270,0.231141518617,4.007089019
280,0.250403311835,4.14275293
290,0.231141518617,4.252954532
300,0.231141518617,4.392942191
310,0.231141518617,4.586887266
320,0.214631410144,4.939383212
330,0.231141518617,5.077476327
340,0.250403311835,5.211299296
350,0.250403311835,5.343349866
360,0.250403311835,5.520299572
370,0.250403311835,5.759439853
380,0.273167249274,5.782477643
390,0.250403311835,5.822562203
400,0.300483974202,6.002625789
410,0.300483974202,6.214217272
420,0.273167249274,6.342034084
430,0.333871082446,6.681965365
440,0.333871082446,6.867234555
450,0.333871082446,7.06086966
460,0.375604967752,7.293062427
470,0.333871082446,7.447297916
480,0.333871082446,7.651163085
490,0.333871082446,7.746344603
500,0.333871082446,7.930017833
510,0.333871082446,8.105991852
520,0.375604967752,8.28622606
530,0.375604967752,8.488086348
540,0.375604967752,8.612245032
550,0.375604967752,8.793635071
560,0.375604967752,8.938482015
570,0.375604967752,9.012518222
580,0.375604967752,9.208747722
590,0.375604967752,9.366229072
600,0.429262820288,9.553161928
610,0.375604967752,9.744953248
620,0.375604967752,9.874185067
630,0.375604967752,9.988535941
640,0.375604967752,10.188100561
650,0.429262820288,10.208760752
660,0.429262820288,10.421732221
670,0.429262820288,10.573359194
680,0.500806623669,10.59766948
690,0.500806623669,10.82581069
700,0.500806623669,10.901461972
710,0.500806623669,11.08552981
720,0.500806623669,11.202230341
730,0.500806623669,11.224307602
740,0.500806623669,11.464918928
750,0.500806623669,11.700947739
760,0.500806623669,11.828690849
770,0.500806623669,11.846537792
780,0.500806623669,12.043281458
790,0.500806623669,12.241987162
800,0.500806623669,12.278601186
810,0.600967948403,12.425356582
820,0.600967948403,12.562347077
830,0.600967948403,12.583314537
840,0.600967948403,12.741391436
850,0.600967948403,12.910478766
860,0.600967948403,13.042912773
870,0.600967948403,13.223136608
880,0.600967948403,13.405695391
890,0.600967948403,13.569615498
900,0.600967948403,13.655788069
910,0.600967948403,13.735309649
920,0.600967948403,13.89925926
930,0.600967948403,13.921462736
940,0.600967948403,14.14063444
950,0.600967948403,14.159975113
960,0.600967948403,14.266507707
970,0.600967948403,14.580315891
980,0.600967948403,14.701317499
990,0.600967948403,14.886430356
1000,0.600967948403,15.141099375
1010,0.600967948403,15.30571709
1020,0.600967948403,15.507367726
1030,0.600967948403,15.665185033
1040,0.600967948403,15.880048501
1050,0.600967948403,16.068419824
1060,0.600967948403,16.185906207
1070,0.600967948403,16.346611719
1080,0.600967948403,16.504678132
1090,0.600967948403,16.710744053
1100,0.600967948403,16.954901102
1110,0.600967948403,17.172323599
1120,0.600967948403,17.377527919
1130,0.600967948403,17.547325764
1140,0.600967948403,17.577252546
1150,0.600967948403,17.889690706
1160,0.600967948403,17.928290024
1170,0.600967948403,18.213438219
1180,0.600967948403,18.344970291
1190,0.600967948403,18.472913086
1200,0.600967948403,18.689517901
1210,0.600967948403,18.928076321
1220,0.600967948403,19.058047614
1230,0.600967948403,19.30698712
1240,0.600967948403,19.436188223
1250,0.600967948403,19.593962838
1260,0.600967948403,19.89513184
1270,0.600967948403,20.089663449
1280,0.600967948403,20.280550521
1290,0.600967948403,20.469665902
1300,0.600967948403,20.512712031
1310,0.600967948403,20.745003009
1320,0.600967948403,20.931149005
1330,0.600967948403,21.069204671
1340,0.600967948403,21.195147059
1350,0.600967948403,21.444179392
1360,0.600967948403,21.597060972
1370,0.600967948403,21.760607503
1380,0.600967948403,21.980651382
1390,0.600967948403,22.187519441
1400,0.600967948403,22.386483569
1410,0.600967948403,22.547827269
1420,0.600967948403,22.714482505
1430,0.600967948403,22.876869582
1440,0.600967948403,23.049531467
1450,0.600967948403,23.115448929
1460,0.600967948403,23.318409874
1470,0.600967948403,23.442532703
1480,0.600967948403,23.593477329
1490,0.600967948403,23.720561458
1500,0.600967948403,23.91808355
1510,0.600967948403,24.047741308
1520,0.600967948403,24.225243383
1530,0.600967948403,24.246299706
1540,0.600967948403,24.433966922
1550,0.600967948403,24.668814964
1560,0.600967948403,24.841877642
1570,0.600967948403,25.007843554
1580,0.600967948403,25.254976136
1590,0.600967948403,25.401692269
1600,0.600967948403,25.52880492
1610,0.600967948403,25.727137479
1620,0.600967948403,25.927116505
1630,0.600967948403,26.033148314
1640,0.600967948403,26.304659758
1650,0.600967948403,26.441117519
1660,0.600967948403,26.53296032
1670,0.600967948403,26.869130025
1680,0.600967948403,27.007316736
1690,0.600967948403,27.267337344
1700,0.600967948403,27.418168211
1710,0.600967948403,27.630966959
1720,0.600967948403,27.770626521
1730,0.600967948403,27.913405397
1740,0.600967948403,28.023498456
1750,0.600967948403,28.249701495
1760,0.600967948403,28.439357221
1770,0.600967948403,28.601557784
1780,0.600967948403,28.766605294
1790,0.600967948403,28.795334768
1800,0.600967948403,28.967732507
1810,0.600967948403,29.204049236
1820,0.600967948403,29.280023995
1830,0.600967948403,29.567442075
1840,0.600967948403,29.753071737
1850,0.600967948403,29.880981381
1860,0.600967948403,30.065380137
1870,0.600967948403,30.215229895
1880,0.600967948403,30.236148812
1890,0.600967948403,30.499158448
1900,0.600967948403,30.515766198
1910,0.600967948403,30.531177998
1920,0.600967948403,30.545792651
1930,0.600967948403,30.776055469
1940,0.600967948403,30.852322466
1950,0.600967948403,31.074310481
1960,0.600967948403,31.244433702
1970,0.600967948403,31.435428949
1980,0.600967948403,31.591655699
1990,0.600967948403,31.797641553
2000,0.600967948403,31.849901152
2010,0.600967948403,31.869962401
2020,0.600967948403,32.074747735
2030,0.600967948403,32.35023122
2040,0.600967948403,32.4769596
2050,0.600967948403,32.487224049
2060,0.600967948403,32.652407155
2070,0.600967948403,32.769075884
2080,0.600967948403,32.976674152
2090,0.600967948403,33.29814794
2100,0.600967948403,33.402960257
2110,0.600967948403,33.419379367
2120,0.600967948403,33.621641288
2130,0.600967948403,33.792362088
2140,0.600967948403,34.032447563
2150,0.600967948403,34.244295739
2160,0.600967948403,34.380230758
2170,0.600967948403,34.546369626
2180,0.600967948403,34.578259949
2190,0.600967948403,34.783150344
2200,0.600967948403,34.844336004
2210,0.600967948403,34.94962821
2220,0.600967948403,35.110673242
2230,0.600967948403,35.246697625
2240,0.600967948403,35.35200156
2250,0.600967948403,35.520421404
2260,0.600967948403,35.661714055
2270,0.600967948403,35.751501346
2280,0.600967948403,35.792284202
2290,0.600967948403,36.00951161
2300,0.600967948403,36.080399368
2310,0.600967948403,36.197357834
2320,0.600967948403,36.28452511
2330,0.600967948403,36.339026447
2340,0.600967948403,36.506442315
2350,0.600967948403,36.606079615
2360,0.600967948403,36.631932322
2370,0.600967948403,36.837382884
2380,0.600967948403,36.917934896
2390,0.600967948403,37.028653045
2400,0.600967948403,37.11854267
2410,0.600967948403,37.253013883
2420,0.600967948403,37.393244497
2430,0.600967948403,37.501200742
2440,0.600967948403,37.658603348
2450,0.600967948403,37.684433141
2460,0.600967948403,37.688706515
2470,0.600967948403,37.787555749
2480,0.600967948403,37.920910241
2490,0.600967948403,37.989802819
2500,0.600967948403,38.108607309
2510,0.600967948403,38.268683148
2520,0.600967948403,38.367880664
2530,0.600967948403,38.495374034
2540,0.600967948403,38.634879393
2550,0.600967948403,38.760283628
2560,0.600967948403,38.944202507
2570,0.600967948403,39.063352952
2580,0.600967948403,39.246742922
2590,0.600967948403,39.355396848
2600,0.600967948403,39.489721832
2610,0.600967948403,39.627807897
2620,0.600967948403,39.784770924
2630,0.600967948403,39.902430069
2640,0.600967948403,40.034381323
2650,0.600967948403,40.130524301
2660,0.600967948403,40.222270885
2670,0.600967948403,40.236031129
2680,0.600967948403,40.351644707
2690,0.600967948403,40.49886797
2700,0.600967948403,40.595206601
2710,0.600967948403,40.778502853
2720,0.600967948403,40.931270733
2730,0.600967948403,41.01400882
2740,0.600967948403,41.108334525
2750,0.600967948403,41.208109041
2760,0.600967948403,41.372017857
2770,0.600967948403,41.471615939
2780,0.600967948403,41.477174043
2790,0.600967948403,41.579308386
2800,0.600967948403,41.713058887
2810,0.600967948403,41.835318125
2820,0.600967948403,41.943307888
2830,0.600967948403,41.970493948
2840,0.600967948403,41.97139477
2850,0.600967948403,41.975763793
2860,0.600967948403,41.982087046
2870,0.600967948403,42.045128915
2880,0.600967948403,42.161828179
2890,0.600967948403,42.345095165
2900,0.600967948403,42.504851816
2910,0.600967948403,42.622988112
2920,0.600967948403,42.765573734
2930,0.600967948403,42.858040786
2940,0.600967948403,42.966706716
2950,0.600967948403,42.975567801
2960,0.600967948403,43.11904638
2970,0.600967948403,43.164682376
2980,0.600967948403,43.229954191
2990,0.600967948403,43.378230625
3000,0.600967948403,43.474055572
3010,0.600967948403,43.593053539
3020,0.600967948403,43.748302392
3030,0.600967948403,43.899116507
3040,0.600967948403,44.012396024
3050,0.600967948403,44.141430616
3060,0.600967948403,44.259608747
3070,0.600967948403,44.39362982
3080,0.600967948403,44.524241443
3090,0.600967948403,44.645079072
3100,0.600967948403,44.777680232
3110,0.600967948403,44.884897602
3120,0.600967948403,45.02358353
3130,0.600967948403,45.15076313
3140,0.600967948403,45.305564406
3150,0.600967948403,45.418958809
3160,0.600967948403,45.507789288
3170,0.600967948403,45.64489119
3180,0.600967948403,45.727561811
3190,0.600967948403,45.898676369
3200,0.600967948403,46.017448512
3210,0.600967948403,46.139651464
3220,0.600967948403,46.270065975
3230,0.600967948403,46.380718511
3240,0.600967948403,46.510467178
3250,0.600967948403,46.648855289
3260,0.600967948403,46.818573823
3270,0.600967948403,46.97491537
3280,0.600967948403,47.119939162
3290,0.600967948403,47.242496418
3300,0.600967948403,47.379726622
3310,0.600967948403,47.497768936
3320,0.600967948403,47.581182507
3330,0.600967948403,47.704628748
3340,0.600967948403,47.791808965
3350,0.600967948403,47.93726366
3360,0.600967948403,48.041325296
3370,0.600967948403,48.151958834
3380,0.600967948403,48.271026752
3390,0.600967948403,48.379464424
3400,0.600967948403,48.473116138
3410,0.600967948403,48.592989288
3420,0.600967948403,48.700804268
3430,0.600967948403,48.795023373
3440,0.600967948403,48.906554824
3450,0.600967948403,48.997037058
3460,0.600967948403,49.164093039
3470,0.600967948403,49.280677197
3480,0.600967948403,49.416301894
3490,0.600967948403,49.547174603
3500,0.600967948403,49.629626681
3510,0.600967948403,49.746737258
3520,0.600967948403,49.886606372
3530,0.600967948403,49.982907328
3540,0.600967948403,50.112326996
3550,0.600967948403,50.229867994
3560,0.600967948403,50.360251884
3570,0.600967948403,50.469571169
3580,0.600967948403,50.596120122
3590,0.600967948403,50.724282734
3600,0.600967948403,50.855973666
3610,0.600967948403,50.999498359
3620,0.600967948403,51.088583101
3630,0.600967948403,51.231649681
3640,0.600967948403,51.282823712
3650,0.600967948403,51.418707471
3660,0.600967948403,51.606406046
3670,0.600967948403,51.721865808
3680,0.600967948403,51.830022098
3690,0.600967948403,51.950355082
3700,0.600967948403,52.042140834
3710,0.600967948403,52.144896798
3720,0.600967948403,52.262809098
3730,0.600967948403,52.410661097
3740,0.600967948403,52.55443332
3750,0.600967948403,52.672254248
3760,0.600967948403,52.748304184
3770,0.600967948403,52.907160458
3780,0.600967948403,53.027475886
3790,0.600967948403,53.193761593
3800,0.600967948403,53.32227455
3810,0.600967948403,53.425558491
3820,0.600967948403,53.559608758
3830,0.600967948403,53.730771122
3840,0.600967948403,53.858553206
3850,0.600967948403,54.010634275
3860,0.600967948403,54.156216107
3870,0.600967948403,54.183601468
3880,0.600967948403,54.287647052
3890,0.600967948403,54.392365239
3900,0.600967948403,54.552170879
3910,0.600967948403,54.634461844
3920,0.600967948403,54.711627537
3930,0.600967948403,54.879336563
3940,0.600967948403,54.987307948
3950,0.600967948403,55.119395828
3960,0.600967948403,55.13893206
3970,0.600967948403,55.312379633
3980,0.600967948403,55.408256041
3990,0.600967948403,55.510536256
4000,0.600967948403,55.633410411
