iterations,fitness,time
0,0.0416227596008,0.009103711
10,0.0434324448008,0.025891001
20,0.0454066468372,0.04339476
30,0.0454066468372,0.06244228
40,0.0475688681152,0.079538436
50,0.0475688681152,0.094183166
60,0.0454066468372,0.119360696
70,0.0475688681152,0.130330313
80,0.0525761173905,0.145333378
90,0.0525761173905,0.161915392
100,0.0525761173905,0.180927872
110,0.0587615429658,0.204873087
120,0.0587615429658,0.22262972
130,0.0554970128011,0.230277909
140,0.0554970128011,0.248608896
150,0.0554970128011,0.258361408
160,0.0587615429658,0.270869865
170,0.0587615429658,0.286785048
180,0.0554970128011,0.297762423
190,0.0554970128011,0.316652056
200,0.0525761173905,0.325812901
210,0.0587615429658,0.348538845
220,0.0587615429658,0.350858102
230,0.0554970128011,0.35193325
240,0.0624341394012,0.35514582
250,0.0624341394012,0.375447215
260,0.0665964153613,0.388010879
270,0.0624341394012,0.403403985
280,0.0665964153613,0.405855186
290,0.0624341394012,0.424752231
300,0.0665964153613,0.43605733
310,0.0713533021728,0.443722864
320,0.0665964153613,0.466543209
330,0.0665964153613,0.473222214
340,0.0665964153613,0.478518772
350,0.0713533021728,0.482728363
360,0.0713533021728,0.492934375
370,0.0713533021728,0.504257897
380,0.0768420177246,0.511032483
390,0.0768420177246,0.517835801
400,0.0713533021728,0.554937458
410,0.0768420177246,0.567320592
420,0.0713533021728,0.586987206
430,0.0768420177246,0.593234491
440,0.0713533021728,0.620958031
450,0.0768420177246,0.631182542
460,0.0768420177246,0.654176743
470,0.0768420177246,0.666637783
480,0.0768420177246,0.695905294
490,0.0768420177246,0.706222307
500,0.0768420177246,0.708721362
510,0.0768420177246,0.71973737
520,0.0832455192016,0.729334
530,0.0832455192016,0.732179931
540,0.0832455192016,0.736443156
550,0.0768420177246,0.745316307
560,0.0768420177246,0.778262884
570,0.0768420177246,0.796936661
580,0.0832455192016,0.811619758
590,0.0832455192016,0.832951784
600,0.0832455192016,0.838323648
610,0.0908132936745,0.856471244
620,0.0908132936745,0.872373271
630,0.0908132936745,0.884359221
640,0.0908132936745,0.886661762
650,0.0998946230419,0.891680289
660,0.0998946230419,0.919009746
670,0.0998946230419,0.922862867
680,0.0998946230419,0.941015836
690,0.0998946230419,0.960181699
700,0.110994025602,0.987652782
710,0.110994025602,0.999670361
720,0.110994025602,1.006870012
730,0.124868278802,1.024658714
740,0.110994025602,1.033488717
750,0.110994025602,1.053902999
760,0.110994025602,1.068929717
770,0.110994025602,1.086403529
780,0.110994025602,1.103778833
790,0.110994025602,1.121474636
800,0.124868278802,1.12912531
810,0.124868278802,1.140761394
820,0.124868278802,1.176431672
830,0.124868278802,1.183269643
840,0.124868278802,1.191356825
850,0.142706604346,1.207484331
860,0.142706604346,1.229328678
870,0.142706604346,1.256646954
880,0.142706604346,1.28174855
890,0.142706604346,1.306790753
900,0.142706604346,1.316410033
910,0.142706604346,1.340400259
920,0.142706604346,1.358696146
930,0.142706604346,1.367055752
940,0.142706604346,1.39900872
950,0.142706604346,1.427774094
960,0.142706604346,1.442408351
970,0.142706604346,1.452811999
980,0.142706604346,1.475688399
990,0.142706604346,1.488630487
1000,0.142706604346,1.521032577
1010,0.142706604346,1.540918978
1020,0.142706604346,1.55460689
1030,0.142706604346,1.585650661
1040,0.142706604346,1.607534116
1050,0.142706604346,1.634096318
1060,0.142706604346,1.644236897
1070,0.142706604346,1.663013519
1080,0.142706604346,1.680624742
1090,0.142706604346,1.690777493
1100,0.142706604346,1.721639041
1110,0.142706604346,1.740982326
1120,0.142706604346,1.762963458
1130,0.142706604346,1.776769473
1140,0.142706604346,1.799330289
1150,0.142706604346,1.811847039
1160,0.142706604346,1.839112088
1170,0.142706604346,1.844794294
1180,0.142706604346,1.847743848
1190,0.142706604346,1.867171302
1200,0.142706604346,1.881121849
1210,0.142706604346,1.904300609
1220,0.142706604346,1.925975095
1230,0.142706604346,1.930932283
1240,0.142706604346,1.936494983
1250,0.142706604346,1.955793481
1260,0.142706604346,1.979960005
1270,0.142706604346,2.008042275
1280,0.142706604346,2.024883955
1290,0.142706604346,2.043309092
1300,0.142706604346,2.065382514
1310,0.142706604346,2.090248067
1320,0.142706604346,2.111942175
1330,0.142706604346,2.122205628
1340,0.142706604346,2.149291945
1350,0.142706604346,2.167816222
1360,0.142706604346,2.185936963
1370,0.142706604346,2.200914404
1380,0.142706604346,2.233919545
1390,0.142706604346,2.240307997
1400,0.142706604346,2.259190549
1410,0.142706604346,2.274607385
1420,0.142706604346,2.287121507
1430,0.142706604346,2.305065283
1440,0.142706604346,2.325018575
1450,0.142706604346,2.352373111
1460,0.142706604346,2.371274659
1470,0.142706604346,2.388029167
1480,0.142706604346,2.405128617
1490,0.142706604346,2.417300355
1500,0.142706604346,2.438891806
1510,0.142706604346,2.469510645
1520,0.142706604346,2.485068951
1530,0.142706604346,2.499335223
1540,0.142706604346,2.521242098
1550,0.142706604346,2.545426912
1560,0.142706604346,2.566868524
1570,0.142706604346,2.585416577
1580,0.142706604346,2.605898436
1590,0.142706604346,2.619473523
1600,0.142706604346,2.643262048
1610,0.142706604346,2.668059112
1620,0.142706604346,2.686036442
1630,0.142706604346,2.694411954
1640,0.142706604346,2.719870339
1650,0.142706604346,2.742952535
1660,0.142706604346,2.763953639
1670,0.142706604346,2.779465661
1680,0.142706604346,2.799695557
1690,0.142706604346,2.829920336
1700,0.142706604346,2.840273422
1710,0.142706604346,2.862719691
1720,0.142706604346,2.873789809
1730,0.142706604346,2.885767287
1740,0.142706604346,2.902457535
1750,0.142706604346,2.929833329
1760,0.142706604346,2.950109187
1770,0.142706604346,2.96999814
1780,0.142706604346,2.984302576
1790,0.142706604346,3.00826941
1800,0.142706604346,3.024308501
1810,0.142706604346,3.04784567
1820,0.142706604346,3.064703872
1830,0.142706604346,3.079119352
1840,0.142706604346,3.10368963
1850,0.142706604346,3.116431814
1860,0.142706604346,3.136664952
1870,0.142706604346,3.153460322
1880,0.142706604346,3.177441739
1890,0.142706604346,3.194785631
1900,0.142706604346,3.21778244
1910,0.142706604346,3.237534414
1920,0.142706604346,3.254850222
1930,0.142706604346,3.272574173
1940,0.142706604346,3.287598612
1950,0.142706604346,3.304209505
1960,0.142706604346,3.320569538
1970,0.142706604346,3.345241971
1980,0.142706604346,3.3683294
1990,0.142706604346,3.379489383
2000,0.142706604346,3.416731273
2010,0.142706604346,3.441075887
2020,0.142706604346,3.457871963
2030,0.142706604346,3.471402772
2040,0.142706604346,3.485603591
2050,0.142706604346,3.508672846
2060,0.142706604346,3.531409756
2070,0.142706604346,3.552740472
2080,0.142706604346,3.578799776
2090,0.142706604346,3.584097978
2100,0.142706604346,3.592155098
2110,0.142706604346,3.613968285
2120,0.142706604346,3.643501428
2130,0.142706604346,3.652714814
2140,0.142706604346,3.665566174
2150,0.142706604346,3.681329512
2160,0.142706604346,3.710087113
2170,0.142706604346,3.716448405
2180,0.142706604346,3.724212244
2190,0.142706604346,3.748700952
2200,0.142706604346,3.755241417
2210,0.142706604346,3.775611353
2220,0.142706604346,3.78710472
2230,0.142706604346,3.818937416
2240,0.142706604346,3.825493053
2250,0.142706604346,3.837405487
2260,0.142706604346,3.87995242
2270,0.142706604346,3.89170222
2280,0.142706604346,3.906441511
2290,0.142706604346,3.92309766
2300,0.142706604346,3.936099031
2310,0.142706604346,3.95618367
2320,0.142706604346,3.962779771
2330,0.142706604346,3.988439982
2340,0.142706604346,3.999575915
2350,0.142706604346,4.017944795
2360,0.142706604346,4.035412718
2370,0.142706604346,4.070177452
2380,0.142706604346,4.080234927
2390,0.142706604346,4.110966019
2400,0.142706604346,4.121398675
2410,0.142706604346,4.144809131
2420,0.142706604346,4.167903837
2430,0.142706604346,4.182786568
2440,0.142706604346,4.207387453
2450,0.142706604346,4.22150848
2460,0.142706604346,4.248267026
2470,0.142706604346,4.263134107
2480,0.142706604346,4.278092561
2490,0.142706604346,4.290084096
2500,0.142706604346,4.300274835
2510,0.142706604346,4.32802023
2520,0.142706604346,4.335988927
2530,0.142706604346,4.344091823
2540,0.142706604346,4.354930628
2550,0.142706604346,4.382410771
2560,0.142706604346,4.392811236
2570,0.142706604346,4.412818852
2580,0.142706604346,4.435075923
2590,0.142706604346,4.467395496
2600,0.142706604346,4.482866129
2610,0.142706604346,4.511489506
2620,0.142706604346,4.52919938
2630,0.142706604346,4.566467625
2640,0.142706604346,4.586613729
2650,0.142706604346,4.605807559
2660,0.142706604346,4.62500769
2670,0.142706604346,4.636282435
2680,0.142706604346,4.654755378
2690,0.142706604346,4.673281369
2700,0.142706604346,4.679652194
2710,0.142706604346,4.704906425
2720,0.142706604346,4.711819852
2730,0.142706604346,4.71498314
2740,0.142706604346,4.723630124
2750,0.142706604346,4.768408032
2760,0.142706604346,4.777242566
2770,0.142706604346,4.82438894
2780,0.142706604346,4.845727393
2790,0.142706604346,4.859040865
2800,0.142706604346,4.89260522
2810,0.142706604346,4.903672346
2820,0.142706604346,4.928642232
2830,0.142706604346,4.944353919
2840,0.142706604346,4.963307977
2850,0.142706604346,4.97108734
2860,0.142706604346,4.977224201
2870,0.142706604346,4.991618761
2880,0.142706604346,5.020228271
2890,0.142706604346,5.039237327
2900,0.142706604346,5.058015725
2910,0.142706604346,5.089492278
2920,0.142706604346,5.099252939
2930,0.142706604346,5.110511103
2940,0.142706604346,5.129942318
2950,0.142706604346,5.156123542
2960,0.142706604346,5.16630484
2970,0.142706604346,5.181152941
2980,0.142706604346,5.197449645
2990,0.142706604346,5.227807131
3000,0.142706604346,5.255113288
3010,0.142706604346,5.278440938
3020,0.142706604346,5.285556944
3030,0.142706604346,5.305789826
3040,0.142706604346,5.330395096
3050,0.142706604346,5.355929058
3060,0.142706604346,5.378849301
3070,0.142706604346,5.401193301
3080,0.142706604346,5.424556762
3090,0.142706604346,5.44217827
3100,0.142706604346,5.461962737
3110,0.142706604346,5.476815598
3120,0.142706604346,5.519186799
3130,0.142706604346,5.534010591
3140,0.142706604346,5.555360982
3150,0.142706604346,5.568460433
3160,0.142706604346,5.596005276
3170,0.142706604346,5.60639859
3180,0.142706604346,5.637028382
3190,0.142706604346,5.652428806
3200,0.142706604346,5.678054592
3210,0.142706604346,5.696790052
3220,0.142706604346,5.748393148
3230,0.142706604346,5.757611896
3240,0.142706604346,5.766042379
3250,0.142706604346,5.780755837
3260,0.142706604346,5.789719918
3270,0.142706604346,5.807496162
3280,0.142706604346,5.814385157
3290,0.142706604346,5.825697926
3300,0.142706604346,5.836715959
3310,0.142706604346,5.867682206
3320,0.142706604346,5.890109306
3330,0.142706604346,5.896784455
3340,0.142706604346,5.924034622
3350,0.142706604346,5.94044753
3360,0.142706604346,5.967022583
3370,0.142706604346,5.984370714
3380,0.142706604346,6.001028934
3390,0.142706604346,6.026575677
3400,0.142706604346,6.042435719
3410,0.142706604346,6.06185198
3420,0.142706604346,6.079495893
3430,0.142706604346,6.104648482
3440,0.142706604346,6.134198299
3450,0.166491038403,6.163068178
3460,0.166491038403,6.180839343
3470,0.166491038403,6.208684151
3480,0.166491038403,6.226835747
3490,0.166491038403,6.241596795
3500,0.166491038403,6.253786351
3510,0.166491038403,6.265117282
3520,0.166491038403,6.286567319
3530,0.166491038403,6.312486682
3540,0.166491038403,6.328820817
3550,0.166491038403,6.355619653
3560,0.166491038403,6.37176302
3570,0.166491038403,6.394287465
3580,0.166491038403,6.417132526
3590,0.166491038403,6.431796265
3600,0.166491038403,6.45335979
3610,0.166491038403,6.482127454
3620,0.166491038403,6.498713866
3630,0.166491038403,6.516303674
3640,0.166491038403,6.529538825
3650,0.166491038403,6.55992337
3660,0.166491038403,6.592096785
3670,0.166491038403,6.610994531
3680,0.166491038403,6.62770607
3690,0.166491038403,6.639381747
3700,0.166491038403,6.662213953
3710,0.166491038403,6.673277504
3720,0.166491038403,6.699296812
3730,0.166491038403,6.715280489
3740,0.166491038403,6.730292255
3750,0.166491038403,6.752247393
3760,0.166491038403,6.765729357
3770,0.166491038403,6.781096991
3780,0.166491038403,6.816350278
3790,0.166491038403,6.834519987
3800,0.166491038403,6.857344124
3810,0.166491038403,6.876895574
3820,0.166491038403,6.892329449
3830,0.166491038403,6.900719427
3840,0.166491038403,6.914016873
3850,0.166491038403,6.931968699
3860,0.166491038403,6.958012197
3870,0.166491038403,6.987631291
3880,0.166491038403,6.998838387
3890,0.166491038403,7.016545986
3900,0.166491038403,7.026288725
3910,0.166491038403,7.033101112
3920,0.166491038403,7.049933703
3930,0.166491038403,7.064845657
3940,0.166491038403,7.08743755
3950,0.166491038403,7.099290643
3960,0.166491038403,7.112631003
3970,0.166491038403,7.12603323
3980,0.166491038403,7.152529837
3990,0.166491038403,7.175237728
4000,0.166491038403,7.196936161
4010,0.166491038403,7.224203891
4020,0.166491038403,7.254045253
4030,0.166491038403,7.273130787
4040,0.166491038403,7.293297382
4050,0.166491038403,7.320812177
4060,0.166491038403,7.338711565
4070,0.166491038403,7.353292155
4080,0.166491038403,7.365370622
4090,0.166491038403,7.391403055
4100,0.166491038403,7.414090326
4110,0.166491038403,7.431342718
4120,0.166491038403,7.440489268
4130,0.166491038403,7.463142997
4140,0.166491038403,7.489762339
4150,0.166491038403,7.513321225
4160,0.166491038403,7.533913704
4170,0.166491038403,7.552129745
4180,0.166491038403,7.562655602
4190,0.166491038403,7.58625109
4200,0.166491038403,7.606556011
4210,0.166491038403,7.628213728
4220,0.166491038403,7.644026166
4230,0.166491038403,7.668066446
4240,0.166491038403,7.687234873
4250,0.166491038403,7.70488576
4260,0.166491038403,7.72456723
4270,0.166491038403,7.744815005
4280,0.166491038403,7.772901149
4290,0.166491038403,7.7937476
4300,0.166491038403,7.803666571
4310,0.166491038403,7.818926726
4320,0.166491038403,7.840043333
4330,0.166491038403,7.86279147
4340,0.166491038403,7.879203203
4350,0.166491038403,7.89473765
4360,0.166491038403,7.915403857
4370,0.166491038403,7.923436255
4380,0.166491038403,7.93777684
4390,0.166491038403,7.956976538
4400,0.166491038403,7.965139208
4410,0.166491038403,7.980374823
4420,0.166491038403,7.995932557
4430,0.166491038403,8.012025747
4440,0.166491038403,8.030024873
4450,0.166491038403,8.046542819
4460,0.166491038403,8.061213249
4470,0.166491038403,8.068646117
4480,0.166491038403,8.084845396
4490,0.166491038403,8.09704829
4500,0.166491038403,8.122251075
4510,0.166491038403,8.144242267
4520,0.166491038403,8.162981437
4530,0.166491038403,8.191098641
4540,0.166491038403,8.217281034
4550,0.166491038403,8.240981554
4560,0.166491038403,8.262250093
4570,0.166491038403,8.279307519
4580,0.166491038403,8.295102485
4590,0.166491038403,8.315644038
4600,0.166491038403,8.333539305
4610,0.166491038403,8.359612211
4620,0.166491038403,8.378122809
4630,0.166491038403,8.406980073
4640,0.166491038403,8.432018208
4650,0.166491038403,8.452269088
4660,0.166491038403,8.474178212
4670,0.166491038403,8.492219494
4680,0.166491038403,8.513181
4690,0.166491038403,8.538189717
4700,0.166491038403,8.555685788
4710,0.166491038403,8.577198667
4720,0.166491038403,8.601293704
4730,0.166491038403,8.622197092
4740,0.166491038403,8.637569092
4750,0.166491038403,8.666717199
4760,0.166491038403,8.679853306
4770,0.166491038403,8.710257718
4780,0.166491038403,8.733015299
4790,0.166491038403,8.74746816
4800,0.166491038403,8.764909302
4810,0.166491038403,8.783644605
4820,0.166491038403,8.807147658
4830,0.166491038403,8.83758018
4840,0.166491038403,8.855591868
4850,0.166491038403,8.875330609
4860,0.166491038403,8.893362603
4870,0.166491038403,8.931314956
4880,0.166491038403,8.948388953
4890,0.166491038403,8.972170288
4900,0.166491038403,8.996705597
4910,0.166491038403,9.005199102
4920,0.166491038403,9.030488277
4930,0.166491038403,9.036793207
4940,0.166491038403,9.048317987
4950,0.166491038403,9.060183783
4960,0.166491038403,9.068063981
4970,0.166491038403,9.098198038
4980,0.166491038403,9.103921916
4990,0.166491038403,9.119764594
5000,0.166491038403,9.131213133
5010,0.166491038403,9.142408945
5020,0.166491038403,9.175138438
5030,0.166491038403,9.197166714
5040,0.166491038403,9.220185426
5050,0.166491038403,9.224951663
5060,0.166491038403,9.228345017
5070,0.166491038403,9.237240341
5080,0.166491038403,9.243119565
5090,0.166491038403,9.274992073
5100,0.166491038403,9.281410159
5110,0.166491038403,9.287351657
5120,0.166491038403,9.326715538
5130,0.166491038403,9.344107699
5140,0.166491038403,9.355686674
5150,0.166491038403,9.371109529
5160,0.166491038403,9.37618994
5170,0.166491038403,9.390683988
5180,0.166491038403,9.408488092
5190,0.166491038403,9.425509602
5200,0.166491038403,9.446807957
5210,0.166491038403,9.456743266
5220,0.166491038403,9.464308403
5230,0.166491038403,9.477387093
5240,0.166491038403,9.49868272
5250,0.166491038403,9.506938058
5260,0.166491038403,9.514187569
5270,0.166491038403,9.554824251
5280,0.166491038403,9.565004498
5290,0.166491038403,9.570603176
5300,0.166491038403,9.574753316
5310,0.166491038403,9.58027638
5320,0.166491038403,9.598388602
5330,0.166491038403,9.60050988
5340,0.166491038403,9.607783982
5350,0.166491038403,9.611738271
5360,0.166491038403,9.621406569
5370,0.166491038403,9.70977969
5380,0.166491038403,9.726649361
5390,0.166491038403,9.731922892
5400,0.166491038403,9.736592772
5410,0.166491038403,9.74253584
5420,0.166491038403,9.775830357
5430,0.166491038403,9.785557758
5440,0.166491038403,9.805506936
5450,0.166491038403,9.809950905
5460,0.166491038403,9.814979428
5470,0.166491038403,9.825254243
5480,0.166491038403,9.838247228
5490,0.166491038403,9.850085219
5500,0.166491038403,9.879578338
5510,0.166491038403,9.889314124
5520,0.166491038403,9.904764567
5530,0.166491038403,9.917202879
5540,0.199789246084,9.930285379
5550,0.199789246084,9.939588995
5560,0.199789246084,9.946835882
5570,0.199789246084,9.980684406
5580,0.199789246084,10.000508091
5590,0.199789246084,10.009892242
5600,0.199789246084,10.045579564
5610,0.199789246084,10.055299849
5620,0.199789246084,10.06402996
5630,0.199789246084,10.07341822
5640,0.199789246084,10.08317864
5650,0.199789246084,10.099577361
5660,0.199789246084,10.117276256
5670,0.199789246084,10.130787911
5680,0.199789246084,10.151396511
5690,0.199789246084,10.1590895
5700,0.199789246084,10.180024443
5710,0.199789246084,10.19334408
5720,0.199789246084,10.205052763
5730,0.199789246084,10.217184988
5740,0.199789246084,10.233053541
5750,0.199789246084,10.24323202
5760,0.199789246084,10.254278416
5770,0.199789246084,10.268449616
5780,0.199789246084,10.280082055
5790,0.199789246084,10.290062134
5800,0.199789246084,10.299314307
5810,0.199789246084,10.305118815
5820,0.199789246084,10.311289345
5830,0.199789246084,10.317730755
5840,0.199789246084,10.323624845
5850,0.199789246084,10.329612264
5860,0.199789246084,10.334294373
5870,0.199789246084,10.338992462
5880,0.199789246084,10.344267488
5890,0.199789246084,10.346957798
5900,0.199789246084,10.348147325
5910,0.199789246084,10.34864361
5920,0.199789246084,10.349166964
5930,0.199789246084,10.349946519
5940,0.199789246084,10.350541244
5950,0.199789246084,10.351391439
5960,0.199789246084,10.352408615
5970,0.199789246084,10.353376194
5980,0.199789246084,10.354105101
5990,0.199789246084,10.354831916
6000,0.199789246084,10.35558492
