iterations,fitness,time
0,0.150241987101,0.088095425
10,0.150241987101,0.165797038
20,0.150241987101,0.499991895
30,0.150241987101,0.634562063
40,0.158149460106,0.875095799
50,0.158149460106,1.061976489
60,0.158149460106,1.229957876
70,0.166935541223,1.342678793
80,0.166935541223,1.597075616
90,0.176755278942,1.744746729
100,0.176755278942,2.110003401
110,0.176755278942,2.350490832
120,0.166935541223,2.572803411
130,0.187802483876,2.818137473
140,0.176755278942,3.210393172
150,0.200322649468,3.438445555
160,0.200322649468,3.797379662
170,0.200322649468,4.033044516
180,0.200322649468,4.185544787
190,0.200322649468,4.426538558
200,0.214631410144,4.650185829
210,0.214631410144,4.726416006
220,0.214631410144,4.927104404
230,0.214631410144,5.151946143
240,0.214631410144,5.366578751
250,0.231141518617,5.600874431
260,0.214631410144,5.85665136
270,0.214631410144,6.063355856
280,0.214631410144,6.367791601
290,0.214631410144,6.497621321
300,0.214631410144,6.714201914
310,0.214631410144,6.751349938
320,0.214631410144,6.786537841
330,0.214631410144,6.997983154
340,0.231141518617,7.262705716
350,0.231141518617,7.509278946
360,0.231141518617,7.755297879
370,0.231141518617,8.013376984
380,0.250403311835,8.271556879
390,0.231141518617,8.504514604
400,0.250403311835,8.822116338
410,0.231141518617,9.126781702
420,0.231141518617,9.34781224
430,0.250403311835,9.5811987
440,0.250403311835,9.875873518
450,0.250403311835,10.172402591
460,0.250403311835,10.368485841
470,0.250403311835,10.60879413
480,0.250403311835,10.827794205
490,0.250403311835,11.050576612
500,0.250403311835,11.266534338
510,0.250403311835,11.42588832
520,0.250403311835,11.528478855
530,0.250403311835,11.751456954
540,0.250403311835,12.061318189
550,0.250403311835,12.320237649
560,0.250403311835,12.421141776
570,0.250403311835,12.630440862
580,0.250403311835,12.844419525
590,0.250403311835,13.080383614
600,0.250403311835,13.198779186
610,0.273167249274,13.488877271
620,0.273167249274,13.676073031
630,0.273167249274,13.858932275
640,0.273167249274,14.124342406
650,0.273167249274,14.37439278
660,0.273167249274,14.635111019
670,0.273167249274,14.837058487
680,0.273167249274,15.046603638
690,0.273167249274,15.336311958
700,0.273167249274,15.537398338
710,0.273167249274,15.671138946
720,0.273167249274,15.923720932
730,0.300483974202,16.117894067
740,0.273167249274,16.444137712
750,0.273167249274,16.714032955
760,0.273167249274,17.012165818
770,0.273167249274,17.17362073
780,0.300483974202,17.402335343
790,0.300483974202,17.710295202
800,0.300483974202,17.966935546
810,0.300483974202,18.190583874
820,0.300483974202,18.513792498
830,0.300483974202,18.817930808
840,0.300483974202,18.988382097
850,0.300483974202,19.249310544
860,0.300483974202,19.498283094
870,0.300483974202,19.876493856
880,0.300483974202,19.914903222
890,0.300483974202,20.265113007
900,0.300483974202,20.627380355
910,0.300483974202,20.843063288
920,0.300483974202,21.199924945
930,0.300483974202,21.51550742
940,0.333871082446,21.720094016
950,0.300483974202,22.008406854
960,0.300483974202,22.201397449
970,0.333871082446,22.567104714
980,0.300483974202,22.939935489
990,0.333871082446,23.177430501
1000,0.300483974202,23.433447747
1010,0.333871082446,23.682666536
1020,0.333871082446,23.996080882
1030,0.333871082446,24.231966831
1040,0.333871082446,24.264609365
1050,0.333871082446,24.594703425
1060,0.333871082446,24.901070253
1070,0.333871082446,25.184073981
1080,0.333871082446,25.329298358
1090,0.333871082446,25.757754419
1100,0.333871082446,25.972786147
1110,0.333871082446,26.369446264
1120,0.333871082446,26.641633852
1130,0.333871082446,26.92096143
1140,0.333871082446,27.077625249
1150,0.333871082446,27.18987395
1160,0.333871082446,27.478983297
1170,0.333871082446,27.756904881
1180,0.333871082446,27.950891199
1190,0.333871082446,28.102025264
1200,0.333871082446,28.365174983
1210,0.333871082446,28.675543728
1220,0.333871082446,28.922935974
1230,0.333871082446,29.13308785
1240,0.333871082446,29.353379304
1250,0.333871082446,29.605880665
1260,0.333871082446,29.863139019
1270,0.333871082446,30.155123326
1280,0.333871082446,30.434977157
1290,0.333871082446,30.638584364
1300,0.375604967752,31.02383006
1310,0.333871082446,31.054982751
1320,0.333871082446,31.387749795
1330,0.333871082446,31.611967786
1340,0.333871082446,31.87706787
1350,0.333871082446,32.086680956
1360,0.333871082446,32.308143011
1370,0.333871082446,32.548168776
1380,0.333871082446,32.81796382
1390,0.333871082446,33.093281794
1400,0.333871082446,33.308473168
1410,0.333871082446,33.510679312
1420,0.333871082446,33.642224206
1430,0.333871082446,34.104703269
1440,0.333871082446,34.219269465
1450,0.333871082446,34.436684187
1460,0.333871082446,34.758585213
1470,0.333871082446,34.96202172
1480,0.333871082446,35.078919628
1490,0.333871082446,35.214586294
1500,0.333871082446,35.340959326
1510,0.333871082446,35.543322872
1520,0.333871082446,35.700759237
1530,0.333871082446,35.910517056
1540,0.333871082446,36.096312583
1550,0.333871082446,36.248773288
1560,0.333871082446,36.290649899
1570,0.333871082446,36.57130204
1580,0.333871082446,36.794275444
1590,0.333871082446,36.871262009
1600,0.333871082446,37.022527536
1610,0.333871082446,37.140862042
1620,0.333871082446,37.154541728
1630,0.333871082446,37.363554391
1640,0.333871082446,37.514277247
1650,0.333871082446,37.685924387
1660,0.333871082446,37.820143595
1670,0.375604967752,37.997414565
1680,0.333871082446,38.166780476
1690,0.333871082446,38.28419975
1700,0.333871082446,38.285617993
1710,0.333871082446,38.333759564
1720,0.333871082446,38.492707901
1730,0.333871082446,38.59305472
1740,0.375604967752,38.713545549
1750,0.333871082446,38.842380784
1760,0.333871082446,39.041246894
1770,0.333871082446,39.232946495
1780,0.333871082446,39.445388186
1790,0.333871082446,39.630429511
1800,0.333871082446,39.853480562
1810,0.333871082446,40.019954806
1820,0.333871082446,40.136408375
1830,0.333871082446,40.31991877
1840,0.333871082446,40.518340178
1850,0.333871082446,40.714232496
1860,0.333871082446,40.850403217
1870,0.333871082446,41.030453278
1880,0.333871082446,41.252917773
1890,0.333871082446,41.354548557
1900,0.333871082446,41.412156135
1910,0.333871082446,41.562464513
1920,0.333871082446,41.715725304
1930,0.333871082446,41.765916451
1940,0.333871082446,41.928044604
1950,0.333871082446,42.014703242
1960,0.333871082446,42.01759173
1970,0.333871082446,42.023427493
1980,0.333871082446,42.219640954
1990,0.375604967752,42.400716575
2000,0.333871082446,42.534951461
2010,0.333871082446,42.738727448
2020,0.333871082446,42.911944114
2030,0.333871082446,43.00771964
2040,0.333871082446,43.013134569
2050,0.333871082446,43.015455237
2060,0.333871082446,43.023916265
2070,0.333871082446,43.22920912
2080,0.333871082446,43.457450289
2090,0.333871082446,43.620394793
2100,0.333871082446,43.761561646
2110,0.333871082446,43.910660244
2120,0.375604967752,44.106448044
2130,0.375604967752,44.23677948
2140,0.375604967752,44.356422312
2150,0.375604967752,44.526120381
2160,0.375604967752,44.715183701
2170,0.375604967752,44.852568971
2180,0.375604967752,45.073184786
2190,0.375604967752,45.240598513
2200,0.375604967752,45.440090732
2210,0.375604967752,45.593470381
2220,0.375604967752,45.769419721
2230,0.375604967752,45.939143445
2240,0.375604967752,46.071793497
2250,0.375604967752,46.213175437
2260,0.375604967752,46.327937857
2270,0.375604967752,46.517778063
2280,0.429262820288,46.692659923
2290,0.375604967752,46.873845469
2300,0.375604967752,47.068058166
2310,0.375604967752,47.257207706
2320,0.375604967752,47.452089932
2330,0.375604967752,47.626438335
2340,0.375604967752,47.821054742
2350,0.375604967752,48.034689342
2360,0.429262820288,48.174475893
2370,0.429262820288,48.374689493
2380,0.429262820288,48.568942393
2390,0.429262820288,48.777584272
2400,0.429262820288,48.883718963
2410,0.429262820288,49.073946034
2420,0.429262820288,49.236258801
2430,0.429262820288,49.391274537
2440,0.429262820288,49.66101167
2450,0.429262820288,49.792010672
2460,0.429262820288,49.955592154
2470,0.429262820288,50.139469075
2480,0.429262820288,50.325492825
2490,0.429262820288,50.491551761
2500,0.429262820288,50.634245328
2510,0.429262820288,50.80744477
2520,0.429262820288,50.981060172
2530,0.429262820288,51.186507672
2540,0.429262820288,51.342969199
2550,0.429262820288,51.545521701
2560,0.429262820288,51.750316495
2570,0.429262820288,51.936250142
2580,0.429262820288,52.099591196
2590,0.429262820288,52.304786087
2600,0.429262820288,52.470605614
2610,0.429262820288,52.649617753
2620,0.429262820288,52.807702956
2630,0.429262820288,52.987811844
2640,0.429262820288,53.131322372
2650,0.429262820288,53.303126902
2660,0.500806623669,53.513243964
2670,0.500806623669,53.69533304
2680,0.500806623669,53.901035468
2690,0.500806623669,54.066469576
2700,0.500806623669,54.234564508
2710,0.500806623669,54.398148659
2720,0.500806623669,54.647545354
2730,0.500806623669,54.687502086
2740,0.500806623669,54.902926032
2750,0.500806623669,54.978013991
2760,0.500806623669,55.138641264
2770,0.500806623669,55.340037067
2780,0.500806623669,55.504323171
2790,0.500806623669,55.66874871
2800,0.500806623669,55.803781874
2810,0.500806623669,56.036286804
2820,0.500806623669,56.239459958
2830,0.500806623669,56.344280586
2840,0.500806623669,56.415187984
2850,0.500806623669,56.626232654
2860,0.500806623669,56.759718171
2870,0.500806623669,56.849663028
2880,0.500806623669,56.97632581
2890,0.500806623669,57.003461799
2900,0.500806623669,57.134654125
2910,0.500806623669,57.263508741
2920,0.500806623669,57.320156713
2930,0.500806623669,57.387076612
2940,0.500806623669,57.502030138
2950,0.500806623669,57.592011922
2960,0.500806623669,57.67717368
2970,0.500806623669,57.748720116
2980,0.500806623669,57.855703276
2990,0.500806623669,57.960973724
3000,0.500806623669,58.053885726
3010,0.500806623669,58.118281508
3020,0.500806623669,58.195724128
3030,0.500806623669,58.258265888
3040,0.500806623669,58.348045508
3050,0.500806623669,58.439109401
3060,0.500806623669,58.55679613
3070,0.500806623669,58.612943648
3080,0.500806623669,58.676818183
3090,0.500806623669,58.754384477
3100,0.500806623669,58.832016282
3110,0.500806623669,58.913607591
3120,0.500806623669,59.021611865
3130,0.500806623669,59.062530734
3140,0.500806623669,59.130186289
3150,0.500806623669,59.231117328
3160,0.500806623669,59.326530119
3170,0.500806623669,59.404088667
3180,0.500806623669,59.492046293
3190,0.500806623669,59.570919418
3200,0.500806623669,59.656385347
3210,0.500806623669,59.736275819
3220,0.500806623669,59.809127291
3230,0.500806623669,59.886489237
3240,0.500806623669,59.975745917
3250,0.500806623669,60.089558254
3260,0.500806623669,60.145600871
3270,0.500806623669,60.239484723
3280,0.500806623669,60.278306236
3290,0.500806623669,60.410478312
3300,0.500806623669,60.497018895
3310,0.500806623669,60.585265784
3320,0.500806623669,60.663318358
3330,0.500806623669,60.713463698
3340,0.500806623669,60.804647781
3350,0.500806623669,60.903477116
3360,0.500806623669,60.984588353
3370,0.500806623669,61.085606758
3380,0.500806623669,61.146382995
3390,0.500806623669,61.219715283
3400,0.500806623669,61.319348355
3410,0.500806623669,61.426308588
3420,0.500806623669,61.512730285
3430,0.500806623669,61.595009133
3440,0.500806623669,61.681962051
3450,0.500806623669,61.759310454
3460,0.500806623669,61.847487399
3470,0.500806623669,61.949234556
3480,0.500806623669,62.026974577
3490,0.500806623669,62.117886687
3500,0.500806623669,62.196055948
3510,0.500806623669,62.305494728
3520,0.500806623669,62.379527548
3530,0.500806623669,62.476799962
3540,0.500806623669,62.561034122
3550,0.500806623669,62.669184081
3560,0.500806623669,62.738057327
3570,0.500806623669,62.816780233
3580,0.500806623669,62.920614522
3590,0.500806623669,63.000180083
3600,0.500806623669,63.107273918
3610,0.500806623669,63.182126068
3620,0.500806623669,63.284885389
3630,0.500806623669,63.374670207
3640,0.500806623669,63.460037214
3650,0.500806623669,63.562470197
3660,0.500806623669,63.642119441
3670,0.500806623669,63.730085756
3680,0.500806623669,63.828501095
3690,0.500806623669,63.928380434
3700,0.500806623669,64.007993474
3710,0.500806623669,64.072600299
3720,0.500806623669,64.174231077
3730,0.500806623669,64.241739029
3740,0.500806623669,64.351941425
3750,0.500806623669,64.414307096
3760,0.500806623669,64.478856426
3770,0.500806623669,64.580295401
3780,0.500806623669,64.65009158
3790,0.500806623669,64.721188695
3800,0.500806623669,64.806311914
3810,0.500806623669,64.882991396
3820,0.500806623669,64.966629962
3830,0.500806623669,65.087495772
3840,0.500806623669,65.188212448
3850,0.500806623669,65.250016699
3860,0.500806623669,65.332562874
3870,0.500806623669,65.431037643
3880,0.500806623669,65.50406102
3890,0.500806623669,65.597655314
3900,0.500806623669,65.656993253
3910,0.500806623669,65.744787565
3920,0.500806623669,65.852664074
3930,0.500806623669,65.953873862
3940,0.500806623669,66.012007631
3950,0.500806623669,66.105948859
3960,0.500806623669,66.21943516
3970,0.500806623669,66.316919952
3980,0.500806623669,66.408965446
3990,0.500806623669,66.476721785
4000,0.500806623669,66.600016982
