iterations,fitness,time
0,0.166935541223,0.02987444
10,0.166935541223,0.215855565
20,0.166935541223,0.41197102
30,0.176755278942,0.687976616
40,0.176755278942,0.854575446
50,0.187802483876,1.117568752
60,0.176755278942,1.33654821
70,0.187802483876,1.594350898
80,0.187802483876,1.817408726
90,0.187802483876,2.089075683
100,0.187802483876,2.248048647
110,0.200322649468,2.354052872
120,0.214631410144,2.406781746
130,0.214631410144,2.524177679
140,0.214631410144,2.742222478
150,0.214631410144,2.994052865
160,0.214631410144,3.13927884
170,0.231141518617,3.467014997
180,0.231141518617,3.741002395
190,0.214631410144,3.909484528
200,0.214631410144,4.305516892
210,0.231141518617,4.496394246
220,0.250403311835,4.769995016
230,0.250403311835,4.943031022
240,0.250403311835,5.237270915
250,0.250403311835,5.543076574
260,0.250403311835,5.564957244
270,0.250403311835,5.845883989
280,0.273167249274,6.022868845
290,0.273167249274,6.20012915
300,0.231141518617,6.393689085
310,0.250403311835,6.668646716
320,0.250403311835,6.909874502
330,0.250403311835,7.184789449
340,0.273167249274,7.42768908
350,0.250403311835,7.741088511
360,0.250403311835,8.014198165
370,0.250403311835,8.310701515
380,0.250403311835,8.659822463
390,0.250403311835,8.931799894
400,0.273167249274,9.140064025
410,0.250403311835,9.315940246
420,0.250403311835,9.58383645
430,0.273167249274,9.81590706
440,0.250403311835,9.932670168
450,0.273167249274,10.28294576
460,0.273167249274,10.308661151
470,0.273167249274,10.570810782
480,0.250403311835,10.878382276
490,0.250403311835,11.145629892
500,0.250403311835,11.415244583
510,0.250403311835,11.709852981
520,0.250403311835,11.989849658
530,0.273167249274,12.226107558
540,0.250403311835,12.414246194
550,0.273167249274,12.589465162
560,0.250403311835,12.838473372
570,0.250403311835,12.94014729
580,0.273167249274,13.161427028
590,0.273167249274,13.284034587
600,0.273167249274,13.523354133
610,0.300483974202,13.790352794
620,0.300483974202,14.065961634
630,0.333871082446,14.273058775
640,0.300483974202,14.595438229
650,0.300483974202,14.882304945
660,0.300483974202,15.157557278
670,0.300483974202,15.362202878
680,0.300483974202,15.553959603
690,0.300483974202,15.861022714
700,0.300483974202,16.127751486
710,0.300483974202,16.378574439
720,0.300483974202,16.694842645
730,0.300483974202,16.884780285
740,0.300483974202,17.165496022
750,0.333871082446,17.43058365
760,0.333871082446,17.642594556
770,0.333871082446,17.881592102
780,0.333871082446,18.068088001
790,0.333871082446,18.416354251
800,0.333871082446,18.74297932
810,0.333871082446,18.989990581
820,0.333871082446,19.199345899
830,0.333871082446,19.469350893
840,0.333871082446,19.720818612
850,0.333871082446,19.85771004
860,0.333871082446,20.197179329
870,0.333871082446,20.452571174
880,0.300483974202,20.569126638
890,0.300483974202,20.795076853
900,0.300483974202,21.101972038
910,0.300483974202,21.205797532
920,0.333871082446,21.596165888
930,0.333871082446,21.846846481
940,0.375604967752,22.121059973
950,0.333871082446,22.329486478
960,0.333871082446,22.47718842
970,0.375604967752,22.774491659
980,0.333871082446,22.914911388
990,0.333871082446,23.183700847
1000,0.333871082446,23.338628123
1010,0.375604967752,23.670996057
1020,0.375604967752,23.822221011
1030,0.333871082446,24.101008497
1040,0.333871082446,24.49710645
1050,0.333871082446,24.798136766
1060,0.333871082446,25.058001027
1070,0.333871082446,25.171845715
1080,0.375604967752,25.364435932
1090,0.375604967752,25.623231522
1100,0.429262820288,25.905910509
1110,0.429262820288,26.098766754
1120,0.429262820288,26.354319149
1130,0.429262820288,26.577656178
1140,0.429262820288,26.840561792
1150,0.429262820288,27.101022086
1160,0.429262820288,27.404925417
1170,0.429262820288,27.562710212
1180,0.429262820288,27.903852086
1190,0.429262820288,28.16953773
1200,0.429262820288,28.411577836
1210,0.429262820288,28.69653827
1220,0.429262820288,28.928337215
1230,0.429262820288,29.196420958
1240,0.429262820288,29.636347123
1250,0.429262820288,29.66108075
1260,0.429262820288,30.057891984
1270,0.429262820288,30.460694859
1280,0.429262820288,30.792884328
1290,0.429262820288,30.982606355
1300,0.429262820288,31.274483629
1310,0.429262820288,31.478822433
1320,0.429262820288,31.765177768
1330,0.429262820288,31.973256113
1340,0.500806623669,32.302617299
1350,0.500806623669,32.621201314
1360,0.500806623669,32.837929925
1370,0.500806623669,33.173539626
1380,0.600967948403,33.388208818
1390,0.500806623669,33.646733199
1400,0.500806623669,33.852630811
1410,0.500806623669,33.979716567
1420,0.500806623669,34.107874247
1430,0.500806623669,34.303988564
1440,0.500806623669,34.408075574
1450,0.600967948403,34.568341091
1460,0.600967948403,34.803402331
1470,0.600967948403,35.01595454
1480,0.600967948403,35.199781871
1490,0.600967948403,35.422994117
1500,0.600967948403,35.595776365
1510,0.600967948403,35.824326618
1520,0.600967948403,35.860746336
1530,0.600967948403,36.170491172
1540,0.600967948403,36.32728096
1550,0.600967948403,36.573537714
1560,0.600967948403,36.70441073
1570,0.600967948403,36.888500225
1580,0.600967948403,37.05104794
1590,0.600967948403,37.188118955
1600,0.600967948403,37.352651778
1610,0.600967948403,37.456007689
1620,0.600967948403,37.676754945
1630,0.600967948403,37.839510745
1640,0.600967948403,38.032246712
1650,0.600967948403,38.262580047
1660,0.600967948403,38.418969151
1670,0.600967948403,38.605388548
1680,0.600967948403,38.707171135
1690,0.600967948403,38.956262649
1700,0.600967948403,39.134451992
1710,0.600967948403,39.315360173
1720,0.600967948403,39.507181072
1730,0.600967948403,39.693767275
1740,0.600967948403,39.864862785
1750,0.600967948403,40.062314818
1760,0.600967948403,40.264698554
1770,0.600967948403,40.525244744
1780,0.600967948403,40.801685305
1790,0.600967948403,40.939280045
1800,0.600967948403,40.996604414
1810,0.600967948403,41.059586429
1820,0.600967948403,41.17735557
1830,0.600967948403,41.252759785
1840,0.600967948403,41.404900922
1850,0.600967948403,41.638295799
1860,0.600967948403,41.745153981
1870,0.600967948403,41.986513292
1880,0.600967948403,42.11547555
1890,0.600967948403,42.345702051
1900,0.600967948403,42.558179006
1910,0.600967948403,42.764098153
1920,0.600967948403,42.937216981
1930,0.600967948403,43.080729618
1940,0.600967948403,43.224311097
1950,0.600967948403,43.369785699
1960,0.600967948403,43.508790076
1970,0.600967948403,43.634074764
1980,0.600967948403,43.838707967
1990,0.600967948403,44.033140175
2000,0.600967948403,44.212774829
2010,0.600967948403,44.372142483
2020,0.600967948403,44.583776415
2030,0.600967948403,44.778892161
2040,0.600967948403,44.923404198
2050,0.600967948403,45.020284697
2060,0.600967948403,45.132885467
2070,0.600967948403,45.322160913
2080,0.600967948403,45.521824965
2090,0.600967948403,45.713580747
2100,0.600967948403,45.911547314
2110,0.600967948403,46.083735098
2120,0.600967948403,46.293980455
2130,0.600967948403,46.488062508
2140,0.600967948403,46.647916022
2150,0.600967948403,46.881466935
2160,0.600967948403,47.018602928
2170,0.600967948403,47.223715831
2180,0.600967948403,47.413311517
2190,0.600967948403,47.496785615
2200,0.600967948403,47.720491198
2210,0.600967948403,47.912234854
2220,0.600967948403,48.05029027
2230,0.600967948403,48.210481794
2240,0.600967948403,48.411201681
2250,0.600967948403,48.615606113
2260,0.600967948403,48.785940084
2270,0.600967948403,48.958326282
2280,0.600967948403,49.139220228
2290,0.600967948403,49.357086374
2300,0.600967948403,49.56248373
2310,0.600967948403,49.760277019
2320,0.600967948403,49.904983045
2330,0.600967948403,50.141547934
2340,0.600967948403,50.309627734
2350,0.600967948403,50.50674279
2360,0.600967948403,50.654372006
2370,0.600967948403,50.879303199
2380,0.600967948403,51.046057407
2390,0.600967948403,51.263403235
2400,0.600967948403,51.48145428
2410,0.600967948403,51.647035709
2420,0.600967948403,51.835472455
2430,0.600967948403,51.98515607
2440,0.600967948403,52.219770554
2450,0.600967948403,52.347196304
2460,0.600967948403,52.481900985
2470,0.600967948403,52.661138216
2480,0.600967948403,52.854854251
2490,0.600967948403,53.063384369
2500,0.600967948403,53.235047105
2510,0.600967948403,53.403714172
2520,0.600967948403,53.577679327
2530,0.600967948403,53.738295702
2540,0.600967948403,53.941080077
2550,0.600967948403,54.144507644
2560,0.600967948403,54.280065242
2570,0.600967948403,54.435870888
2580,0.600967948403,54.634184532
2590,0.600967948403,54.802707548
2600,0.600967948403,54.89052171
2610,0.600967948403,55.152373259
2620,0.600967948403,55.22901764
2630,0.600967948403,55.48307936
2640,0.600967948403,55.663820735
2650,0.600967948403,55.760481269
2660,0.600967948403,55.870302307
2670,0.600967948403,55.995629133
2680,0.600967948403,56.14185034
2690,0.600967948403,56.236811248
2700,0.600967948403,56.323434006
2710,0.600967948403,56.450430033
2720,0.600967948403,56.514710378
2730,0.600967948403,56.624433668
2740,0.600967948403,56.688470499
2750,0.600967948403,56.7724387
2760,0.600967948403,56.877439104
2770,0.600967948403,57.000003175
2780,0.600967948403,57.064653614
2790,0.600967948403,57.175370063
2800,0.600967948403,57.250603983
2810,0.600967948403,57.329752292
2820,0.600967948403,57.433422941
2830,0.600967948403,57.503694114
2840,0.600967948403,57.587543842
2850,0.600967948403,57.644078195
2860,0.600967948403,57.728816299
2870,0.600967948403,57.826051642
2880,0.600967948403,57.916842078
2890,0.600967948403,58.000286623
2900,0.600967948403,58.092411908
2910,0.600967948403,58.166660668
2920,0.600967948403,58.233545843
2930,0.600967948403,58.381694418
2940,0.600967948403,58.4326337
2950,0.600967948403,58.521271557
2960,0.600967948403,58.59746234
2970,0.600967948403,58.697093153
2980,0.600967948403,58.758309652
2990,0.600967948403,58.883124608
3000,0.600967948403,58.989800466
3010,0.600967948403,59.088707138
3020,0.600967948403,59.163946619
3030,0.600967948403,59.241414774
3040,0.600967948403,59.32019713
3050,0.600967948403,59.439538408
3060,0.600967948403,59.50584259
3070,0.600967948403,59.579841008
3080,0.600967948403,59.616385228
3090,0.600967948403,59.757192313
3100,0.600967948403,59.825751103
3110,0.600967948403,59.890092715
3120,0.600967948403,59.973889447
3130,0.600967948403,60.015393863
3140,0.600967948403,60.116951315
3150,0.600967948403,60.181259418
3160,0.600967948403,60.284113366
3170,0.600967948403,60.376050336
3180,0.600967948403,60.479499852
3190,0.600967948403,60.530011203
3200,0.600967948403,60.625791126
3210,0.600967948403,60.699243378
3220,0.600967948403,60.786698519
3230,0.600967948403,60.890244522
3240,0.600967948403,60.963197811
3250,0.600967948403,61.070617595
3260,0.600967948403,61.154939502
3270,0.600967948403,61.264004982
3280,0.600967948403,61.359594249
3290,0.600967948403,61.459118049
3300,0.600967948403,61.55112625
3310,0.600967948403,61.663165927
3320,0.600967948403,61.761390691
3330,0.600967948403,61.842748238
3340,0.600967948403,61.904504356
3350,0.600967948403,61.988691418
3360,0.600967948403,62.069014937
3370,0.600967948403,62.17447094
3380,0.600967948403,62.229482682
3390,0.600967948403,62.318361214
3400,0.600967948403,62.410592567
3410,0.600967948403,62.480791475
3420,0.600967948403,62.58755177
3430,0.600967948403,62.684723545
3440,0.600967948403,62.763400549
3450,0.600967948403,62.835204034
3460,0.600967948403,62.937564935
3470,0.600967948403,63.054156895
3480,0.600967948403,63.12861689
3490,0.600967948403,63.224201213
3500,0.600967948403,63.309668884
3510,0.600967948403,63.399824301
3520,0.600967948403,63.493260888
3530,0.600967948403,63.588568257
3540,0.600967948403,63.683917249
3550,0.600967948403,63.75445229
3560,0.600967948403,63.820073568
3570,0.600967948403,63.89931596
3580,0.600967948403,63.992428196
3590,0.600967948403,64.08677611
3600,0.600967948403,64.178796002
3610,0.600967948403,64.254258397
3620,0.600967948403,64.297793323
3630,0.600967948403,64.397186146
3640,0.600967948403,64.458995759
3650,0.600967948403,64.54432088
3660,0.600967948403,64.586362545
3670,0.600967948403,64.685399784
3680,0.600967948403,64.750010823
3690,0.600967948403,64.832784634
3700,0.600967948403,64.899242704
3710,0.600967948403,64.983768127
3720,0.600967948403,65.063564707
3730,0.600967948403,65.189891398
3740,0.600967948403,65.240626797
3750,0.600967948403,65.284944187
3760,0.600967948403,65.424769789
3770,0.600967948403,65.494964997
3780,0.600967948403,65.593916038
3790,0.600967948403,65.680992573
3800,0.600967948403,65.771109075
3810,0.600967948403,65.852258855
3820,0.600967948403,65.929945794
3830,0.600967948403,66.013407231
3840,0.600967948403,66.100699213
3850,0.600967948403,66.164521414
3860,0.600967948403,66.248333183
3870,0.600967948403,66.321767475
3880,0.600967948403,66.386697005
3890,0.600967948403,66.449490902
3900,0.600967948403,66.510761414
3910,0.600967948403,66.546740608
3920,0.600967948403,66.583610273
3930,0.600967948403,66.630547345
3940,0.600967948403,66.671096934
3950,0.600967948403,66.711088522
3960,0.600967948403,66.734090757
3970,0.600967948403,66.751586212
3980,0.600967948403,66.769540366
3990,0.600967948403,66.776726108
4000,0.600967948403,66.777783791
