iterations,fitness,time
0,0.143087606763,0.02447876
10,0.150241987101,0.196684389
20,0.166935541223,0.259819244
30,0.166935541223,0.457683352
40,0.166935541223,0.536997349
50,0.166935541223,0.677064062
60,0.166935541223,0.862298594
70,0.176755278942,0.94421904
80,0.187802483876,1.158755961
90,0.187802483876,1.275139793
100,0.200322649468,1.406688638
110,0.214631410144,1.587428287
120,0.200322649468,1.764402112
130,0.200322649468,1.951812649
140,0.200322649468,2.156588133
150,0.214631410144,2.281305012
160,0.200322649468,2.445684312
170,0.214631410144,2.624726973
180,0.200322649468,2.808328818
190,0.200322649468,2.983422463
200,0.200322649468,3.174832147
210,0.200322649468,3.347398206
220,0.214631410144,3.538245108
230,0.200322649468,3.80167602
240,0.214631410144,3.899177769
250,0.200322649468,4.060507489
260,0.214631410144,4.2112202
270,0.200322649468,4.248471693
280,0.187802483876,4.518090179
290,0.200322649468,4.796649973
300,0.200322649468,4.856400176
310,0.200322649468,5.008566659
320,0.200322649468,5.214053497
330,0.200322649468,5.379375375
340,0.231141518617,5.5080618
350,0.231141518617,5.746436317
360,0.214631410144,5.765368311
370,0.231141518617,5.805929898
380,0.214631410144,6.00570487
390,0.200322649468,6.197561839
400,0.200322649468,6.257324316
410,0.200322649468,6.443078387
420,0.200322649468,6.554443796
430,0.200322649468,6.828575536
440,0.200322649468,7.006206451
450,0.200322649468,7.192597769
460,0.214631410144,7.268110754
470,0.200322649468,7.439307957
480,0.200322649468,7.640876022
490,0.231141518617,7.75065885
500,0.250403311835,7.974219667
510,0.250403311835,8.205185822
520,0.250403311835,8.364105176
530,0.273167249274,8.518725418
540,0.250403311835,8.72001828
550,0.273167249274,8.803703583
560,0.273167249274,8.972369676
570,0.273167249274,9.152856288
580,0.273167249274,9.355921587
590,0.273167249274,9.539891855
600,0.300483974202,9.730166809
610,0.300483974202,9.86611808
620,0.300483974202,10.086345034
630,0.300483974202,10.281937962
640,0.300483974202,10.303191402
650,0.333871082446,10.396044657
660,0.333871082446,10.593246211
670,0.333871082446,10.82140333
680,0.333871082446,11.049831857
690,0.333871082446,11.172962297
700,0.333871082446,11.393826986
710,0.333871082446,11.539090179
720,0.333871082446,11.557828205
730,0.333871082446,11.813559448
740,0.333871082446,11.915411877
750,0.333871082446,11.931505491
760,0.333871082446,11.955974256
770,0.333871082446,12.018373304
780,0.333871082446,12.267079843
790,0.333871082446,12.406910612
800,0.333871082446,12.433400943
810,0.333871082446,12.617083983
820,0.333871082446,12.757147771
830,0.333871082446,12.951165569
840,0.375604967752,13.128206277
850,0.375604967752,13.199394302
860,0.375604967752,13.397705656
870,0.375604967752,13.558868095
880,0.375604967752,13.727503488
890,0.375604967752,13.887998808
900,0.429262820288,14.092110257
910,0.429262820288,14.196402244
920,0.429262820288,14.216256007
930,0.429262820288,14.240722252
940,0.429262820288,14.583092609
950,0.429262820288,14.761973362
960,0.429262820288,14.94906834
970,0.429262820288,15.12565989
980,0.429262820288,15.296535325
990,0.429262820288,15.509146581
1000,0.429262820288,15.665703594
1010,0.429262820288,15.892447243
1020,0.429262820288,16.102619058
1030,0.429262820288,16.224076365
1040,0.429262820288,16.370262448
1050,0.429262820288,16.63569023
1060,0.429262820288,16.823035377
1070,0.429262820288,16.955006929
1080,0.429262820288,17.143678897
1090,0.429262820288,17.327705938
1100,0.429262820288,17.537590982
1110,0.429262820288,17.564795308
1120,0.429262820288,17.731865628
1130,0.429262820288,17.951163653
1140,0.429262820288,18.080847958
1150,0.429262820288,18.286540215
1160,0.429262820288,18.495939089
1170,0.429262820288,18.687649761
1180,0.429262820288,18.905920114
1190,0.429262820288,19.14384979
1200,0.429262820288,19.278472218
1210,0.429262820288,19.478228091
1220,0.429262820288,19.689227893
1230,0.429262820288,19.784476231
1240,0.429262820288,19.962200358
1250,0.429262820288,20.254242885
1260,0.429262820288,20.386048257
1270,0.429262820288,20.556413971
1280,0.429262820288,20.685562339
1290,0.429262820288,20.885367913
1300,0.429262820288,21.021432022
1310,0.429262820288,21.214793561
1320,0.429262820288,21.381297039
1330,0.429262820288,21.613804673
1340,0.429262820288,21.787321389
1350,0.429262820288,21.855439182
1360,0.429262820288,21.992646953
1370,0.429262820288,22.189565621
1380,0.429262820288,22.234866209
1390,0.429262820288,22.359183885
1400,0.429262820288,22.451855404
1410,0.429262820288,22.633639752
1420,0.429262820288,22.854308524
1430,0.429262820288,23.015227656
1440,0.429262820288,23.140422631
1450,0.429262820288,23.311641552
1460,0.429262820288,23.360505679
1470,0.429262820288,23.627040335
1480,0.429262820288,23.813645297
1490,0.429262820288,23.921835071
1500,0.429262820288,24.156904674
1510,0.429262820288,24.424444375
1520,0.429262820288,24.578965325
1530,0.429262820288,24.683559921
1540,0.429262820288,24.923101486
1550,0.429262820288,25.118522481
1560,0.429262820288,25.23462435
1570,0.429262820288,25.434167234
1580,0.429262820288,25.556639276
1590,0.429262820288,25.76903884
1600,0.429262820288,25.916473104
1610,0.429262820288,26.138613233
1620,0.429262820288,26.326116651
1630,0.429262820288,26.429559556
1640,0.429262820288,26.650570543
1650,0.429262820288,26.738709858
1660,0.429262820288,26.926277964
1670,0.429262820288,27.133615133
1680,0.429262820288,27.322476663
1690,0.429262820288,27.508312526
1700,0.429262820288,27.684760991
1710,0.429262820288,27.869091114
1720,0.429262820288,28.072272344
1730,0.429262820288,28.236881843
1740,0.429262820288,28.330192752
1750,0.429262820288,28.357224993
1760,0.429262820288,28.731078197
1770,0.429262820288,28.933604845
1780,0.429262820288,29.134224524
1790,0.429262820288,29.362075423
1800,0.429262820288,29.396139198
1810,0.429262820288,29.749420633
1820,0.429262820288,29.778505784
1830,0.429262820288,29.798817162
1840,0.429262820288,29.816916499
1850,0.429262820288,30.229703969
1860,0.429262820288,30.388742947
1870,0.429262820288,30.407758457
1880,0.429262820288,30.425247103
1890,0.429262820288,30.600217854
1900,0.429262820288,30.880511433
1910,0.429262820288,31.073186357
1920,0.429262820288,31.214011385
1930,0.429262820288,31.370598724
1940,0.429262820288,31.550940978
1950,0.429262820288,31.73354968
1960,0.429262820288,31.847187642
1970,0.429262820288,32.042419573
1980,0.429262820288,32.230129329
1990,0.429262820288,32.459128698
2000,0.429262820288,32.623243078
2010,0.429262820288,32.843443098
2020,0.429262820288,33.111847124
2030,0.429262820288,33.260987282
2040,0.429262820288,33.428125259
2050,0.429262820288,33.631990661
2060,0.429262820288,33.751687861
2070,0.429262820288,33.906598824
2080,0.429262820288,34.051948295
2090,0.429262820288,34.126824259
2100,0.429262820288,34.234155288
2110,0.429262820288,34.411569597
2120,0.429262820288,34.523077748
2130,0.429262820288,34.608795676
2140,0.429262820288,34.70077294
2150,0.429262820288,34.798375588
2160,0.429262820288,34.840012301
2170,0.429262820288,35.000734189
2180,0.429262820288,35.068828196
2190,0.429262820288,35.130401277
2200,0.429262820288,35.134615949
2210,0.429262820288,35.139932803
2220,0.429262820288,35.292475206
2230,0.429262820288,35.403548911
2240,0.429262820288,35.540471687
2250,0.429262820288,35.712561139
2260,0.429262820288,35.888040127
2270,0.429262820288,35.932207559
2280,0.429262820288,36.02514526
2290,0.429262820288,36.099909603
2300,0.375604967752,36.192062192
2310,0.375604967752,36.266878546
2320,0.375604967752,36.332942576
2330,0.375604967752,36.36537084
2340,0.375604967752,36.433492078
2350,0.375604967752,36.510558457
2360,0.375604967752,36.547443567
2370,0.375604967752,36.704389657
2380,0.375604967752,36.744523822
2390,0.375604967752,36.895907578
2400,0.375604967752,37.060073362
2410,0.375604967752,37.165407558
2420,0.333871082446,37.303834347
2430,0.333871082446,37.430411466
2440,0.333871082446,37.577120096
2450,0.333871082446,37.705899771
2460,0.333871082446,37.802332956
2470,0.375604967752,37.924205522
2480,0.375604967752,38.05209577
2490,0.375604967752,38.156355121
2500,0.375604967752,38.287177861
2510,0.429262820288,38.397591951
2520,0.429262820288,38.495580968
2530,0.429262820288,38.590964412
2540,0.429262820288,38.741337217
2550,0.375604967752,38.855656427
2560,0.375604967752,39.058535541
2570,0.375604967752,39.178650563
2580,0.375604967752,39.257692308
2590,0.375604967752,39.387072735
2600,0.375604967752,39.520208711
2610,0.375604967752,39.700175234
2620,0.375604967752,39.77344738
2630,0.375604967752,39.880929235
2640,0.375604967752,40.004128925
2650,0.375604967752,40.162495801
2660,0.375604967752,40.283967273
2670,0.375604967752,40.41888177
2680,0.375604967752,40.583885759
2690,0.429262820288,40.640004366
2700,0.375604967752,40.78921085
2710,0.375604967752,40.884203645
2720,0.375604967752,40.974607552
2730,0.375604967752,41.07379922
2740,0.375604967752,41.191054815
2750,0.429262820288,41.302397488
2760,0.375604967752,41.405578234
2770,0.375604967752,41.566038329
2780,0.375604967752,41.628283235
2790,0.375604967752,41.687624941
2800,0.375604967752,41.740260385
2810,0.375604967752,41.750498362
2820,0.375604967752,41.867244581
2830,0.375604967752,42.008115815
2840,0.375604967752,42.11692247
2850,0.375604967752,42.212246303
2860,0.375604967752,42.325589643
2870,0.375604967752,42.45024691
2880,0.375604967752,42.565500256
2890,0.375604967752,42.681359607
2900,0.375604967752,42.819684376
2910,0.375604967752,42.83033694
2920,0.375604967752,42.91140401
2930,0.375604967752,42.969812298
2940,0.375604967752,43.119951986
2950,0.375604967752,43.212120049
2960,0.375604967752,43.216892449
2970,0.429262820288,43.221288762
2980,0.375604967752,43.390657581
2990,0.375604967752,43.49729068
3000,0.375604967752,43.611486886
3010,0.375604967752,43.739365909
3020,0.375604967752,43.855661428
3030,0.375604967752,43.988926531
3040,0.375604967752,44.109643477
3050,0.375604967752,44.242301591
3060,0.375604967752,44.3787511
3070,0.375604967752,44.461772139
3080,0.375604967752,44.590799387
3090,0.375604967752,44.695171355
3100,0.375604967752,44.806485616
3110,0.375604967752,44.894222735
3120,0.375604967752,44.97102831
3130,0.375604967752,45.185013087
3140,0.375604967752,45.264342047
3150,0.375604967752,45.37931352
3160,0.375604967752,45.503335816
3170,0.375604967752,45.589659901
3180,0.375604967752,45.716841805
3190,0.429262820288,45.787118605
3200,0.375604967752,45.94445714
3210,0.375604967752,46.08001326
3220,0.375604967752,46.256619991
3230,0.375604967752,46.32656665
3240,0.375604967752,46.460019566
3250,0.375604967752,46.588905497
3260,0.375604967752,46.670360003
3270,0.375604967752,46.825407292
3280,0.375604967752,46.909950604
3290,0.375604967752,47.058636549
3300,0.375604967752,47.170240962
3310,0.429262820288,47.248320904
3320,0.429262820288,47.35299649
3330,0.429262820288,47.513352787
3340,0.375604967752,47.616545062
3350,0.375604967752,47.717358588
3360,0.375604967752,47.82522486
3370,0.375604967752,47.976929547
3380,0.375604967752,48.104971542
3390,0.375604967752,48.220558661
3400,0.375604967752,48.357501501
3410,0.500806623669,48.520643296
3420,0.429262820288,48.641048147
3430,0.375604967752,48.791291463
3440,0.429262820288,48.883159032
3450,0.429262820288,49.036479616
3460,0.429262820288,49.158574061
3470,0.429262820288,49.300628889
3480,0.429262820288,49.4160028
3490,0.429262820288,49.547474849
3500,0.429262820288,49.648889367
3510,0.429262820288,49.81079586
3520,0.429262820288,49.907839618
3530,0.429262820288,50.039834303
3540,0.429262820288,50.166588654
3550,0.429262820288,50.30630739
3560,0.429262820288,50.39216723
3570,0.429262820288,50.496217274
3580,0.500806623669,50.665286462
3590,0.500806623669,50.788348944
3600,0.500806623669,50.915097943
3610,0.500806623669,51.037167201
3620,0.500806623669,51.228098159
3630,0.500806623669,51.320646477
3640,0.500806623669,51.408954454
3650,0.500806623669,51.54449756
3660,0.500806623669,51.683226392
3670,0.500806623669,51.793149962
3680,0.500806623669,51.9215525
3690,0.500806623669,52.013678252
3700,0.500806623669,52.150710877
3710,0.500806623669,52.283025934
3720,0.500806623669,52.416000207
3730,0.500806623669,52.526235854
3740,0.500806623669,52.647006296
3750,0.500806623669,52.766091582
3760,0.500806623669,52.904104807
3770,0.500806623669,53.067090607
3780,0.500806623669,53.180062154
3790,0.500806623669,53.292088392
3800,0.500806623669,53.398152331
3810,0.500806623669,53.542382249
3820,0.500806623669,53.669562615
3830,0.500806623669,53.796362683
3840,0.500806623669,53.819711325
3850,0.500806623669,53.998279572
3860,0.500806623669,54.06170699
3870,0.500806623669,54.21377633
3880,0.500806623669,54.238506352
3890,0.500806623669,54.350281812
3900,0.500806623669,54.462915807
3910,0.500806623669,54.554976112
3920,0.500806623669,54.672324469
3930,0.500806623669,54.749767905
3940,0.500806623669,54.852346399
3950,0.500806623669,55.016813189
3960,0.500806623669,55.113644969
3970,0.500806623669,55.206875093
3980,0.500806623669,55.311998374
3990,0.500806623669,55.428525203
4000,0.500806623669,55.544191256
