iterations,fitness,time
0,0.136583624637,0.031229017
10,0.136583624637,0.156685781
20,0.143087606763,0.399171149
30,0.143087606763,0.55787004
40,0.150241987101,0.84524222
50,0.158149460106,1.080433441
60,0.158149460106,1.254825252
70,0.176755278942,1.516552907
80,0.187802483876,1.800586862
90,0.176755278942,1.973097134
100,0.187802483876,2.179623831
110,0.176755278942,2.33479605
120,0.176755278942,2.721725536
130,0.187802483876,3.018230262
140,0.187802483876,3.343373119
150,0.187802483876,3.441353163
160,0.187802483876,3.683920947
170,0.187802483876,3.923023935
180,0.187802483876,4.042314045
190,0.200322649468,4.420756079
200,0.200322649468,4.569292978
210,0.200322649468,4.672296466
220,0.214631410144,4.947991587
230,0.200322649468,5.234662353
240,0.200322649468,5.461763683
250,0.214631410144,5.649913887
260,0.214631410144,5.836979242
270,0.214631410144,6.029791339
280,0.214631410144,6.298029465
290,0.200322649468,6.444247643
300,0.200322649468,6.820356113
310,0.200322649468,7.057673347
320,0.200322649468,7.303576079
330,0.200322649468,7.652979179
340,0.200322649468,7.888037996
350,0.214631410144,8.102507471
360,0.214631410144,8.490263927
370,0.214631410144,8.676840646
380,0.214631410144,8.900506788
390,0.214631410144,9.122965694
400,0.214631410144,9.366690444
410,0.214631410144,9.616140888
420,0.214631410144,9.726628362
430,0.214631410144,10.047350267
440,0.214631410144,10.158334854
450,0.214631410144,10.401526273
460,0.231141518617,10.715438749
470,0.214631410144,10.871339175
480,0.214631410144,11.105732893
490,0.231141518617,11.335210614
500,0.214631410144,11.518796667
510,0.231141518617,11.536007253
520,0.214631410144,11.736719321
530,0.231141518617,11.848793741
540,0.231141518617,11.982228876
550,0.231141518617,12.187849115
560,0.231141518617,12.566008991
570,0.231141518617,12.835172259
580,0.231141518617,12.971172075
590,0.231141518617,13.245719148
600,0.214631410144,13.411259603
610,0.214631410144,13.612689314
620,0.231141518617,13.95543253
630,0.231141518617,13.975210201
640,0.231141518617,14.298777324
650,0.231141518617,14.569120625
660,0.214631410144,14.755327326
670,0.214631410144,15.071648403
680,0.231141518617,15.40546933
690,0.214631410144,15.632852914
700,0.214631410144,15.825369644
710,0.214631410144,16.17319236
720,0.214631410144,16.445756892
730,0.214631410144,16.75634891
740,0.214631410144,16.79661381
750,0.214631410144,17.118168316
760,0.214631410144,17.403614255
770,0.214631410144,17.626488316
780,0.214631410144,18.0006704
790,0.231141518617,18.297304553
800,0.214631410144,18.576076491
810,0.231141518617,18.779795245
820,0.231141518617,19.006576852
830,0.231141518617,19.397280475
840,0.231141518617,19.530915682
850,0.231141518617,19.760031382
860,0.231141518617,19.944232435
870,0.231141518617,20.268321316
880,0.250403311835,20.52408937
890,0.231141518617,20.81729967
900,0.231141518617,20.995646164
910,0.231141518617,21.0100376
920,0.250403311835,21.220439662
930,0.250403311835,21.537028137
940,0.231141518617,21.800378514
950,0.250403311835,21.946832663
960,0.231141518617,22.198622406
970,0.231141518617,22.51597289
980,0.231141518617,22.757359153
990,0.250403311835,22.848951154
1000,0.231141518617,23.040372991
1010,0.231141518617,23.396701207
1020,0.231141518617,23.601153321
1030,0.250403311835,23.885943367
1040,0.250403311835,24.05309044
1050,0.231141518617,24.378310479
1060,0.231141518617,24.631974546
1070,0.231141518617,24.864570577
1080,0.231141518617,25.159810196
1090,0.250403311835,25.370370804
1100,0.273167249274,25.644939134
1110,0.273167249274,25.862840978
1120,0.273167249274,26.040283872
1130,0.273167249274,26.40030004
1140,0.273167249274,26.619188537
1150,0.273167249274,26.962442905
1160,0.250403311835,27.165999233
1170,0.231141518617,27.431190352
1180,0.250403311835,27.641668457
1190,0.231141518617,28.021056518
1200,0.231141518617,28.181175776
1210,0.231141518617,28.45121801
1220,0.231141518617,28.691714093
1230,0.231141518617,28.942978932
1240,0.231141518617,29.267083292
1250,0.231141518617,29.473921456
1260,0.231141518617,29.61133312
1270,0.231141518617,29.900171671
1280,0.231141518617,30.261569379
1290,0.231141518617,30.625155993
1300,0.231141518617,30.825100456
1310,0.231141518617,31.124282648
1320,0.231141518617,31.338212979
1330,0.231141518617,31.402564944
1340,0.231141518617,31.851669572
1350,0.231141518617,31.963410418
1360,0.231141518617,32.347962719
1370,0.231141518617,32.581798913
1380,0.231141518617,32.784508684
1390,0.250403311835,33.096782242
1400,0.231141518617,33.283399027
1410,0.231141518617,33.625499309
1420,0.250403311835,33.732151004
1430,0.231141518617,33.878143615
1440,0.231141518617,34.031027443
1450,0.231141518617,34.215448353
1460,0.231141518617,34.394653599
1470,0.231141518617,34.620912926
1480,0.231141518617,34.826157602
1490,0.231141518617,35.008919677
1500,0.250403311835,35.017556248
1510,0.231141518617,35.155827254
1520,0.231141518617,35.166444678
1530,0.231141518617,35.303580755
1540,0.250403311835,35.448966426
1550,0.273167249274,35.484087576
1560,0.250403311835,35.697589971
1570,0.273167249274,35.917687127
1580,0.250403311835,36.036195427
1590,0.250403311835,36.271762797
1600,0.250403311835,36.44487347
1610,0.273167249274,36.622071651
1620,0.250403311835,36.707449068
1630,0.250403311835,36.903931288
1640,0.250403311835,37.110141073
1650,0.250403311835,37.171981438
1660,0.250403311835,37.349356517
1670,0.250403311835,37.453603064
1680,0.250403311835,37.648275372
1690,0.273167249274,37.849145432
1700,0.250403311835,37.974651652
1710,0.231141518617,38.184121036
1720,0.231141518617,38.400124058
1730,0.214631410144,38.628713803
1740,0.214631410144,38.755110223
1750,0.214631410144,38.89639243
1760,0.250403311835,39.085108295
1770,0.231141518617,39.301900602
1780,0.214631410144,39.463518167
1790,0.214631410144,39.665051026
1800,0.214631410144,39.858628913
1810,0.214631410144,40.034525935
1820,0.214631410144,40.200622749
1830,0.231141518617,40.392742115
1840,0.214631410144,40.562819705
1850,0.214631410144,40.703589092
1860,0.231141518617,40.884192628
1870,0.214631410144,40.995343399
1880,0.231141518617,41.056640993
1890,0.214631410144,41.218836454
1900,0.214631410144,41.443274599
1910,0.214631410144,41.665248655
1920,0.231141518617,41.8293082
1930,0.231141518617,42.017226282
1940,0.231141518617,42.224018804
1950,0.231141518617,42.423877011
1960,0.231141518617,42.615642469
1970,0.231141518617,42.747678862
1980,0.231141518617,42.954517121
1990,0.231141518617,43.106523921
2000,0.231141518617,43.229322859
2010,0.231141518617,43.333302622
2020,0.231141518617,43.508605996
2030,0.250403311835,43.710456782
2040,0.250403311835,43.88850344
2050,0.250403311835,44.068628628
2060,0.250403311835,44.272269071
2070,0.250403311835,44.411985854
2080,0.250403311835,44.554091743
2090,0.273167249274,44.675909257
2100,0.250403311835,44.89698499
2110,0.273167249274,45.029048286
2120,0.273167249274,45.225453975
2130,0.273167249274,45.366894014
2140,0.273167249274,45.493886882
2150,0.273167249274,45.698571584
2160,0.300483974202,45.849366681
2170,0.273167249274,46.051243251
2180,0.273167249274,46.227277134
2190,0.273167249274,46.419517996
2200,0.273167249274,46.549826722
2210,0.273167249274,46.751141547
2220,0.300483974202,46.939861635
2230,0.273167249274,47.131509923
2240,0.273167249274,47.271225527
2250,0.273167249274,47.441712575
2260,0.273167249274,47.66688355
2270,0.273167249274,47.846280369
2280,0.273167249274,48.001633725
2290,0.273167249274,48.149653229
2300,0.273167249274,48.305096659
2310,0.273167249274,48.487102018
2320,0.273167249274,48.658719367
2330,0.273167249274,48.826740331
2340,0.273167249274,49.031439751
2350,0.273167249274,49.214228428
2360,0.273167249274,49.415749101
2370,0.273167249274,49.623564379
2380,0.273167249274,49.829935692
2390,0.273167249274,49.975381362
2400,0.273167249274,50.137532684
2410,0.273167249274,50.294361377
2420,0.273167249274,50.492314139
2430,0.273167249274,50.637783044
2440,0.273167249274,50.864586568
2450,0.273167249274,51.017485205
2460,0.273167249274,51.249112557
2470,0.273167249274,51.406654269
2480,0.273167249274,51.570991802
2490,0.273167249274,51.72476256
2500,0.273167249274,51.954348094
2510,0.273167249274,52.138896564
2520,0.300483974202,52.318361513
2530,0.300483974202,52.526865496
2540,0.300483974202,52.700830296
2550,0.300483974202,52.856144856
2560,0.300483974202,52.990206759
2570,0.300483974202,53.178506699
2580,0.300483974202,53.319002775
2590,0.300483974202,53.481247625
2600,0.300483974202,53.63366262
2610,0.300483974202,53.841228474
2620,0.333871082446,54.036246655
2630,0.300483974202,54.076129703
2640,0.300483974202,54.320775347
2650,0.375604967752,54.439720363
2660,0.375604967752,54.603938058
2670,0.375604967752,54.831054465
2680,0.375604967752,54.998499559
2690,0.375604967752,55.184208883
2700,0.375604967752,55.304511899
2710,0.375604967752,55.518199018
2720,0.375604967752,55.662642067
2730,0.375604967752,55.80364088
2740,0.375604967752,55.892446324
2750,0.375604967752,56.042961582
2760,0.375604967752,56.181085857
2770,0.375604967752,56.300056465
2780,0.375604967752,56.411227802
2790,0.375604967752,56.505656906
2800,0.375604967752,56.580267502
2810,0.375604967752,56.68033257
2820,0.375604967752,56.764433484
2830,0.375604967752,56.865216033
2840,0.375604967752,56.941824409
2850,0.375604967752,57.059311133
2860,0.375604967752,57.141196085
2870,0.375604967752,57.205896771
2880,0.375604967752,57.293892311
2890,0.375604967752,57.35679867
2900,0.375604967752,57.43935732
2910,0.375604967752,57.545955151
2920,0.375604967752,57.597847511
2930,0.375604967752,57.709549084
2940,0.375604967752,57.802760337
2950,0.375604967752,57.858029658
2960,0.375604967752,57.964492215
2970,0.429262820288,58.052077838
2980,0.429262820288,58.129868366
2990,0.375604967752,58.22956557
3000,0.375604967752,58.259537361
3010,0.375604967752,58.357135384
3020,0.375604967752,58.475027319
3030,0.375604967752,58.54548241
3040,0.375604967752,58.625311754
3050,0.375604967752,58.667096669
3060,0.429262820288,58.776119753
3070,0.375604967752,58.862659154
3080,0.375604967752,58.948156498
3090,0.375604967752,59.028723871
3100,0.375604967752,59.105653319
3110,0.375604967752,59.1907484
3120,0.375604967752,59.284085925
3130,0.375604967752,59.341884572
3140,0.375604967752,59.413736897
3150,0.375604967752,59.50352342
3160,0.375604967752,59.597299503
3170,0.375604967752,59.66522967
3180,0.375604967752,59.757723615
3190,0.375604967752,59.788495535
3200,0.375604967752,59.91523156
3210,0.429262820288,59.967332087
3220,0.429262820288,60.080060178
3230,0.429262820288,60.167720931
3240,0.429262820288,60.240448735
3250,0.375604967752,60.327553817
3260,0.375604967752,60.418883591
3270,0.375604967752,60.497299261
3280,0.429262820288,60.619253574
3290,0.429262820288,60.68459984
3300,0.429262820288,60.783518965
3310,0.429262820288,60.852738588
3320,0.429262820288,60.959569888
3330,0.429262820288,61.062803448
3340,0.429262820288,61.165088193
3350,0.429262820288,61.247136053
3360,0.429262820288,61.325236491
3370,0.429262820288,61.419547959
3380,0.429262820288,61.510828449
3390,0.429262820288,61.594229732
3400,0.429262820288,61.691837528
3410,0.429262820288,61.777348561
3420,0.429262820288,61.87089724
3430,0.429262820288,61.963025109
3440,0.429262820288,62.04060105
3450,0.429262820288,62.135992159
3460,0.429262820288,62.214928859
3470,0.429262820288,62.308110632
3480,0.429262820288,62.418690011
3490,0.429262820288,62.497610488
3500,0.429262820288,62.591115339
3510,0.429262820288,62.671121094
3520,0.429262820288,62.771921383
3530,0.429262820288,62.861741931
3540,0.429262820288,62.971415388
3550,0.429262820288,63.066175975
3560,0.429262820288,63.152398154
3570,0.429262820288,63.242408309
3580,0.429262820288,63.345235577
3590,0.429262820288,63.436455758
3600,0.429262820288,63.536239894
3610,0.429262820288,63.630698015
3620,0.429262820288,63.701401829
3630,0.429262820288,63.768672384
3640,0.429262820288,63.872783875
3650,0.429262820288,63.933032415
3660,0.429262820288,64.00027452
3670,0.429262820288,64.077453683
3680,0.429262820288,64.161416085
3690,0.429262820288,64.239069861
3700,0.500806623669,64.373101144
3710,0.429262820288,64.437486659
3720,0.429262820288,64.538352765
3730,0.429262820288,64.598452149
3740,0.429262820288,64.70748811
3750,0.429262820288,64.818604482
3760,0.429262820288,64.892876747
3770,0.429262820288,64.956412972
3780,0.429262820288,65.058484061
3790,0.429262820288,65.13622582
3800,0.429262820288,65.218527195
3810,0.429262820288,65.259198368
3820,0.429262820288,65.393588616
3830,0.429262820288,65.505427493
3840,0.429262820288,65.599370778
3850,0.429262820288,65.700848501
3860,0.429262820288,65.797997225
3870,0.500806623669,65.893064976
3880,0.429262820288,65.986304338
3890,0.429262820288,66.075665073
3900,0.429262820288,66.180868357
3910,0.429262820288,66.234604562
3920,0.429262820288,66.308870832
3930,0.429262820288,66.388683112
3940,0.429262820288,66.487961625
3950,0.429262820288,66.516050596
3960,0.429262820288,66.551141159
3970,0.429262820288,66.603457747
3980,0.429262820288,66.637721538
3990,0.429262820288,66.678918672
4000,0.429262820288,66.703929309
