iterations,fitness,time
0,0.130645206175,0.023068698
10,0.136583624637,0.089772261
20,0.136583624637,0.153927087
30,0.136583624637,0.388402198
40,0.143087606763,0.587518109
50,0.150241987101,0.672952771
60,0.143087606763,0.799324704
70,0.143087606763,0.962843038
80,0.150241987101,1.08334362
90,0.143087606763,1.204206862
100,0.150241987101,1.397994158
110,0.150241987101,1.545098073
120,0.150241987101,1.746891251
130,0.143087606763,2.004886869
140,0.150241987101,2.116258856
150,0.150241987101,2.329662611
160,0.150241987101,2.483825656
170,0.150241987101,2.71719812
180,0.143087606763,2.857047031
190,0.158149460106,3.067564701
200,0.176755278942,3.226610631
210,0.187802483876,3.382644571
220,0.176755278942,3.487151127
230,0.176755278942,3.78643654
240,0.176755278942,3.844604073
250,0.176755278942,4.054803068
260,0.176755278942,4.166681132
270,0.187802483876,4.313488164
280,0.176755278942,4.41720775
290,0.200322649468,4.567512891
300,0.200322649468,4.628749832
310,0.200322649468,4.696575607
320,0.214631410144,4.806319464
330,0.200322649468,4.950547056
340,0.176755278942,5.143108857
350,0.187802483876,5.327418013
360,0.200322649468,5.40930587
370,0.200322649468,5.686395478
380,0.200322649468,5.69596585
390,0.200322649468,5.790676339
400,0.214631410144,5.961812445
410,0.214631410144,6.151833824
420,0.231141518617,6.260852597
430,0.231141518617,6.439618291
440,0.231141518617,6.708483232
450,0.231141518617,6.858550683
460,0.250403311835,6.994241519
470,0.250403311835,7.134834247
480,0.250403311835,7.235800872
490,0.250403311835,7.396451516
500,0.250403311835,7.604679316
510,0.250403311835,7.755860859
520,0.250403311835,7.912545174
530,0.250403311835,8.08123139
540,0.250403311835,8.301073478
550,0.250403311835,8.456155197
560,0.250403311835,8.53055733
570,0.250403311835,8.712599761
580,0.273167249274,8.850621788
590,0.250403311835,8.917962773
600,0.250403311835,9.108390753
610,0.273167249274,9.320538418
620,0.273167249274,9.390681273
630,0.273167249274,9.521009945
640,0.273167249274,9.659793574
650,0.273167249274,9.827153863
660,0.273167249274,9.980591724
670,0.273167249274,10.055995528
680,0.273167249274,10.275183458
690,0.273167249274,10.472740027
700,0.273167249274,10.712174033
710,0.273167249274,10.803034385
720,0.273167249274,11.121552539
730,0.273167249274,11.199952083
740,0.273167249274,11.407057303
750,0.273167249274,11.429654521
760,0.273167249274,11.617150925
770,0.273167249274,11.8277989
780,0.273167249274,11.942874865
790,0.273167249274,12.122291335
800,0.273167249274,12.303488763
810,0.273167249274,12.425713575
820,0.273167249274,12.59552589
830,0.273167249274,12.731657409
840,0.273167249274,12.869751793
850,0.273167249274,13.075552803
860,0.273167249274,13.197845526
870,0.273167249274,13.410927576
880,0.273167249274,13.532947272
890,0.273167249274,13.625237148
900,0.273167249274,13.84433547
910,0.273167249274,13.916437611
920,0.273167249274,14.074397435
930,0.273167249274,14.337557496
940,0.273167249274,14.459886246
950,0.273167249274,14.529944663
960,0.273167249274,14.551403686
970,0.273167249274,14.905879982
980,0.300483974202,15.021957616
990,0.273167249274,15.248436534
1000,0.273167249274,15.470131512
1010,0.273167249274,15.567817952
1020,0.273167249274,15.787193255
1030,0.273167249274,16.035597013
1040,0.273167249274,16.208512297
1050,0.273167249274,16.387298787
1060,0.273167249274,16.400105722
1070,0.273167249274,16.597671905
1080,0.273167249274,16.724791539
1090,0.273167249274,17.015416292
1100,0.273167249274,17.094120472
1110,0.250403311835,17.306073044
1120,0.250403311835,17.337797972
1130,0.250403311835,17.612772977
1140,0.273167249274,17.714513446
1150,0.250403311835,17.744443448
1160,0.250403311835,18.021558078
1170,0.273167249274,18.22729207
1180,0.250403311835,18.411654026
1190,0.250403311835,18.621014636
1200,0.250403311835,18.822980277
1210,0.250403311835,18.845609926
1220,0.250403311835,19.140021668
1230,0.250403311835,19.280192561
1240,0.231141518617,19.474227617
1250,0.250403311835,19.687803653
1260,0.250403311835,19.899455375
1270,0.250403311835,20.121866914
1280,0.250403311835,20.248140245
1290,0.250403311835,20.415208366
1300,0.250403311835,20.610979691
1310,0.273167249274,20.658768588
1320,0.273167249274,20.680534336
1330,0.250403311835,20.907930431
1340,0.250403311835,21.031742568
1350,0.250403311835,21.351710768
1360,0.250403311835,21.489069596
1370,0.250403311835,21.669321802
1380,0.250403311835,21.692793271
1390,0.250403311835,21.969094224
1400,0.250403311835,22.092187949
1410,0.250403311835,22.334061725
1420,0.250403311835,22.468420516
1430,0.250403311835,22.652318749
1440,0.250403311835,22.855097288
1450,0.250403311835,23.010194171
1460,0.250403311835,23.18262544
1470,0.250403311835,23.288531483
1480,0.273167249274,23.466115369
1490,0.273167249274,23.655238892
1500,0.300483974202,23.822830361
1510,0.300483974202,23.848526024
1520,0.300483974202,24.103241476
1530,0.300483974202,24.297812054
1540,0.300483974202,24.441477679
1550,0.300483974202,24.688377483
1560,0.300483974202,24.849429344
1570,0.300483974202,25.080752523
1580,0.300483974202,25.209985265
1590,0.300483974202,25.410653435
1600,0.300483974202,25.498889703
1610,0.300483974202,25.748480007
1620,0.300483974202,25.781091696
1630,0.300483974202,25.97438213
1640,0.300483974202,26.179772373
1650,0.300483974202,26.311812613
1660,0.300483974202,26.584023059
1670,0.300483974202,26.606047284
1680,0.300483974202,26.858821636
1690,0.300483974202,27.001400439
1700,0.300483974202,27.178121321
1710,0.300483974202,27.455338053
1720,0.300483974202,27.534116849
1730,0.300483974202,27.816715428
1740,0.300483974202,28.03332608
1750,0.300483974202,28.191987005
1760,0.300483974202,28.273738626
1770,0.300483974202,28.507259417
1780,0.300483974202,28.584426336
1790,0.300483974202,28.760865603
1800,0.300483974202,28.994668018
1810,0.300483974202,29.122966434
1820,0.300483974202,29.363858145
1830,0.300483974202,29.515345776
1840,0.300483974202,29.688511252
1850,0.300483974202,29.864058288
1860,0.300483974202,29.891537992
1870,0.300483974202,30.198328297
1880,0.333871082446,30.253352066
1890,0.300483974202,30.265418072
1900,0.300483974202,30.611513938
1910,0.300483974202,30.632495289
1920,0.300483974202,30.646603687
1930,0.300483974202,30.865960497
1940,0.333871082446,31.068580222
1950,0.300483974202,31.280823147
1960,0.300483974202,31.494797654
1970,0.300483974202,31.61325719
1980,0.300483974202,31.855504485
1990,0.300483974202,32.037356149
2000,0.300483974202,32.263517043
2010,0.300483974202,32.357804693
2020,0.300483974202,32.564929202
2030,0.300483974202,32.792155196
2040,0.300483974202,32.860036813
2050,0.300483974202,32.878916825
2060,0.300483974202,32.894332239
2070,0.300483974202,32.912543551
2080,0.300483974202,32.925403557
2090,0.300483974202,32.936306704
2100,0.300483974202,33.324360139
2110,0.300483974202,33.602744446
2120,0.300483974202,33.629990095
2130,0.300483974202,33.923754461
2140,0.300483974202,33.956846115
2150,0.300483974202,34.169816308
2160,0.300483974202,34.387626557
2170,0.300483974202,34.476119934
2180,0.300483974202,34.632742524
2190,0.300483974202,34.809920921
2200,0.300483974202,34.952729057
2210,0.300483974202,35.095441742
2220,0.300483974202,35.232833033
2230,0.300483974202,35.325422336
2240,0.300483974202,35.519745924
2250,0.300483974202,35.570764318
2260,0.300483974202,35.708079351
2270,0.300483974202,35.842117173
2280,0.300483974202,35.93573653
2290,0.300483974202,36.086910449
2300,0.300483974202,36.114303262
2310,0.300483974202,36.310926804
2320,0.300483974202,36.447204686
2330,0.300483974202,36.570937198
2340,0.300483974202,36.680896093
2350,0.300483974202,36.837009008
2360,0.300483974202,36.921188875
2370,0.300483974202,37.093923349
2380,0.300483974202,37.174311896
2390,0.300483974202,37.288385458
2400,0.300483974202,37.442536119
2410,0.300483974202,37.574120342
2420,0.300483974202,37.627225984
2430,0.300483974202,37.629563412
2440,0.300483974202,37.634908183
2450,0.300483974202,37.717766873
2460,0.300483974202,37.863324765
2470,0.300483974202,37.983287795
2480,0.300483974202,38.131416965
2490,0.300483974202,38.196124961
2500,0.300483974202,38.347691862
2510,0.300483974202,38.49212856
2520,0.375604967752,38.655724913
2530,0.333871082446,38.779028809
2540,0.300483974202,38.881069388
2550,0.300483974202,39.036857058
2560,0.333871082446,39.13647047
2570,0.333871082446,39.31539093
2580,0.333871082446,39.455862332
2590,0.333871082446,39.557719525
2600,0.300483974202,39.664033975
2610,0.300483974202,39.780733976
2620,0.300483974202,39.811408682
2630,0.300483974202,39.931622998
2640,0.300483974202,40.048089432
2650,0.300483974202,40.121732159
2660,0.300483974202,40.233028634
2670,0.300483974202,40.3535732
2680,0.300483974202,40.493327699
2690,0.300483974202,40.65865178
2700,0.300483974202,40.726427301
2710,0.300483974202,40.814869047
2720,0.300483974202,41.037798639
2730,0.300483974202,41.16166331
2740,0.300483974202,41.272594159
2750,0.300483974202,41.391617771
2760,0.333871082446,41.545246774
2770,0.333871082446,41.645070269
2780,0.375604967752,41.754654506
2790,0.375604967752,41.867657508
2800,0.375604967752,41.970841211
2810,0.375604967752,42.066970213
2820,0.375604967752,42.274358654
2830,0.375604967752,42.376685233
2840,0.375604967752,42.473086777
2850,0.375604967752,42.643154249
2860,0.375604967752,42.705184036
2870,0.375604967752,42.745439425
2880,0.375604967752,42.839896423
2890,0.375604967752,42.934374852
2900,0.375604967752,43.079921988
2910,0.375604967752,43.223720363
2920,0.375604967752,43.340958631
2930,0.375604967752,43.450955596
2940,0.375604967752,43.544580611
2950,0.375604967752,43.690595715
2960,0.375604967752,43.826130604
2970,0.375604967752,43.909060374
2980,0.375604967752,44.055374961
2990,0.375604967752,44.143790788
3000,0.375604967752,44.280034348
3010,0.375604967752,44.373410282
3020,0.375604967752,44.542108231
3030,0.375604967752,44.659234607
3040,0.375604967752,44.715205986
3050,0.375604967752,44.847399523
3060,0.375604967752,44.979714553
3070,0.375604967752,45.090664409
3080,0.375604967752,45.171177043
3090,0.375604967752,45.323730467
3100,0.375604967752,45.454997907
3110,0.375604967752,45.5926719
3120,0.375604967752,45.721207786
3130,0.375604967752,45.825643579
3140,0.375604967752,45.939467931
3150,0.375604967752,46.047844595
3160,0.375604967752,46.175447766
3170,0.375604967752,46.295555052
3180,0.375604967752,46.417702466
3190,0.375604967752,46.574045838
3200,0.375604967752,46.696695692
3210,0.375604967752,46.789049664
3220,0.375604967752,46.913614216
3230,0.375604967752,47.040600099
3240,0.375604967752,47.184825738
3250,0.375604967752,47.327241735
3260,0.375604967752,47.398211523
3270,0.375604967752,47.541026329
3280,0.375604967752,47.658995662
3290,0.375604967752,47.808381193
3300,0.375604967752,47.909639071
3310,0.375604967752,48.008949908
3320,0.375604967752,48.185764092
3330,0.375604967752,48.321338835
3340,0.375604967752,48.446004001
3350,0.375604967752,48.546380636
3360,0.375604967752,48.636015594
3370,0.375604967752,48.778372975
3380,0.375604967752,48.89123544
3390,0.375604967752,49.028687608
3400,0.375604967752,49.156010002
3410,0.375604967752,49.288147841
3420,0.375604967752,49.412032678
3430,0.375604967752,49.536875273
3440,0.375604967752,49.685402252
3450,0.375604967752,49.8045527
3460,0.375604967752,49.880413356
3470,0.375604967752,50.014203803
3480,0.375604967752,50.129885368
3490,0.375604967752,50.267639094
3500,0.375604967752,50.423043363
3510,0.375604967752,50.517787302
3520,0.375604967752,50.647313701
3530,0.375604967752,50.807197382
3540,0.375604967752,50.910174597
3550,0.375604967752,51.036798532
3560,0.375604967752,51.178142419
3570,0.375604967752,51.32185806
3580,0.375604967752,51.453671182
3590,0.375604967752,51.605718392
3600,0.375604967752,51.722774745
3610,0.375604967752,51.843177509
3620,0.375604967752,51.951350664
3630,0.375604967752,52.075606187
3640,0.375604967752,52.184882337
3650,0.375604967752,52.304985124
3660,0.375604967752,52.443228626
3670,0.375604967752,52.514868371
3680,0.375604967752,52.642109701
3690,0.375604967752,52.710216775
3700,0.375604967752,52.863539924
3710,0.375604967752,52.953239188
3720,0.375604967752,53.107637194
3730,0.429262820288,53.200341861
3740,0.375604967752,53.373007956
3750,0.375604967752,53.509853981
3760,0.375604967752,53.628984231
3770,0.375604967752,53.767037204
3780,0.375604967752,53.86802832
3790,0.375604967752,53.992311163
3800,0.375604967752,54.112587438
3810,0.375604967752,54.180194186
3820,0.375604967752,54.357333495
3830,0.375604967752,54.47706923
3840,0.375604967752,54.53388986
3850,0.375604967752,54.684717939
3860,0.375604967752,54.761574001
3870,0.375604967752,54.950968649
3880,0.375604967752,55.006649223
3890,0.375604967752,55.155231171
3900,0.375604967752,55.294039844
3910,0.375604967752,55.402553509
3920,0.375604967752,55.425597355
3930,0.375604967752,55.654043432
3940,0.375604967752,55.786499238
3950,0.375604967752,55.905190467
3960,0.375604967752,56.006144513
3970,0.375604967752,56.124119969
3980,0.375604967752,56.236776198
3990,0.375604967752,56.355912575
4000,0.375604967752,56.461442029
