iterations,fitness,time
0,0.0554970128011,0.009850287
10,0.0624341394012,0.033815162
20,0.0554970128011,0.047230285
30,0.0554970128011,0.06584079
40,0.0554970128011,0.083536684
50,0.0554970128011,0.100499641
60,0.0554970128011,0.115790717
70,0.0554970128011,0.139176531
80,0.0587615429658,0.160469614
90,0.0554970128011,0.172789475
100,0.0554970128011,0.190764489
110,0.0587615429658,0.20648195
120,0.0554970128011,0.222394334
130,0.0554970128011,0.228983219
140,0.0554970128011,0.261584219
150,0.0554970128011,0.282656748
160,0.0554970128011,0.292327672
170,0.0554970128011,0.301805453
180,0.0554970128011,0.336085874
190,0.0554970128011,0.34195597
200,0.0554970128011,0.344574416
210,0.0554970128011,0.349202176
220,0.0587615429658,0.364261403
230,0.0587615429658,0.390437189
240,0.0587615429658,0.403288172
250,0.0587615429658,0.409266287
260,0.0624341394012,0.429257746
270,0.0624341394012,0.45178383
280,0.0587615429658,0.4555303
290,0.0554970128011,0.466600741
300,0.0587615429658,0.479738565
310,0.0587615429658,0.48559399
320,0.0587615429658,0.495756705
330,0.0624341394012,0.51955563
340,0.0624341394012,0.540355538
350,0.0624341394012,0.554002384
360,0.0624341394012,0.562810141
370,0.0665964153613,0.571155121
380,0.0624341394012,0.599864237
390,0.0624341394012,0.618378494
400,0.0665964153613,0.631063971
410,0.0624341394012,0.65511478
420,0.0665964153613,0.660019476
430,0.0624341394012,0.67953701
440,0.0624341394012,0.696626905
450,0.0624341394012,0.701480229
460,0.0624341394012,0.712658832
470,0.0624341394012,0.73025799
480,0.0665964153613,0.741807678
490,0.0665964153613,0.74632423
500,0.0665964153613,0.755024919
510,0.0665964153613,0.765451462
520,0.0665964153613,0.787056534
530,0.0665964153613,0.792759762
540,0.0665964153613,0.818527932
550,0.0665964153613,0.822386429
560,0.0713533021728,0.839643097
570,0.0624341394012,0.858841793
580,0.0624341394012,0.877243957
590,0.0665964153613,0.894390617
600,0.0665964153613,0.917773753
610,0.0665964153613,0.936329549
620,0.0665964153613,0.949150175
630,0.0665964153613,0.958170744
640,0.0665964153613,0.980776066
650,0.0665964153613,0.986059432
660,0.0665964153613,1.004189982
670,0.0713533021728,1.016894334
680,0.0713533021728,1.032598543
690,0.0713533021728,1.052277361
700,0.0713533021728,1.075958629
710,0.0713533021728,1.093371944
720,0.0713533021728,1.11296896
730,0.0713533021728,1.130240083
740,0.0713533021728,1.148573083
750,0.0713533021728,1.155447787
760,0.0713533021728,1.170946367
770,0.0713533021728,1.191034243
780,0.0713533021728,1.213509771
790,0.0713533021728,1.260213553
800,0.0768420177246,1.275940584
810,0.0713533021728,1.293098847
820,0.0713533021728,1.31165947
830,0.0768420177246,1.331709844
840,0.0713533021728,1.366315777
850,0.0768420177246,1.387985666
860,0.0768420177246,1.39463756
870,0.0768420177246,1.412998944
880,0.0768420177246,1.428444273
890,0.0768420177246,1.438130173
900,0.0768420177246,1.45924203
910,0.0832455192016,1.476138375
920,0.0768420177246,1.492103244
930,0.0832455192016,1.522822101
940,0.0768420177246,1.54332364
950,0.0768420177246,1.56597939
960,0.0832455192016,1.586126929
970,0.0832455192016,1.617593723
980,0.0832455192016,1.629393006
990,0.0832455192016,1.646059847
1000,0.0832455192016,1.667929031
1010,0.0832455192016,1.684359952
1020,0.0832455192016,1.693578183
1030,0.0832455192016,1.712310795
1040,0.0832455192016,1.73490859
1050,0.0832455192016,1.748718437
1060,0.0832455192016,1.773792958
1070,0.0832455192016,1.787427086
1080,0.0832455192016,1.798120711
1090,0.0832455192016,1.809253335
1100,0.0832455192016,1.834254294
1110,0.0908132936745,1.843242856
1120,0.0908132936745,1.882286923
1130,0.0908132936745,1.90335172
1140,0.0998946230419,1.913314989
1150,0.0998946230419,1.927233143
1160,0.0908132936745,1.954950833
1170,0.0998946230419,1.968412507
1180,0.0908132936745,1.979671926
1190,0.0908132936745,1.989156203
1200,0.0908132936745,2.007431221
1210,0.0908132936745,2.025205516
1220,0.0998946230419,2.041316764
1230,0.0908132936745,2.055297068
1240,0.0908132936745,2.080299031
1250,0.0908132936745,2.102886874
1260,0.0908132936745,2.116689443
1270,0.0908132936745,2.142291955
1280,0.0998946230419,2.15927679
1290,0.0998946230419,2.183207892
1300,0.0908132936745,2.192975099
1310,0.0908132936745,2.201161816
1320,0.0998946230419,2.208933337
1330,0.0908132936745,2.227142722
1340,0.0908132936745,2.247794104
1350,0.0908132936745,2.274809544
1360,0.0908132936745,2.289644188
1370,0.0908132936745,2.304521185
1380,0.0908132936745,2.324507959
1390,0.0908132936745,2.342319702
1400,0.0908132936745,2.36354585
1410,0.0998946230419,2.379385466
1420,0.0998946230419,2.389085645
1430,0.0998946230419,2.415644522
1440,0.0998946230419,2.43462578
1450,0.0998946230419,2.449354492
1460,0.0998946230419,2.461789291
1470,0.0998946230419,2.476998361
1480,0.0998946230419,2.495902089
1490,0.0998946230419,2.510124654
1500,0.0998946230419,2.523723404
1510,0.0998946230419,2.531491364
1520,0.0998946230419,2.551598309
1530,0.0998946230419,2.569994024
1540,0.0998946230419,2.582715121
1550,0.0998946230419,2.598565418
1560,0.0998946230419,2.610184408
1570,0.110994025602,2.627158024
1580,0.110994025602,2.646453571
1590,0.0998946230419,2.657792792
1600,0.110994025602,2.676926052
1610,0.110994025602,2.70263061
1620,0.110994025602,2.7224099
1630,0.110994025602,2.738943754
1640,0.110994025602,2.760983257
1650,0.110994025602,2.775970457
1660,0.110994025602,2.797496701
1670,0.110994025602,2.813290755
1680,0.110994025602,2.845743385
1690,0.110994025602,2.857917109
1700,0.110994025602,2.874052611
1710,0.110994025602,2.891308372
1720,0.110994025602,2.907836011
1730,0.110994025602,2.933066647
1740,0.110994025602,2.949666033
1750,0.124868278802,2.961484055
1760,0.110994025602,3.019978417
1770,0.124868278802,3.036216077
1780,0.124868278802,3.048775561
1790,0.110994025602,3.072960588
1800,0.110994025602,3.092687384
1810,0.110994025602,3.116481022
1820,0.110994025602,3.133578946
1830,0.110994025602,3.147459899
1840,0.110994025602,3.168135972
1850,0.110994025602,3.176313893
1860,0.110994025602,3.203648561
1870,0.110994025602,3.224012124
1880,0.110994025602,3.234411761
1890,0.110994025602,3.256290234
1900,0.110994025602,3.277615063
1910,0.110994025602,3.290127727
1920,0.124868278802,3.296007566
1930,0.110994025602,3.3241081
1940,0.110994025602,3.335746331
1950,0.110994025602,3.360566558
1960,0.110994025602,3.373411247
1970,0.124868278802,3.381816119
1980,0.124868278802,3.409485457
1990,0.124868278802,3.42479021
2000,0.124868278802,3.449234802
2010,0.124868278802,3.463642062
2020,0.124868278802,3.486533269
2030,0.124868278802,3.492262381
2040,0.124868278802,3.509214832
2050,0.124868278802,3.541393937
2060,0.124868278802,3.55953564
2070,0.124868278802,3.568978604
2080,0.124868278802,3.582866421
2090,0.124868278802,3.596032614
2100,0.124868278802,3.601596571
2110,0.124868278802,3.618650479
2120,0.124868278802,3.642596288
2130,0.124868278802,3.650734858
2140,0.124868278802,3.659077228
2150,0.124868278802,3.676591932
2160,0.124868278802,3.711549883
2170,0.142706604346,3.718024197
2180,0.142706604346,3.72434815
2190,0.142706604346,3.72958492
2200,0.142706604346,3.747497722
2210,0.142706604346,3.762940213
2220,0.142706604346,3.78814383
2230,0.142706604346,3.822708576
2240,0.142706604346,3.835496423
2250,0.142706604346,3.842169563
2260,0.142706604346,3.851420543
2270,0.142706604346,3.869123269
2280,0.142706604346,3.887666417
2290,0.142706604346,3.902617735
2300,0.142706604346,3.926695385
2310,0.142706604346,3.948824152
2320,0.142706604346,3.974099878
2330,0.142706604346,3.990937362
2340,0.142706604346,4.017854453
2350,0.142706604346,4.046049908
2360,0.142706604346,4.068142027
2370,0.142706604346,4.083777965
2380,0.142706604346,4.096251374
2390,0.142706604346,4.117051313
2400,0.142706604346,4.13399027
2410,0.142706604346,4.16421086
2420,0.142706604346,4.186749362
2430,0.142706604346,4.210378854
2440,0.142706604346,4.216227616
2450,0.142706604346,4.235105317
2460,0.142706604346,4.253568192
2470,0.142706604346,4.264531035
2480,0.142706604346,4.285911102
2490,0.142706604346,4.314975161
2500,0.142706604346,4.322012158
2510,0.142706604346,4.329721143
2520,0.142706604346,4.344921342
2530,0.142706604346,4.360511735
2540,0.142706604346,4.373706226
2550,0.142706604346,4.383822106
2560,0.142706604346,4.391243445
2570,0.142706604346,4.417010863
2580,0.142706604346,4.445308349
2590,0.142706604346,4.477529535
2600,0.166491038403,4.502555887
2610,0.142706604346,4.525107818
2620,0.142706604346,4.542028709
2630,0.142706604346,4.558618775
2640,0.142706604346,4.583221087
2650,0.142706604346,4.604171488
2660,0.142706604346,4.626071346
2670,0.142706604346,4.640053133
2680,0.142706604346,4.647121602
2690,0.166491038403,4.662452561
2700,0.142706604346,4.684745744
2710,0.142706604346,4.718701963
2720,0.142706604346,4.733090477
2730,0.166491038403,4.745990419
2740,0.166491038403,4.75127598
2750,0.166491038403,4.765892785
2760,0.166491038403,4.780093636
2770,0.166491038403,4.786029422
2780,0.166491038403,4.828568762
2790,0.166491038403,4.833442305
2800,0.166491038403,4.845800773
2810,0.166491038403,4.850909705
2820,0.166491038403,4.85303709
2830,0.166491038403,4.859607433
2840,0.166491038403,4.894058196
2850,0.166491038403,4.901461481
2860,0.166491038403,4.912849612
2870,0.166491038403,4.924355824
2880,0.166491038403,4.92679476
2890,0.166491038403,4.965510953
2900,0.166491038403,4.96817648
2910,0.166491038403,4.970177477
2920,0.166491038403,4.971114897
2930,0.166491038403,4.988962303
2940,0.166491038403,4.994577873
2950,0.166491038403,5.015475487
2960,0.166491038403,5.037111936
2970,0.166491038403,5.062541468
2980,0.166491038403,5.082420423
2990,0.166491038403,5.097574909
3000,0.166491038403,5.115253874
3010,0.166491038403,5.146740553
3020,0.166491038403,5.161733567
3030,0.166491038403,5.183509709
3040,0.166491038403,5.194711686
3050,0.166491038403,5.216820282
3060,0.166491038403,5.236390226
3070,0.166491038403,5.25041658
3080,0.166491038403,5.267856226
3090,0.166491038403,5.286321297
3100,0.166491038403,5.294356605
3110,0.166491038403,5.314116388
3120,0.166491038403,5.33035145
3130,0.166491038403,5.338534962
3140,0.166491038403,5.355196176
3150,0.166491038403,5.373907383
3160,0.166491038403,5.38792705
3170,0.166491038403,5.415037456
3180,0.166491038403,5.442349872
3190,0.166491038403,5.468275026
3200,0.166491038403,5.49877558
3210,0.166491038403,5.508451159
3220,0.166491038403,5.530096491
3230,0.166491038403,5.54396911
3240,0.166491038403,5.573466999
3250,0.166491038403,5.59879748
3260,0.166491038403,5.606775148
3270,0.166491038403,5.629576586
3280,0.166491038403,5.656384061
3290,0.166491038403,5.672408379
3300,0.166491038403,5.68716696
3310,0.166491038403,5.703444294
3320,0.166491038403,5.730349529
3330,0.166491038403,5.76236632
3340,0.166491038403,5.786118237
3350,0.166491038403,5.801825299
3360,0.166491038403,5.821346394
3370,0.166491038403,5.83393299
3380,0.166491038403,5.846702261
3390,0.166491038403,5.873621343
3400,0.166491038403,5.908361871
3410,0.166491038403,5.915512955
3420,0.166491038403,5.942848656
3430,0.166491038403,5.95578921
3440,0.166491038403,5.968000381
3450,0.166491038403,5.990316314
3460,0.166491038403,6.015646637
3470,0.166491038403,6.038889095
3480,0.166491038403,6.061789112
3490,0.166491038403,6.082442915
3500,0.166491038403,6.092717642
3510,0.166491038403,6.119797299
3520,0.166491038403,6.136809147
3530,0.166491038403,6.148073143
3540,0.166491038403,6.156317247
3550,0.166491038403,6.179770725
3560,0.166491038403,6.188556346
3570,0.166491038403,6.200918603
3580,0.166491038403,6.213278525
3590,0.166491038403,6.235921015
3600,0.166491038403,6.253154492
3610,0.166491038403,6.271882504
3620,0.166491038403,6.296791772
3630,0.166491038403,6.32346504
3640,0.166491038403,6.337023063
3650,0.166491038403,6.356339197
3660,0.166491038403,6.371778899
3670,0.166491038403,6.383154795
3680,0.166491038403,6.409921027
3690,0.166491038403,6.434980724
3700,0.166491038403,6.457143908
3710,0.166491038403,6.476095423
3720,0.166491038403,6.499955225
3730,0.166491038403,6.520915509
3740,0.166491038403,6.531552625
3750,0.166491038403,6.558837454
3760,0.166491038403,6.584634937
3770,0.166491038403,6.60702221
3780,0.166491038403,6.623877119
3790,0.166491038403,6.640297252
3800,0.166491038403,6.661578747
3810,0.166491038403,6.681212957
3820,0.166491038403,6.703482198
3830,0.166491038403,6.721649455
3840,0.166491038403,6.748787319
3850,0.166491038403,6.770606113
3860,0.166491038403,6.799634107
3870,0.166491038403,6.816693244
3880,0.166491038403,6.827260612
3890,0.166491038403,6.84403681
3900,0.166491038403,6.859902713
3910,0.166491038403,6.878082915
3920,0.166491038403,6.900467112
3930,0.166491038403,6.924062096
3940,0.166491038403,6.947615133
3950,0.166491038403,6.968615034
3960,0.166491038403,6.984085775
3970,0.166491038403,6.99493701
3980,0.166491038403,7.023175675
3990,0.166491038403,7.039374443
4000,0.166491038403,7.067504054
4010,0.166491038403,7.087753432
4020,0.166491038403,7.103021702
4030,0.166491038403,7.129396371
4040,0.166491038403,7.142822386
4050,0.166491038403,7.167857481
4060,0.166491038403,7.181426367
4070,0.166491038403,7.19378105
4080,0.166491038403,7.204145954
4090,0.166491038403,7.220884046
4100,0.166491038403,7.229051694
4110,0.166491038403,7.247561437
4120,0.166491038403,7.269299904
4130,0.166491038403,7.287082642
4140,0.166491038403,7.299742447
4150,0.166491038403,7.318459248
4160,0.166491038403,7.326064892
4170,0.166491038403,7.342697134
4180,0.166491038403,7.358375952
4190,0.166491038403,7.37931911
4200,0.166491038403,7.399393754
4210,0.166491038403,7.409639689
4220,0.166491038403,7.422886285
4230,0.166491038403,7.450764774
4240,0.166491038403,7.465035028
4250,0.166491038403,7.489469726
4260,0.166491038403,7.506497349
4270,0.166491038403,7.530607969
4280,0.166491038403,7.557346283
4290,0.166491038403,7.576531281
4300,0.166491038403,7.601795584
4310,0.166491038403,7.620286544
4320,0.166491038403,7.633806246
4330,0.166491038403,7.658722651
4340,0.166491038403,7.669280379
4350,0.166491038403,7.693928148
4360,0.166491038403,7.708363382
4370,0.166491038403,7.73146747
4380,0.166491038403,7.753892748
4390,0.166491038403,7.778687936
4400,0.166491038403,7.794527494
4410,0.166491038403,7.811197825
4420,0.166491038403,7.83248
4430,0.166491038403,7.846234268
4440,0.166491038403,7.864224551
4450,0.166491038403,7.878015015
4460,0.166491038403,7.898607277
4470,0.166491038403,7.923898615
4480,0.166491038403,7.947323657
4490,0.166491038403,7.964879457
4500,0.166491038403,7.978635624
4510,0.166491038403,8.00033943
4520,0.166491038403,8.021122111
4530,0.166491038403,8.038588318
4540,0.166491038403,8.056613245
4550,0.166491038403,8.072977631
4560,0.166491038403,8.095409287
4570,0.166491038403,8.107536704
4580,0.166491038403,8.126549122
4590,0.166491038403,8.14001949
4600,0.166491038403,8.163702654
4610,0.166491038403,8.16896114
4620,0.166491038403,8.191978497
4630,0.166491038403,8.217031273
4640,0.166491038403,8.226339787
4650,0.166491038403,8.243018383
4660,0.166491038403,8.262900484
4670,0.166491038403,8.287440528
4680,0.166491038403,8.303309943
4690,0.166491038403,8.322689419
4700,0.166491038403,8.338329463
4710,0.166491038403,8.363499706
4720,0.166491038403,8.372821061
4730,0.166491038403,8.39413784
4740,0.166491038403,8.415586545
4750,0.166491038403,8.42721859
4760,0.166491038403,8.457455042
4770,0.166491038403,8.492350914
4780,0.166491038403,8.513531205
4790,0.166491038403,8.535340753
4800,0.166491038403,8.554688631
4810,0.166491038403,8.570545743
4820,0.166491038403,8.586150897
4830,0.166491038403,8.6038964
4840,0.166491038403,8.620011334
4850,0.166491038403,8.635786371
4860,0.166491038403,8.646118476
4870,0.166491038403,8.6547386
4880,0.166491038403,8.664919643
4890,0.166491038403,8.696230847
4900,0.166491038403,8.715404831
4910,0.166491038403,8.733983151
4920,0.166491038403,8.751713814
4930,0.166491038403,8.779556666
4940,0.166491038403,8.797291973
4950,0.166491038403,8.822437804
4960,0.166491038403,8.840321411
4970,0.166491038403,8.859251084
4980,0.166491038403,8.881906618
4990,0.166491038403,8.898719715
5000,0.166491038403,8.91417536
5010,0.166491038403,8.92039756
5020,0.166491038403,8.926715715
5030,0.166491038403,8.944313932
5040,0.166491038403,8.956575967
5050,0.166491038403,8.9664649
5060,0.166491038403,8.997073543
5070,0.166491038403,9.017917314
5080,0.166491038403,9.046001685
5090,0.166491038403,9.064320746
5100,0.166491038403,9.101332084
5110,0.166491038403,9.123058585
5120,0.199789246084,9.138372603
5130,0.199789246084,9.157595752
5140,0.166491038403,9.169399193
5150,0.166491038403,9.18711223
5160,0.166491038403,9.198563678
5170,0.166491038403,9.217137044
5180,0.166491038403,9.223406962
5190,0.166491038403,9.227198476
5200,0.166491038403,9.23399044
5210,0.166491038403,9.248612964
5220,0.166491038403,9.255521753
5230,0.166491038403,9.312251988
5240,0.166491038403,9.32215032
5250,0.166491038403,9.326404124
5260,0.166491038403,9.340436869
5270,0.166491038403,9.353078221
5280,0.166491038403,9.375342198
5290,0.166491038403,9.39012031
5300,0.166491038403,9.39709812
5310,0.166491038403,9.406957909
5320,0.166491038403,9.418719258
5330,0.166491038403,9.434195541
5340,0.166491038403,9.44368088
5350,0.166491038403,9.454536534
5360,0.166491038403,9.476787075
5370,0.166491038403,9.519688369
5380,0.166491038403,9.523926538
5390,0.166491038403,9.525155846
5400,0.166491038403,9.526123609
5410,0.166491038403,9.527137345
5420,0.166491038403,9.530918729
5430,0.166491038403,9.536900091
5440,0.166491038403,9.543143411
5450,0.166491038403,9.550217585
5460,0.166491038403,9.557301042
5470,0.166491038403,9.559414154
5480,0.199789246084,9.562037091
5490,0.199789246084,9.567438001
5500,0.199789246084,9.570522416
5510,0.199789246084,9.576460598
5520,0.199789246084,9.584559607
5530,0.199789246084,9.588053121
5540,0.199789246084,9.593608058
5550,0.199789246084,9.594832535
5560,0.199789246084,9.599343086
5570,0.199789246084,9.60571559
5580,0.199789246084,9.612554537
5590,0.199789246084,9.617428302
5600,0.199789246084,9.620552294
5610,0.199789246084,9.623083261
5620,0.199789246084,9.625954301
5630,0.199789246084,9.626831461
5640,0.199789246084,9.628437536
5650,0.199789246084,9.629203527
5660,0.199789246084,9.630929385
5670,0.199789246084,9.63329321
5680,0.199789246084,9.638060861
5690,0.199789246084,9.734449934
5700,0.199789246084,9.740539351
5710,0.199789246084,9.744650881
5720,0.199789246084,9.746626024
5730,0.199789246084,9.750468226
5740,0.199789246084,9.755739705
5750,0.199789246084,9.779285533
5760,0.199789246084,9.786472961
5770,0.199789246084,9.788890868
5780,0.199789246084,9.798223592
5790,0.199789246084,9.817450994
5800,0.199789246084,9.828788561
5810,0.199789246084,9.858078425
5820,0.199789246084,9.865876373
5830,0.199789246084,9.874296852
5840,0.199789246084,9.896583986
5850,0.199789246084,9.911554563
5860,0.199789246084,9.942491523
5870,0.199789246084,9.96121474
5880,0.199789246084,9.96796027
5890,0.199789246084,9.982304219
5900,0.199789246084,9.992125634
5910,0.199789246084,10.009681939
5920,0.199789246084,10.019616955
5930,0.199789246084,10.026867088
5940,0.199789246084,10.065903143
5950,0.199789246084,10.075140371
5960,0.199789246084,10.085404735
5970,0.199789246084,10.103718429
5980,0.199789246084,10.115830801
5990,0.199789246084,10.131903808
6000,0.199789246084,10.148480387
