iterations,fitness,time
0,0.136583624637,0.034368071
10,0.136583624637,0.20918034
20,0.143087606763,0.384931921
30,0.143087606763,0.6191872
40,0.150241987101,0.824125214
50,0.150241987101,1.0505607
60,0.143087606763,1.226650559
70,0.143087606763,1.476748698
80,0.150241987101,1.661675361
90,0.150241987101,1.937524152
100,0.136583624637,2.119027853
110,0.150241987101,2.573429756
120,0.136583624637,2.673164026
130,0.143087606763,3.063018738
140,0.143087606763,3.241045905
150,0.150241987101,3.480835366
160,0.143087606763,3.695683544
170,0.150241987101,3.888250507
180,0.150241987101,4.109162223
190,0.150241987101,4.140162923
200,0.150241987101,4.565410423
210,0.166935541223,4.875662762
220,0.166935541223,5.144403289
230,0.166935541223,5.270097059
240,0.158149460106,5.450399356
250,0.158149460106,5.750913216
260,0.166935541223,6.080545758
270,0.166935541223,6.460508569
280,0.166935541223,6.645618072
290,0.166935541223,6.871631928
300,0.176755278942,7.144272612
310,0.187802483876,7.366969328
320,0.187802483876,7.663886717
330,0.187802483876,7.855641293
340,0.187802483876,8.118468859
350,0.187802483876,8.321635769
360,0.187802483876,8.571378049
370,0.187802483876,8.840203235
380,0.200322649468,9.059307894
390,0.200322649468,9.302734403
400,0.187802483876,9.534411536
410,0.187802483876,9.744479133
420,0.187802483876,9.928888198
430,0.187802483876,10.159528945
440,0.187802483876,10.418393751
450,0.187802483876,10.649595278
460,0.187802483876,10.83694357
470,0.187802483876,11.144229553
480,0.187802483876,11.401309578
490,0.187802483876,11.511987019
500,0.187802483876,11.782687574
510,0.187802483876,11.913909349
520,0.200322649468,12.147323122
530,0.200322649468,12.314223838
540,0.200322649468,12.590189657
550,0.214631410144,12.756394905
560,0.214631410144,12.978753006
570,0.214631410144,13.248677715
580,0.214631410144,13.397095164
590,0.214631410144,13.704524985
600,0.214631410144,13.853790317
610,0.214631410144,14.031211651
620,0.214631410144,14.250199653
630,0.214631410144,14.607228995
640,0.214631410144,14.649939056
650,0.231141518617,14.905331492
660,0.231141518617,15.168552951
670,0.214631410144,15.396669872
680,0.214631410144,15.665353455
690,0.214631410144,15.973494446
700,0.214631410144,16.156646647
710,0.214631410144,16.499073296
720,0.214631410144,16.709643088
730,0.214631410144,16.920682858
740,0.214631410144,17.254154964
750,0.214631410144,17.611067761
760,0.214631410144,17.898613544
770,0.214631410144,18.131346539
780,0.214631410144,18.428691072
790,0.214631410144,18.730737547
800,0.214631410144,18.991321508
810,0.214631410144,19.249107092
820,0.214631410144,19.443651296
830,0.214631410144,19.657556117
840,0.214631410144,19.816943957
850,0.214631410144,20.111292155
860,0.214631410144,20.400610393
870,0.214631410144,20.695239614
880,0.214631410144,20.974177467
890,0.214631410144,21.071836919
900,0.214631410144,21.444011451
910,0.214631410144,21.602630285
920,0.214631410144,21.867048721
930,0.231141518617,22.172791544
940,0.214631410144,22.478059542
950,0.214631410144,22.685155699
960,0.214631410144,22.981666577
970,0.214631410144,23.197226333
980,0.214631410144,23.438609792
990,0.214631410144,23.702787864
1000,0.214631410144,23.972587641
1010,0.214631410144,24.197451514
1020,0.231141518617,24.419058606
1030,0.231141518617,24.754776541
1040,0.231141518617,25.084462278
1050,0.231141518617,25.330743415
1060,0.231141518617,25.545804108
1070,0.231141518617,25.722946933
1080,0.231141518617,25.994490955
1090,0.231141518617,26.284875431
1100,0.231141518617,26.641211484
1110,0.231141518617,26.842173073
1120,0.231141518617,27.225745358
1130,0.231141518617,27.453500863
1140,0.231141518617,27.702135546
1150,0.231141518617,27.926021334
1160,0.231141518617,28.144852848
1170,0.231141518617,28.447479581
1180,0.231141518617,28.688463846
1190,0.231141518617,29.008596621
1200,0.231141518617,29.284054221
1210,0.231141518617,29.512574169
1220,0.231141518617,29.771839517
1230,0.231141518617,30.016848014
1240,0.231141518617,30.211990859
1250,0.231141518617,30.239101964
1260,0.231141518617,30.516354652
1270,0.231141518617,30.795123405
1280,0.250403311835,31.030322315
1290,0.250403311835,31.374429215
1300,0.250403311835,31.705786265
1310,0.250403311835,31.826896446
1320,0.250403311835,32.051852644
1330,0.250403311835,32.29454118
1340,0.250403311835,32.560845594
1350,0.250403311835,32.80189651
1360,0.250403311835,33.050670949
1370,0.250403311835,33.259344948
1380,0.250403311835,33.706176358
1390,0.250403311835,34.079984254
1400,0.250403311835,34.225584778
1410,0.250403311835,34.478167618
1420,0.250403311835,34.713393621
1430,0.250403311835,34.933243871
1440,0.250403311835,35.099530684
1450,0.250403311835,35.323225331
1460,0.250403311835,35.389296804
1470,0.250403311835,35.57135129
1480,0.250403311835,35.720410926
1490,0.250403311835,35.910729347
1500,0.250403311835,36.091145355
1510,0.250403311835,36.137249518
1520,0.250403311835,36.428295314
1530,0.250403311835,36.620788951
1540,0.250403311835,36.80075444
1550,0.250403311835,37.035511457
1560,0.250403311835,37.215154535
1570,0.250403311835,37.363016859
1580,0.250403311835,37.462739158
1590,0.250403311835,37.465562771
1600,0.250403311835,37.63199685
1610,0.250403311835,37.831300572
1620,0.250403311835,37.959268649
1630,0.250403311835,38.207171505
1640,0.250403311835,38.375186781
1650,0.250403311835,38.545809025
1660,0.250403311835,38.69276971
1670,0.273167249274,38.838298698
1680,0.273167249274,39.033264501
1690,0.273167249274,39.181213729
1700,0.273167249274,39.351298046
1710,0.273167249274,39.536705434
1720,0.273167249274,39.709341211
1730,0.273167249274,39.863809617
1740,0.273167249274,40.07459906
1750,0.273167249274,40.189154576
1760,0.273167249274,40.380178133
1770,0.273167249274,40.556641513
1780,0.273167249274,40.568445179
1790,0.273167249274,40.816832121
1800,0.273167249274,40.997145164
1810,0.273167249274,41.112940753
1820,0.273167249274,41.289630663
1830,0.273167249274,41.434540765
1840,0.273167249274,41.644715855
1850,0.273167249274,41.7097923
1860,0.273167249274,41.712424623
1870,0.273167249274,41.832191375
1880,0.273167249274,42.030191862
1890,0.273167249274,42.199246273
1900,0.273167249274,42.328029679
1910,0.273167249274,42.526196165
1920,0.273167249274,42.732829083
1930,0.273167249274,42.88752648
1940,0.273167249274,43.053593856
1950,0.273167249274,43.210466454
1960,0.273167249274,43.363488861
1970,0.273167249274,43.591293217
1980,0.273167249274,43.703423253
1990,0.273167249274,43.878328806
2000,0.273167249274,44.029161796
2010,0.273167249274,44.173781804
2020,0.273167249274,44.258809052
2030,0.273167249274,44.509641005
2040,0.273167249274,44.690250099
2050,0.273167249274,44.737671415
2060,0.273167249274,44.74074117
2070,0.273167249274,44.889981112
2080,0.273167249274,45.049652636
2090,0.273167249274,45.209967674
2100,0.273167249274,45.372231998
2110,0.273167249274,45.554499286
2120,0.273167249274,45.728175626
2130,0.273167249274,45.899880947
2140,0.273167249274,46.063236594
2150,0.273167249274,46.236675513
2160,0.273167249274,46.395940916
2170,0.250403311835,46.597561164
2180,0.250403311835,46.79090249
2190,0.250403311835,46.929316613
2200,0.250403311835,47.077384327
2210,0.250403311835,47.265257011
2220,0.273167249274,47.427602912
2230,0.273167249274,47.604888306
2240,0.273167249274,47.761126074
2250,0.273167249274,47.904462328
2260,0.273167249274,48.080088836
2270,0.273167249274,48.244116824
2280,0.273167249274,48.452907332
2290,0.273167249274,48.620061085
2300,0.273167249274,48.759567386
2310,0.273167249274,48.975146871
2320,0.273167249274,49.147503108
2330,0.300483974202,49.350549002
2340,0.300483974202,49.535977012
2350,0.300483974202,49.700576234
2360,0.300483974202,49.905621766
2370,0.300483974202,50.067203846
2380,0.300483974202,50.287534266
2390,0.300483974202,50.460288959
2400,0.300483974202,50.663459287
2410,0.300483974202,50.840364438
2420,0.300483974202,51.046784947
2430,0.300483974202,51.261286364
2440,0.300483974202,51.474020184
2450,0.300483974202,51.625890782
2460,0.300483974202,51.826234282
2470,0.300483974202,52.032920864
2480,0.300483974202,52.181434968
2490,0.300483974202,52.385008092
2500,0.300483974202,52.560002356
2510,0.300483974202,52.738445885
2520,0.300483974202,52.942779011
2530,0.300483974202,53.140504415
2540,0.300483974202,53.358205948
2550,0.300483974202,53.535976182
2560,0.300483974202,53.726879678
2570,0.300483974202,53.876490389
2580,0.300483974202,54.031186192
2590,0.300483974202,54.20427215
2600,0.300483974202,54.408612871
2610,0.300483974202,54.480274242
2620,0.300483974202,54.65602226
2630,0.300483974202,54.897913481
2640,0.300483974202,55.055780403
2650,0.300483974202,55.263394672
2660,0.300483974202,55.369813424
2670,0.300483974202,55.562778929
2680,0.300483974202,55.748616365
2690,0.300483974202,55.921582666
2700,0.300483974202,56.059602244
2710,0.300483974202,56.211671375
2720,0.300483974202,56.363021953
2730,0.300483974202,56.470792214
2740,0.300483974202,56.645681923
2750,0.300483974202,56.726034055
2760,0.300483974202,56.813540672
2770,0.300483974202,56.924061478
2780,0.300483974202,57.003460981
2790,0.300483974202,57.11630895
2800,0.300483974202,57.177471373
2810,0.300483974202,57.268086157
2820,0.300483974202,57.34719839
2830,0.300483974202,57.455871803
2840,0.300483974202,57.520674165
2850,0.300483974202,57.642617005
2860,0.300483974202,57.723031021
2870,0.300483974202,57.818108071
2880,0.300483974202,57.910907185
2890,0.300483974202,57.985192972
2900,0.300483974202,58.053810459
2910,0.300483974202,58.122266762
2920,0.300483974202,58.235279326
2930,0.300483974202,58.31983152
2940,0.300483974202,58.402978086
2950,0.300483974202,58.486800187
2960,0.300483974202,58.561757099
2970,0.300483974202,58.603902527
2980,0.300483974202,58.712250353
2990,0.300483974202,58.787196984
3000,0.300483974202,58.869237445
3010,0.300483974202,58.961414189
3020,0.300483974202,59.046239532
3030,0.300483974202,59.130485799
3040,0.300483974202,59.218007716
3050,0.300483974202,59.305841788
3060,0.300483974202,59.369223538
3070,0.300483974202,59.47163921
3080,0.300483974202,59.562775277
3090,0.300483974202,59.654747422
3100,0.300483974202,59.704201745
3110,0.300483974202,59.810705807
3120,0.300483974202,59.875962388
3130,0.300483974202,59.910114914
3140,0.300483974202,60.049646211
3150,0.300483974202,60.119846705
3160,0.300483974202,60.201016749
3170,0.300483974202,60.273127568
3180,0.300483974202,60.326941747
3190,0.300483974202,60.432218184
3200,0.300483974202,60.546315101
3210,0.300483974202,60.620831856
3220,0.300483974202,60.71476714
3230,0.300483974202,60.790184132
3240,0.300483974202,60.888834894
3250,0.300483974202,60.997412072
3260,0.300483974202,61.078858057
3270,0.300483974202,61.167843706
3280,0.300483974202,61.261124486
3290,0.300483974202,61.343075392
3300,0.300483974202,61.441349686
3310,0.300483974202,61.553634056
3320,0.300483974202,61.629906289
3330,0.300483974202,61.71512278
3340,0.300483974202,61.815388144
3350,0.300483974202,61.903033011
3360,0.300483974202,61.999571396
3370,0.300483974202,62.083812081
3380,0.300483974202,62.161481643
3390,0.300483974202,62.26520657
3400,0.300483974202,62.34364435
3410,0.333871082446,62.437190816
3420,0.333871082446,62.53901973
3430,0.333871082446,62.638355596
3440,0.333871082446,62.729362347
3450,0.333871082446,62.809445418
3460,0.333871082446,62.890601417
3470,0.333871082446,62.971865241
3480,0.333871082446,63.074453352
3490,0.333871082446,63.138004544
3500,0.333871082446,63.244294723
3510,0.333871082446,63.327929823
3520,0.333871082446,63.426205388
3530,0.333871082446,63.518113874
3540,0.333871082446,63.581406614
3550,0.333871082446,63.716561417
3560,0.333871082446,63.801615407
3570,0.333871082446,63.877131782
3580,0.333871082446,63.982002312
3590,0.333871082446,64.075005544
3600,0.333871082446,64.112110029
3610,0.333871082446,64.206730179
3620,0.333871082446,64.279579022
3630,0.333871082446,64.354116761
3640,0.333871082446,64.462823302
3650,0.333871082446,64.567381661
3660,0.333871082446,64.674054671
3670,0.333871082446,64.724236252
3680,0.333871082446,64.802975733
3690,0.333871082446,64.909330764
3700,0.333871082446,64.999091093
3710,0.333871082446,65.088390525
3720,0.333871082446,65.183387509
3730,0.333871082446,65.229557946
3740,0.333871082446,65.338070716
3750,0.333871082446,65.420988877
3760,0.333871082446,65.53123745
3770,0.333871082446,65.603939034
3780,0.333871082446,65.714072641
3790,0.333871082446,65.818228451
3800,0.333871082446,65.879671853
3810,0.333871082446,65.950270582
3820,0.333871082446,66.03196774
3830,0.333871082446,66.120169771
3840,0.333871082446,66.203146237
3850,0.333871082446,66.292396168
3860,0.333871082446,66.396832097
3870,0.333871082446,66.459785243
3880,0.333871082446,66.54118068
3890,0.333871082446,66.62695469
3900,0.333871082446,66.696334543
3910,0.333871082446,66.758958085
3920,0.333871082446,66.834648334
3930,0.333871082446,66.89034903
3940,0.333871082446,66.925388253
3950,0.333871082446,66.966666395
3960,0.333871082446,66.999228655
3970,0.333871082446,67.049914877
3980,0.333871082446,67.075008898
3990,0.333871082446,67.09386408
4000,0.333871082446,67.113010717
