iterations,fitness,time
0,0.160418302296,0.023235369
10,0.190496733977,0.043004587
20,0.190496733977,0.047696546
30,0.190496733977,0.054596398
40,0.190496733977,0.05850502
50,0.190496733977,0.065041172
60,0.190496733977,0.075371269
70,0.203196516242,0.407697187
80,0.217710553116,0.429569645
90,0.253995645303,0.449029035
100,0.234457518741,0.465884642
110,0.234457518741,0.627959424
120,0.234457518741,0.914408852
130,0.234457518741,1.096530654
140,0.217710553116,1.178539164
150,0.190496733977,1.247709696
160,0.217710553116,1.43378934
170,0.190496733977,1.43839365
180,0.217710553116,1.465780092
190,0.217710553116,1.484467136
200,0.203196516242,1.505599361
210,0.217710553116,1.530542148
220,0.217710553116,1.784958581
230,0.217710553116,1.935228795
240,0.217710553116,2.013085576
250,0.217710553116,2.268493251
260,0.234457518741,2.46179491
270,0.234457518741,2.474980447
280,0.234457518741,2.658072329
290,0.234457518741,2.871866574
300,0.253995645303,3.092140181
310,0.234457518741,3.183228746
320,0.234457518741,3.398976561
330,0.234457518741,3.5190034
340,0.234457518741,3.682922416
350,0.234457518741,3.853501642
360,0.234457518741,3.980561591
370,0.234457518741,4.268114872
380,0.253995645303,4.475951008
390,0.253995645303,4.551195216
400,0.253995645303,4.757972056
410,0.253995645303,4.762717702
420,0.234457518741,4.916553668
430,0.234457518741,5.078049312
440,0.234457518741,5.079540515
450,0.217710553116,5.152359889
460,0.217710553116,5.165845822
470,0.217710553116,5.173779422
480,0.217710553116,5.355390203
490,0.234457518741,5.42985539
500,0.234457518741,5.521098463
510,0.234457518741,5.652529253
520,0.234457518741,5.858195573
530,0.234457518741,5.864134563
540,0.234457518741,5.870251143
550,0.217710553116,5.998063799
560,0.217710553116,6.152763851
570,0.217710553116,6.236298822
580,0.217710553116,6.475689936
590,0.217710553116,6.60300765
600,0.203196516242,6.810950638
610,0.203196516242,6.856944553
620,0.203196516242,7.012305213
630,0.217710553116,7.139301522
640,0.203196516242,7.220095519
650,0.190496733977,7.48265328
660,0.217710553116,7.645105516
670,0.234457518741,7.648952156
680,0.234457518741,7.74786896
690,0.234457518741,7.866777062
700,0.217710553116,8.108573241
710,0.217710553116,8.283137073
720,0.203196516242,8.475728062
730,0.234457518741,8.570042875
740,0.190496733977,8.652599464
750,0.203196516242,8.856647706
760,0.190496733977,9.075939273
770,0.190496733977,9.196542134
780,0.179291043743,9.387010066
790,0.179291043743,9.546752837
800,0.203196516242,9.550008664
810,0.217710553116,9.564021673
820,0.203196516242,9.793395968
830,0.217710553116,9.809625889
840,0.203196516242,9.972509686
850,0.217710553116,10.139366758
860,0.217710553116,10.282226495
870,0.217710553116,10.430143619
880,0.217710553116,10.578420723
890,0.190496733977,10.816084866
900,0.203196516242,11.014874162
910,0.217710553116,11.139726217
920,0.217710553116,11.306603351
930,0.234457518741,11.44614274
940,0.234457518741,11.606474594
950,0.277086158512,11.762051434
960,0.253995645303,11.917790121
970,0.253995645303,11.998740984
980,0.253995645303,12.005120292
990,0.253995645303,12.263417643
1000,0.234457518741,12.442921222
1010,0.234457518741,12.727037821
1020,0.234457518741,12.955688693
1030,0.234457518741,13.116885011
1040,0.217710553116,13.118466251
1050,0.234457518741,13.195478575
1060,0.234457518741,13.340307346
1070,0.234457518741,13.523893982
1080,0.234457518741,13.765979515
1090,0.217710553116,13.910560519
1100,0.217710553116,14.097614492
1110,0.217710553116,14.407305229
1120,0.203196516242,14.638272933
1130,0.203196516242,14.695897142
1140,0.203196516242,14.871274202
1150,0.203196516242,14.98895533
1160,0.203196516242,15.104725628
1170,0.217710553116,15.173734003
1180,0.234457518741,15.403414593
1190,0.253995645303,15.417991193
1200,0.253995645303,15.557816121
1210,0.253995645303,15.815816882
1220,0.253995645303,15.990916523
1230,0.277086158512,16.177259463
1240,0.277086158512,16.409665011
1250,0.277086158512,16.592973524
1260,0.277086158512,16.6618618
1270,0.277086158512,16.74142496
1280,0.277086158512,16.88670593
1290,0.277086158512,17.012144381
1300,0.277086158512,17.021902284
1310,0.277086158512,17.024326885
1320,0.304794774363,17.026302861
1330,0.304794774363,17.181966171
1340,0.338660860403,17.379341841
1350,0.338660860403,17.629004317
1360,0.338660860403,17.713400026
1370,0.338660860403,17.950885982
1380,0.380993467954,18.103241768
1390,0.380993467954,18.395239374
1400,0.380993467954,18.531319603
1410,0.380993467954,18.668319122
1420,0.380993467954,18.726072229
1430,0.380993467954,18.735429166
1440,0.380993467954,18.846762241
1450,0.380993467954,18.870970187
1460,0.380993467954,19.12239267
1470,0.380993467954,19.182563441
1480,0.380993467954,19.460922587
1490,0.380993467954,19.618676469
1500,0.380993467954,19.795462868
1510,0.380993467954,19.938681998
1520,0.380993467954,20.187716405
1530,0.380993467954,20.44356982
1540,0.380993467954,20.584571857
1550,0.380993467954,20.781657914
1560,0.380993467954,20.923145338
1570,0.380993467954,21.086166243
1580,0.338660860403,21.273136687
1590,0.304794774363,21.454390394
1600,0.338660860403,21.547650002
1610,0.304794774363,21.635192785
1620,0.304794774363,21.771572198
1630,0.304794774363,21.920253265
1640,0.304794774363,21.984287146
1650,0.304794774363,22.106919682
1660,0.277086158512,22.41389281
1670,0.253995645303,22.425832451
1680,0.253995645303,22.539377723
1690,0.234457518741,22.728618223
1700,0.253995645303,22.868692806
1710,0.234457518741,23.033505072
1720,0.253995645303,23.222744592
1730,0.253995645303,23.38876441
1740,0.253995645303,23.519132798
1750,0.253995645303,23.652166662
1760,0.253995645303,23.784045879
1770,0.253995645303,23.994164617
1780,0.253995645303,24.219624518
1790,0.277086158512,24.564509364
1800,0.277086158512,24.710286535
1810,0.253995645303,24.926457379
1820,0.253995645303,24.937455321
1830,0.253995645303,25.220911842
1840,0.253995645303,25.42124538
1850,0.234457518741,25.565986473
1860,0.217710553116,25.672107022
1870,0.234457518741,25.794950701
1880,0.234457518741,25.799469527
1890,0.234457518741,25.965517893
1900,0.253995645303,26.152926487
1910,0.253995645303,26.400535135
1920,0.253995645303,26.500725601
1930,0.253995645303,26.626824719
1940,0.253995645303,26.818820938
1950,0.234457518741,26.936224572
1960,0.277086158512,27.178111112
1970,0.277086158512,27.464324196
1980,0.277086158512,27.641325258
1990,0.277086158512,27.828563468
2000,0.277086158512,27.997803833
2010,0.277086158512,28.226176765
2020,0.304794774363,28.470481404
2030,0.304794774363,28.520901462
2040,0.304794774363,28.685484504
2050,0.304794774363,28.814658948
2060,0.253995645303,29.026669787
2070,0.234457518741,29.181462644
2080,0.253995645303,29.411708159
2090,0.234457518741,29.579301766
2100,0.217710553116,29.839294777
2110,0.203196516242,30.003102168
2120,0.253995645303,30.214256625
2130,0.234457518741,30.364050887
2140,0.234457518741,30.48358288
2150,0.234457518741,30.572778095
2160,0.253995645303,30.684963659
2170,0.277086158512,30.834258681
2180,0.277086158512,30.965184809
2190,0.277086158512,31.086412232
2200,0.277086158512,31.267187109
2210,0.277086158512,31.393199094
2220,0.277086158512,31.591386054
2230,0.277086158512,31.698941944
2240,0.338660860403,31.860304669
2250,0.304794774363,32.002438067
2260,0.277086158512,32.087895048
2270,0.277086158512,32.25642081
2280,0.277086158512,32.352114092
2290,0.338660860403,32.536152506
2300,0.338660860403,32.731954798
2310,0.338660860403,32.919688664
2320,0.338660860403,33.104890055
2330,0.338660860403,33.270857136
2340,0.338660860403,33.435931945
2350,0.338660860403,33.455710931
2360,0.380993467954,33.585734687
2370,0.338660860403,33.716255598
2380,0.304794774363,33.895939883
2390,0.338660860403,34.065007301
2400,0.338660860403,34.191534037
2410,0.304794774363,34.455882789
2420,0.304794774363,34.653598853
2430,0.304794774363,34.667140955
2440,0.304794774363,34.827786028
2450,0.304794774363,35.096271048
2460,0.304794774363,35.229217376
2470,0.304794774363,35.526009749
2480,0.304794774363,35.652109751
2490,0.277086158512,35.799107057
2500,0.277086158512,36.015772312
2510,0.304794774363,36.214791418
2520,0.304794774363,36.42183207
2530,0.277086158512,36.492995041
2540,0.304794774363,36.666681726
2550,0.253995645303,36.889708383
2560,0.253995645303,37.063908335
2570,0.253995645303,37.241135624
2580,0.277086158512,37.349102184
2590,0.253995645303,37.453620722
2600,0.253995645303,37.533541047
2610,0.253995645303,37.679118078
2620,0.234457518741,37.88893026
2630,0.253995645303,37.952195698
2640,0.234457518741,38.085223094
2650,0.234457518741,38.25249209
2660,0.253995645303,38.41268879
2670,0.277086158512,38.580886763
2680,0.277086158512,38.799923221
2690,0.277086158512,39.021207096
2700,0.277086158512,39.248748269
2710,0.253995645303,39.374175455
2720,0.277086158512,39.443120027
2730,0.277086158512,39.639895316
2740,0.277086158512,39.716588722
2750,0.253995645303,39.838897431
2760,0.277086158512,40.021538084
2770,0.277086158512,40.199867884
2780,0.253995645303,40.374165013
2790,0.253995645303,40.59675096
2800,0.234457518741,40.725424588
2810,0.234457518741,40.727516224
2820,0.203196516242,40.846580472
2830,0.203196516242,40.849071459
2840,0.203196516242,40.947736213
2850,0.203196516242,41.126386176
2860,0.203196516242,41.324640697
2870,0.190496733977,41.515896682
2880,0.203196516242,41.770222911
2890,0.217710553116,41.898918594
2900,0.203196516242,42.085583569
2910,0.190496733977,42.093086253
2920,0.190496733977,42.270911237
2930,0.190496733977,42.406095303
2940,0.190496733977,42.586377192
2950,0.190496733977,42.710538942
2960,0.190496733977,42.900676762
2970,0.203196516242,43.006494565
2980,0.190496733977,43.119187613
2990,0.190496733977,43.362288866
3000,0.179291043743,43.432385003
3010,0.179291043743,43.547358661
3020,0.203196516242,43.659621029
3030,0.190496733977,43.814205204
3040,0.190496733977,43.996808571
3050,0.190496733977,44.172844784
3060,0.217710553116,44.345998376
3070,0.234457518741,44.571512018
3080,0.217710553116,44.712096529
3090,0.217710553116,44.877310339
3100,0.217710553116,45.064990857
3110,0.190496733977,45.263616585
3120,0.190496733977,45.389888333
3130,0.203196516242,45.586830405
3140,0.217710553116,45.674719789
3150,0.234457518741,45.756830395
3160,0.234457518741,45.863421497
3170,0.277086158512,46.106921103
3180,0.277086158512,46.108954496
3190,0.277086158512,46.197772281
3200,0.277086158512,46.334012288
3210,0.277086158512,46.58681102
3220,0.277086158512,46.670296777
3230,0.277086158512,46.841213466
3240,0.277086158512,47.031034494
3250,0.277086158512,47.244478986
3260,0.277086158512,47.393409102
3270,0.304794774363,47.606783601
3280,0.253995645303,47.794700141
3290,0.253995645303,47.951454513
3300,0.253995645303,48.143166192
3310,0.253995645303,48.337620157
3320,0.253995645303,48.48122698
3330,0.253995645303,48.735552025
3340,0.234457518741,48.853209978
3350,0.234457518741,49.018518245
3360,0.217710553116,49.284137862
3370,0.234457518741,49.518390459
3380,0.234457518741,49.735219186
3390,0.234457518741,49.947486095
3400,0.234457518741,50.171798935
3410,0.234457518741,50.241703386
3420,0.253995645303,50.367740686
3430,0.253995645303,50.596897
3440,0.234457518741,50.659652141
3450,0.234457518741,50.812117907
3460,0.234457518741,50.961786406
3470,0.234457518741,50.997102817
3480,0.253995645303,50.999733078
3490,0.203196516242,51.163940663
3500,0.203196516242,51.331579572
3510,0.203196516242,51.471378072
3520,0.203196516242,51.683959907
3530,0.203196516242,51.856283566
3540,0.203196516242,52.006139039
3550,0.203196516242,52.194668829
3560,0.203196516242,52.320730138
3570,0.203196516242,52.418720769
3580,0.217710553116,52.551891955
3590,0.234457518741,52.740952058
3600,0.217710553116,52.847719642
3610,0.234457518741,53.070834277
3620,0.253995645303,53.173206622
3630,0.234457518741,53.291314208
3640,0.253995645303,53.434894981
3650,0.234457518741,53.468202011
3660,0.234457518741,53.666333914
3670,0.217710553116,53.793732932
3680,0.217710553116,53.918860499
3690,0.217710553116,54.141017727
3700,0.234457518741,54.322076719
3710,0.217710553116,54.515742702
3720,0.217710553116,54.733298596
3730,0.217710553116,54.893685087
3740,0.234457518741,54.952291927
3750,0.234457518741,54.954835669
3760,0.234457518741,55.089567946
3770,0.234457518741,55.281974856
3780,0.253995645303,55.48622272
3790,0.253995645303,55.602543072
3800,0.253995645303,55.684727381
3810,0.253995645303,55.824230874
3820,0.253995645303,56.015487439
3830,0.277086158512,56.206937663
3840,0.277086158512,56.35721251
3850,0.253995645303,56.472097737
3860,0.277086158512,56.600713253
3870,0.253995645303,56.755535597
3880,0.253995645303,57.022068209
3890,0.253995645303,57.113712856
3900,0.304794774363,57.323334915
3910,0.338660860403,57.440550859
3920,0.338660860403,57.656321941
3930,0.380993467954,57.739977965
3940,0.380993467954,57.854128461
3950,0.380993467954,58.05602804
3960,0.435421106233,58.060834535
3970,0.435421106233,58.066583724
3980,0.435421106233,58.243964441
3990,0.507991290605,58.415603168
4000,0.507991290605,58.614567028
