iterations,fitness,time
0,0.138543079256,0.03393721
10,0.152397387182,0.198315769
20,0.145140368744,0.495811843
30,0.152397387182,0.53938516
40,0.160418302296,0.638875613
50,0.160418302296,0.747143029
60,0.160418302296,0.982694991
70,0.160418302296,1.292510643
80,0.169330430202,1.446137367
90,0.160418302296,1.55651488
100,0.160418302296,1.602812236
110,0.160418302296,1.804481884
120,0.169330430202,1.931103284
130,0.179291043743,2.162359861
140,0.179291043743,2.180719776
150,0.217710553116,2.196711621
160,0.179291043743,2.215458284
170,0.179291043743,2.382163389
180,0.203196516242,2.387838506
190,0.217710553116,2.394528498
200,0.217710553116,2.575221253
210,0.253995645303,2.691344834
220,0.253995645303,2.889076575
230,0.253995645303,3.096096257
240,0.253995645303,3.321748635
250,0.253995645303,3.444465082
260,0.253995645303,3.657611622
270,0.234457518741,3.773689602
280,0.253995645303,3.886318879
290,0.277086158512,3.984222192
300,0.277086158512,3.99122944
310,0.277086158512,4.18209846
320,0.277086158512,4.474099512
330,0.277086158512,4.707287917
340,0.304794774363,4.845307071
350,0.277086158512,5.026422369
360,0.277086158512,5.10353699
370,0.277086158512,5.224275786
380,0.277086158512,5.292445614
390,0.277086158512,5.491127602
400,0.277086158512,5.677494957
410,0.277086158512,5.787522973
420,0.304794774363,5.970183552
430,0.304794774363,6.225454816
440,0.277086158512,6.424790641
450,0.304794774363,6.529826528
460,0.304794774363,6.662151606
470,0.304794774363,6.852680651
480,0.338660860403,7.022032928
490,0.338660860403,7.295903436
500,0.338660860403,7.490087686
510,0.338660860403,7.74909073
520,0.338660860403,7.92422781
530,0.338660860403,8.139434733
540,0.338660860403,8.147966063
550,0.338660860403,8.154261959
560,0.338660860403,8.443333749
570,0.338660860403,8.643598252
580,0.338660860403,8.661010167
590,0.380993467954,8.904348748
600,0.380993467954,9.006130435
610,0.380993467954,9.257582584
620,0.380993467954,9.470803693
630,0.380993467954,9.525205874
640,0.380993467954,9.676560544
650,0.380993467954,9.834548881
660,0.380993467954,10.058064199
670,0.380993467954,10.266457538
680,0.380993467954,10.435575015
690,0.380993467954,10.543683418
700,0.380993467954,10.734232814
710,0.380993467954,10.831660924
720,0.380993467954,10.841013051
730,0.380993467954,11.092152323
740,0.380993467954,11.343871018
750,0.380993467954,11.479959777
760,0.380993467954,11.658555377
770,0.380993467954,11.714565352
780,0.380993467954,11.922093439
790,0.380993467954,12.023064296
800,0.380993467954,12.158143156
810,0.380993467954,12.377234863
820,0.380993467954,12.512519903
830,0.380993467954,12.601032445
840,0.380993467954,12.825606106
850,0.380993467954,12.967144784
860,0.380993467954,13.177023492
870,0.380993467954,13.387010819
880,0.380993467954,13.489094193
890,0.435421106233,13.660856125
900,0.380993467954,13.804221289
910,0.435421106233,13.986307787
920,0.435421106233,14.232610191
930,0.435421106233,14.397680728
940,0.435421106233,14.630142238
950,0.435421106233,14.816660357
960,0.435421106233,14.889712412
970,0.435421106233,15.114930034
980,0.435421106233,15.199340976
990,0.435421106233,15.413072841
1000,0.435421106233,15.631649848
1010,0.435421106233,15.773359734
1020,0.435421106233,16.017952856
1030,0.435421106233,16.156373601
1040,0.435421106233,16.352578
1050,0.435421106233,16.554677292
1060,0.435421106233,16.777476437
1070,0.435421106233,16.967559904
1080,0.435421106233,17.231868463
1090,0.435421106233,17.318838822
1100,0.435421106233,17.490205513
1110,0.435421106233,17.494762187
1120,0.435421106233,17.715008701
1130,0.435421106233,17.83564663
1140,0.435421106233,18.000519515
1150,0.435421106233,18.250984654
1160,0.435421106233,18.320693704
1170,0.435421106233,18.496239123
1180,0.435421106233,18.591182696
1190,0.435421106233,18.847855673
1200,0.435421106233,19.039420937
1210,0.435421106233,19.117590004
1220,0.435421106233,19.232027649
1230,0.435421106233,19.236391876
1240,0.435421106233,19.242243959
1250,0.435421106233,19.33860208
1260,0.435421106233,19.361449378
1270,0.435421106233,19.61642794
1280,0.435421106233,19.723631309
1290,0.435421106233,19.864922847
1300,0.435421106233,19.875226794
1310,0.435421106233,19.878170949
1320,0.435421106233,20.034685749
1330,0.435421106233,20.181455485
1340,0.435421106233,20.368313855
1350,0.435421106233,20.384513381
1360,0.435421106233,20.54952695
1370,0.435421106233,20.778189128
1380,0.435421106233,20.98876004
1390,0.435421106233,21.117321658
1400,0.435421106233,21.321431437
1410,0.435421106233,21.548287423
1420,0.435421106233,21.704659887
1430,0.435421106233,21.920719324
1440,0.435421106233,22.020551045
1450,0.435421106233,22.1438275
1460,0.435421106233,22.311368533
1470,0.435421106233,22.519525029
1480,0.435421106233,22.579514821
1490,0.435421106233,22.620687976
1500,0.435421106233,22.858239137
1510,0.435421106233,23.064916667
1520,0.435421106233,23.284392615
1530,0.435421106233,23.400126223
1540,0.435421106233,23.572475588
1550,0.435421106233,23.742363126
1560,0.435421106233,23.811310463
1570,0.435421106233,24.066642982
1580,0.435421106233,24.232465109
1590,0.435421106233,24.386166788
1600,0.435421106233,24.539902173
1610,0.435421106233,24.561855625
1620,0.435421106233,24.860402118
1630,0.435421106233,25.012515501
1640,0.435421106233,25.121351854
1650,0.435421106233,25.202722111
1660,0.435421106233,25.323282779
1670,0.435421106233,25.521654383
1680,0.435421106233,25.693783607
1690,0.435421106233,25.781376587
1700,0.435421106233,26.003501931
1710,0.435421106233,26.1957321
1720,0.435421106233,26.386230371
1730,0.435421106233,26.492905404
1740,0.507991290605,26.862028276
1750,0.507991290605,26.950324292
1760,0.507991290605,27.161677743
1770,0.507991290605,27.382858944
1780,0.507991290605,27.594654165
1790,0.507991290605,27.665316359
1800,0.507991290605,27.816461201
1810,0.507991290605,27.993942694
1820,0.507991290605,28.124704137
1830,0.507991290605,28.271083082
1840,0.507991290605,28.418361426
1850,0.507991290605,28.58332315
1860,0.507991290605,28.842823947
1870,0.507991290605,29.067802049
1880,0.507991290605,29.255352434
1890,0.507991290605,29.421447148
1900,0.507991290605,29.596067975
1910,0.507991290605,29.85823189
1920,0.507991290605,29.936022014
1930,0.507991290605,30.072401174
1940,0.507991290605,30.319851781
1950,0.507991290605,30.407245186
1960,0.507991290605,30.553516773
1970,0.507991290605,30.572547211
1980,0.507991290605,30.574213213
1990,0.507991290605,30.620143031
2000,0.507991290605,30.773911024
2010,0.507991290605,30.826950813
2020,0.507991290605,30.936378354
2030,0.507991290605,30.999746399
2040,0.507991290605,31.13429381
2050,0.507991290605,31.346327068
2060,0.507991290605,31.529171934
2070,0.507991290605,31.69045539
2080,0.507991290605,31.911182112
2090,0.507991290605,31.924726286
2100,0.507991290605,32.117241074
2110,0.507991290605,32.272168802
2120,0.507991290605,32.47128018
2130,0.507991290605,32.604979952
2140,0.507991290605,32.729718896
2150,0.507991290605,32.832338451
2160,0.507991290605,33.019483478
2170,0.507991290605,33.098629124
2180,0.507991290605,33.318207659
2190,0.507991290605,33.455936537
2200,0.507991290605,33.597323117
2210,0.507991290605,33.813193435
2220,0.507991290605,33.964625284
2230,0.507991290605,33.97553916
2240,0.507991290605,33.977238147
2250,0.507991290605,34.106047651
2260,0.507991290605,34.227672713
2270,0.507991290605,34.377968983
2280,0.507991290605,34.611225681
2290,0.507991290605,34.621652594
2300,0.507991290605,34.757656231
2310,0.507991290605,35.084002318
2320,0.507991290605,35.256527901
2330,0.507991290605,35.371063614
2340,0.507991290605,35.606210099
2350,0.507991290605,35.703377747
2360,0.507991290605,35.934910855
2370,0.507991290605,35.940071412
2380,0.507991290605,36.004419066
2390,0.507991290605,36.127506738
2400,0.507991290605,36.27179892
2410,0.507991290605,36.436690986
2420,0.507991290605,36.526545539
2430,0.507991290605,36.718617204
2440,0.507991290605,36.988740158
2450,0.507991290605,37.176320111
2460,0.507991290605,37.299669506
2470,0.507991290605,37.445868002
2480,0.507991290605,37.627376669
2490,0.507991290605,37.779522487
2500,0.507991290605,37.957798246
2510,0.507991290605,38.120674246
2520,0.507991290605,38.237084697
2530,0.507991290605,38.418719155
2540,0.507991290605,38.608119475
2550,0.507991290605,38.739712786
2560,0.507991290605,39.100132192
2570,0.507991290605,39.24964303
2580,0.507991290605,39.332145772
2590,0.507991290605,39.565335196
2600,0.507991290605,39.769639072
2610,0.507991290605,39.904841409
2620,0.507991290605,39.961204561
2630,0.507991290605,40.089922118
2640,0.507991290605,40.198056339
2650,0.507991290605,40.409283229
2660,0.507991290605,40.542123153
2670,0.507991290605,40.717601554
2680,0.507991290605,40.9021613
2690,0.507991290605,41.089582146
2700,0.507991290605,41.281993882
2710,0.507991290605,41.451730842
2720,0.507991290605,41.551321173
2730,0.507991290605,41.750401838
2740,0.507991290605,41.871694394
2750,0.507991290605,42.11571187
2760,0.507991290605,42.157815013
2770,0.507991290605,42.412356447
2780,0.507991290605,42.547339629
2790,0.507991290605,42.676079204
2800,0.507991290605,42.88647142
2810,0.507991290605,43.046372784
2820,0.507991290605,43.20618824
2830,0.507991290605,43.415405762
2840,0.507991290605,43.597553822
2850,0.507991290605,43.795457083
2860,0.507991290605,44.040422422
2870,0.507991290605,44.253481694
2880,0.507991290605,44.461933962
2890,0.507991290605,44.731626744
2900,0.507991290605,44.852870869
2910,0.507991290605,45.013364499
2920,0.507991290605,45.302002724
2930,0.507991290605,45.421159954
2940,0.507991290605,45.661890198
2950,0.507991290605,45.724515809
2960,0.507991290605,45.916029302
2970,0.507991290605,46.054934789
2980,0.507991290605,46.135641644
2990,0.507991290605,46.293685667
3000,0.507991290605,46.549420627
3010,0.507991290605,46.724429892
3020,0.507991290605,46.748144702
3030,0.507991290605,46.956497162
3040,0.507991290605,47.212847336
3050,0.507991290605,47.434189864
3060,0.507991290605,47.504407502
3070,0.507991290605,47.840909455
3080,0.507991290605,47.985065958
3090,0.507991290605,48.182122004
3100,0.507991290605,48.419826426
3110,0.507991290605,48.541593016
3120,0.507991290605,48.772851105
3130,0.507991290605,48.883847907
3140,0.507991290605,49.095946837
3150,0.507991290605,49.286613304
3160,0.507991290605,49.425492699
3170,0.507991290605,49.704982212
3180,0.507991290605,49.783319637
3190,0.507991290605,49.910626808
3200,0.507991290605,50.141036376
3210,0.507991290605,50.208881396
3220,0.507991290605,50.456211977
3230,0.507991290605,50.656189259
3240,0.507991290605,50.770141093
3250,0.507991290605,50.983138313
3260,0.507991290605,51.227433878
3270,0.507991290605,51.473111875
3280,0.507991290605,51.680732994
3290,0.507991290605,51.864714109
3300,0.507991290605,52.054007337
3310,0.507991290605,52.211741641
3320,0.507991290605,52.339205238
3330,0.507991290605,52.412032496
3340,0.507991290605,52.534329945
3350,0.507991290605,52.699126718
3360,0.507991290605,52.876668489
3370,0.507991290605,53.063430157
3380,0.507991290605,53.244830563
3390,0.507991290605,53.352441392
3400,0.507991290605,53.464882155
3410,0.507991290605,53.597783125
3420,0.507991290605,53.652254346
3430,0.507991290605,53.752044057
3440,0.507991290605,53.877913514
3450,0.507991290605,54.111525682
3460,0.507991290605,54.199772985
3470,0.507991290605,54.215166078
3480,0.507991290605,54.347417218
3490,0.507991290605,54.443538476
3500,0.507991290605,54.669712339
3510,0.507991290605,54.932425699
3520,0.507991290605,55.195986658
3530,0.507991290605,55.328213558
3540,0.507991290605,55.330948317
3550,0.507991290605,55.47439588
3560,0.507991290605,55.643870948
3570,0.507991290605,55.823147607
3580,0.507991290605,55.967845349
3590,0.507991290605,56.147627272
3600,0.507991290605,56.311355504
3610,0.507991290605,56.413778904
3620,0.507991290605,56.635769059
3630,0.507991290605,56.681568594
3640,0.507991290605,56.685182713
3650,0.507991290605,56.913730156
3660,0.507991290605,57.125934891
3670,0.507991290605,57.318803448
3680,0.507991290605,57.454332541
3690,0.507991290605,57.597907822
3700,0.507991290605,57.775403365
3710,0.507991290605,57.914921272
3720,0.507991290605,58.025617705
3730,0.507991290605,58.122730325
3740,0.507991290605,58.208429143
3750,0.507991290605,58.373283792
3760,0.507991290605,58.404414698
3770,0.507991290605,58.675232939
3780,0.507991290605,58.832540787
3790,0.507991290605,58.93582197
3800,0.507991290605,59.016778512
3810,0.507991290605,59.156711196
3820,0.507991290605,59.336219111
3830,0.507991290605,59.466328816
3840,0.507991290605,59.62803182
3850,0.507991290605,59.639938298
3860,0.507991290605,59.879463051
3870,0.507991290605,59.993118417
3880,0.507991290605,60.240606944
3890,0.507991290605,60.413760523
3900,0.507991290605,60.528788182
3910,0.507991290605,60.618831911
3920,0.507991290605,60.723878495
3930,0.507991290605,60.803528207
3940,0.507991290605,60.813142162
3950,0.507991290605,60.954027117
3960,0.507991290605,60.957892078
3970,0.507991290605,61.064383816
3980,0.507991290605,61.170620271
3990,0.507991290605,61.328166312
4000,0.507991290605,61.42453815
