iterations,fitness,time
0,0.150241987101,0.084094998
10,0.158149460106,0.28804425
20,0.158149460106,0.468231345
30,0.158149460106,0.694261002
40,0.158149460106,0.946291988
50,0.150241987101,1.096871251
60,0.150241987101,1.329424777
70,0.158149460106,1.607585153
80,0.158149460106,1.813529641
90,0.166935541223,1.992990452
100,0.176755278942,2.19240707
110,0.166935541223,2.486556103
120,0.166935541223,2.737047827
130,0.166935541223,3.096853331
140,0.158149460106,3.305860223
150,0.166935541223,3.704209573
160,0.166935541223,3.793865068
170,0.166935541223,4.133079271
180,0.176755278942,4.397230488
190,0.176755278942,4.650910471
200,0.176755278942,5.049953603
210,0.200322649468,5.141454582
220,0.200322649468,5.44229136
230,0.200322649468,5.531670443
240,0.200322649468,5.820183459
250,0.200322649468,6.053749475
260,0.200322649468,6.237136434
270,0.200322649468,6.468953331
280,0.200322649468,6.683292917
290,0.214631410144,6.966024097
300,0.187802483876,7.168629551
310,0.187802483876,7.416773556
320,0.187802483876,7.70216895
330,0.187802483876,7.923222062
340,0.187802483876,8.223323732
350,0.187802483876,8.529618429
360,0.187802483876,8.734636428
370,0.200322649468,8.99388981
380,0.200322649468,9.216046031
390,0.200322649468,9.418406142
400,0.200322649468,9.665799001
410,0.214631410144,9.865016454
420,0.200322649468,10.064224207
430,0.231141518617,10.29318003
440,0.214631410144,10.538961779
450,0.200322649468,10.765004096
460,0.200322649468,10.956134762
470,0.214631410144,11.137552782
480,0.214631410144,11.24238579
490,0.231141518617,11.458971112
500,0.231141518617,11.702293905
510,0.231141518617,11.880619607
520,0.250403311835,12.211125947
530,0.250403311835,12.425285226
540,0.231141518617,12.546169403
550,0.250403311835,12.572960759
560,0.250403311835,12.604470926
570,0.250403311835,12.883417672
580,0.250403311835,13.215025377
590,0.273167249274,13.407026554
600,0.273167249274,13.706207415
610,0.300483974202,13.857824826
620,0.300483974202,13.897113196
630,0.273167249274,14.180301239
640,0.273167249274,14.284584003
650,0.273167249274,14.699622585
660,0.273167249274,14.980155456
670,0.273167249274,15.16997559
680,0.273167249274,15.531672184
690,0.273167249274,15.767374902
700,0.273167249274,15.928893528
710,0.300483974202,16.195007111
720,0.273167249274,16.478572722
730,0.273167249274,16.832090447
740,0.300483974202,17.087481691
750,0.273167249274,17.46265076
760,0.273167249274,17.69230835
770,0.300483974202,17.997126443
780,0.300483974202,18.198596437
790,0.300483974202,18.458468065
800,0.300483974202,18.680515826
810,0.300483974202,18.926001448
820,0.300483974202,19.209502422
830,0.300483974202,19.523376021
840,0.300483974202,19.73950624
850,0.300483974202,20.03387874
860,0.300483974202,20.235174609
870,0.300483974202,20.363396231
880,0.300483974202,20.694350324
890,0.300483974202,20.853537477
900,0.300483974202,21.242970451
910,0.300483974202,21.498411856
920,0.300483974202,21.722997926
930,0.300483974202,21.955959169
940,0.300483974202,22.106180014
950,0.300483974202,22.441820628
960,0.300483974202,22.703759969
970,0.300483974202,22.87024698
980,0.300483974202,23.053029428
990,0.333871082446,23.349296889
1000,0.300483974202,23.685315183
1010,0.300483974202,23.998199829
1020,0.300483974202,24.375324639
1030,0.300483974202,24.561122955
1040,0.333871082446,24.927026939
1050,0.300483974202,25.125771085
1060,0.300483974202,25.444361053
1070,0.333871082446,25.649502661
1080,0.300483974202,26.001692277
1090,0.300483974202,26.278172433
1100,0.300483974202,26.540679296
1110,0.300483974202,26.860789465
1120,0.333871082446,27.13528784
1130,0.300483974202,27.334617877
1140,0.300483974202,27.641997662
1150,0.273167249274,27.899637924
1160,0.273167249274,28.147177807
1170,0.273167249274,28.280260855
1180,0.273167249274,28.553738619
1190,0.273167249274,28.618655828
1200,0.273167249274,28.964825917
1210,0.273167249274,29.1865323
1220,0.273167249274,29.408868995
1230,0.273167249274,29.502376696
1240,0.273167249274,29.865738822
1250,0.273167249274,30.12023964
1260,0.273167249274,30.401848699
1270,0.273167249274,30.756266821
1280,0.273167249274,30.783418022
1290,0.273167249274,30.800071419
1300,0.273167249274,31.334971259
1310,0.273167249274,31.539775781
1320,0.273167249274,31.789072721
1330,0.273167249274,32.0392992
1340,0.273167249274,32.291294538
1350,0.273167249274,32.551052788
1360,0.273167249274,32.689965941
1370,0.273167249274,32.913283766
1380,0.273167249274,33.129945963
1390,0.273167249274,33.153464323
1400,0.300483974202,33.492651573
1410,0.300483974202,33.783423651
1420,0.300483974202,33.83622812
1430,0.300483974202,33.901967533
1440,0.300483974202,34.142629906
1450,0.273167249274,34.383000113
1460,0.273167249274,34.650655223
1470,0.273167249274,34.809063305
1480,0.273167249274,35.057729313
1490,0.273167249274,35.260360244
1500,0.273167249274,35.490182221
1510,0.273167249274,35.646820377
1520,0.273167249274,35.656179933
1530,0.273167249274,35.659826563
1540,0.273167249274,35.662300869
1550,0.273167249274,35.752149748
1560,0.273167249274,35.99399582
1570,0.273167249274,36.230185295
1580,0.273167249274,36.436155099
1590,0.300483974202,36.629033598
1600,0.273167249274,36.771212179
1610,0.273167249274,36.920820966
1620,0.273167249274,37.100295755
1630,0.300483974202,37.320529495
1640,0.273167249274,37.405789631
1650,0.273167249274,37.569089832
1660,0.273167249274,37.789106242
1670,0.273167249274,37.989353111
1680,0.300483974202,38.144751173
1690,0.273167249274,38.428144692
1700,0.273167249274,38.574688384
1710,0.273167249274,38.766584085
1720,0.273167249274,38.905751315
1730,0.273167249274,39.06211375
1740,0.273167249274,39.19378392
1750,0.273167249274,39.36763596
1760,0.300483974202,39.502956626
1770,0.300483974202,39.608558698
1780,0.300483974202,39.821077449
1790,0.273167249274,39.951082809
1800,0.273167249274,40.083827464
1810,0.273167249274,40.295166608
1820,0.273167249274,40.437939348
1830,0.300483974202,40.579528125
1840,0.300483974202,40.82517129
1850,0.300483974202,41.015838625
1860,0.300483974202,41.210821115
1870,0.300483974202,41.392503641
1880,0.300483974202,41.543492858
1890,0.300483974202,41.690943029
1900,0.300483974202,41.804693127
1910,0.300483974202,42.030912726
1920,0.300483974202,42.260495446
1930,0.300483974202,42.414801037
1940,0.333871082446,42.589625051
1950,0.333871082446,42.590853425
1960,0.333871082446,42.601493543
1970,0.333871082446,42.758002549
1980,0.333871082446,42.946535984
1990,0.333871082446,43.049662567
2000,0.333871082446,43.295578936
2010,0.333871082446,43.451873564
2020,0.333871082446,43.610882831
2030,0.333871082446,43.787194679
2040,0.333871082446,43.923933632
2050,0.333871082446,44.135888158
2060,0.333871082446,44.322688577
2070,0.333871082446,44.471052549
2080,0.333871082446,44.636833881
2090,0.333871082446,44.854942427
2100,0.333871082446,45.071084005
2110,0.333871082446,45.242338886
2120,0.333871082446,45.405878984
2130,0.333871082446,45.622867453
2140,0.333871082446,45.754836648
2150,0.333871082446,45.917656805
2160,0.333871082446,46.108037324
2170,0.333871082446,46.324625013
2180,0.333871082446,46.521269937
2190,0.333871082446,46.727114976
2200,0.333871082446,46.903395437
2210,0.333871082446,47.104859839
2220,0.333871082446,47.327008592
2230,0.333871082446,47.48700227
2240,0.333871082446,47.671806781
2250,0.333871082446,47.872734329
2260,0.333871082446,48.050294443
2270,0.333871082446,48.194290993
2280,0.333871082446,48.401192941
2290,0.333871082446,48.594895653
2300,0.333871082446,48.772720276
2310,0.333871082446,48.963317461
2320,0.333871082446,49.125699433
2330,0.333871082446,49.262891836
2340,0.333871082446,49.4575878
2350,0.333871082446,49.647383751
2360,0.333871082446,49.809653707
2370,0.333871082446,49.998770534
2380,0.333871082446,50.195356348
2390,0.333871082446,50.376956531
2400,0.333871082446,50.565921373
2410,0.333871082446,50.745461415
2420,0.333871082446,50.933624514
2430,0.375604967752,51.106184109
2440,0.375604967752,51.327969774
2450,0.375604967752,51.469239553
2460,0.375604967752,51.698068596
2470,0.375604967752,51.8892185
2480,0.375604967752,52.081608388
2490,0.375604967752,52.291445786
2500,0.375604967752,52.491055989
2510,0.375604967752,52.648628858
2520,0.375604967752,52.838993708
2530,0.375604967752,52.981586406
2540,0.375604967752,53.159643883
2550,0.375604967752,53.375062815
2560,0.375604967752,53.530475517
2570,0.375604967752,53.737992943
2580,0.375604967752,53.869241177
2590,0.375604967752,54.028293781
2600,0.375604967752,54.205592533
2610,0.375604967752,54.388791846
2620,0.375604967752,54.589418124
2630,0.375604967752,54.797945008
2640,0.375604967752,54.917607812
2650,0.375604967752,55.136737914
2660,0.375604967752,55.303232802
2670,0.375604967752,55.442172625
2680,0.375604967752,55.626662279
2690,0.375604967752,55.731577298
2700,0.375604967752,55.938114742
2710,0.375604967752,56.097111785
2720,0.375604967752,56.24037105
2730,0.375604967752,56.404145029
2740,0.375604967752,56.601686322
2750,0.375604967752,56.733203202
2760,0.375604967752,56.874075565
2770,0.375604967752,56.996868929
2780,0.375604967752,57.128925651
2790,0.375604967752,57.249862273
2800,0.375604967752,57.327647147
2810,0.375604967752,57.420381986
2820,0.375604967752,57.487502703
2830,0.375604967752,57.584465423
2840,0.375604967752,57.66105277
2850,0.375604967752,57.734216242
2860,0.375604967752,57.750068736
2870,0.375604967752,57.880021254
2880,0.375604967752,57.969486083
2890,0.375604967752,58.043832348
2900,0.375604967752,58.123973504
2910,0.375604967752,58.21175123
2920,0.375604967752,58.281321771
2930,0.375604967752,58.375511888
2940,0.375604967752,58.451174002
2950,0.375604967752,58.537962955
2960,0.375604967752,58.635731423
2970,0.375604967752,58.722704986
2980,0.375604967752,58.790939699
2990,0.375604967752,58.876865135
3000,0.375604967752,58.965332127
3010,0.375604967752,59.055621381
3020,0.375604967752,59.116560162
3030,0.375604967752,59.217202157
3040,0.375604967752,59.307694674
3050,0.375604967752,59.401661983
3060,0.375604967752,59.459954145
3070,0.375604967752,59.561298611
3080,0.375604967752,59.638489967
3090,0.375604967752,59.709735758
3100,0.375604967752,59.76817686
3110,0.375604967752,59.868066798
3120,0.375604967752,59.94419689
3130,0.375604967752,60.040860863
3140,0.375604967752,60.122277661
3150,0.375604967752,60.217794946
3160,0.375604967752,60.251744814
3170,0.375604967752,60.386496546
3180,0.375604967752,60.416884791
3190,0.375604967752,60.440832915
3200,0.375604967752,60.556078622
3210,0.375604967752,60.634145701
3220,0.375604967752,60.698718143
3230,0.375604967752,60.80799229
3240,0.375604967752,60.876414505
3250,0.375604967752,60.953502612
3260,0.429262820288,61.03437796
3270,0.375604967752,61.146446563
3280,0.375604967752,61.246662387
3290,0.375604967752,61.334093658
3300,0.375604967752,61.394652509
3310,0.375604967752,61.456598271
3320,0.375604967752,61.561767055
3330,0.375604967752,61.655904658
3340,0.375604967752,61.745420207
3350,0.375604967752,61.860904007
3360,0.375604967752,61.960711633
3370,0.375604967752,62.045323866
3380,0.375604967752,62.126788806
3390,0.375604967752,62.226070773
3400,0.375604967752,62.310962799
3410,0.375604967752,62.394780844
3420,0.375604967752,62.4951206
3430,0.375604967752,62.561286863
3440,0.375604967752,62.645560763
3450,0.375604967752,62.740560104
3460,0.375604967752,62.83840129
3470,0.375604967752,62.926832758
3480,0.375604967752,63.005412951
3490,0.375604967752,63.108332476
3500,0.375604967752,63.198381962
3510,0.375604967752,63.294743182
3520,0.375604967752,63.392628255
3530,0.375604967752,63.494397516
3540,0.375604967752,63.588417283
3550,0.375604967752,63.684010523
3560,0.375604967752,63.766408253
3570,0.375604967752,63.84863642
3580,0.375604967752,63.918934925
3590,0.375604967752,64.013202512
3600,0.429262820288,64.088639546
3610,0.375604967752,64.178258336
3620,0.375604967752,64.242085866
3630,0.375604967752,64.337583792
3640,0.375604967752,64.429295735
3650,0.375604967752,64.531212746
3660,0.375604967752,64.635265424
3670,0.375604967752,64.729383346
3680,0.375604967752,64.828697053
3690,0.375604967752,64.916555107
3700,0.375604967752,65.017771105
3710,0.375604967752,65.094935289
3720,0.375604967752,65.216168179
3730,0.375604967752,65.246829038
3740,0.429262820288,65.314620784
3750,0.429262820288,65.33966177
3760,0.429262820288,65.472855171
3770,0.429262820288,65.567170175
3780,0.429262820288,65.657477686
3790,0.429262820288,65.755121336
3800,0.429262820288,65.85704243
3810,0.429262820288,65.940609488
3820,0.429262820288,66.035538715
3830,0.500806623669,66.122688102
3840,0.429262820288,66.172228948
3850,0.429262820288,66.308852113
3860,0.429262820288,66.385263935
3870,0.429262820288,66.450844447
3880,0.429262820288,66.545240957
3890,0.429262820288,66.618497789
3900,0.429262820288,66.733876369
3910,0.500806623669,66.827596566
3920,0.500806623669,66.911542658
3930,0.500806623669,66.980433676
3940,0.500806623669,67.074001229
3950,0.500806623669,67.116966076
3960,0.500806623669,67.193757009
3970,0.500806623669,67.252794542
3980,0.500806623669,67.32460211
3990,0.500806623669,67.410458922
4000,0.500806623669,67.458024271
