iterations,fitness,time
0,0.145140368744,0.065540992
10,0.152397387182,0.381337607
20,0.179291043743,0.397074826
30,0.190496733977,0.413301854
40,0.190496733977,0.428733345
50,0.217710553116,0.923683433
60,0.217710553116,1.140130037
70,0.234457518741,1.377236194
80,0.234457518741,1.702041898
90,0.234457518741,2.054688109
100,0.234457518741,2.078132674
110,0.253995645303,2.112384278
120,0.253995645303,2.191902285
130,0.253995645303,2.205347791
140,0.234457518741,2.423968555
150,0.253995645303,2.72350603
160,0.253995645303,2.978382771
170,0.277086158512,3.293886715
180,0.253995645303,3.584662513
190,0.277086158512,3.72371121
200,0.304794774363,4.078273728
210,0.253995645303,4.276900711
220,0.253995645303,4.396582281
230,0.253995645303,4.568767054
240,0.277086158512,4.773219689
250,0.277086158512,5.080973307
260,0.304794774363,5.342232839
270,0.277086158512,5.599997443
280,0.277086158512,5.822393739
290,0.277086158512,5.952344881
300,0.277086158512,6.424595154
310,0.277086158512,6.749967649
320,0.277086158512,6.766595017
330,0.277086158512,7.212810259
340,0.277086158512,7.469259169
350,0.277086158512,7.473231641
360,0.277086158512,7.765744099
370,0.277086158512,8.01375336
380,0.304794774363,8.302466483
390,0.304794774363,8.650980885
400,0.304794774363,9.02722797
410,0.304794774363,9.350413497
420,0.304794774363,9.625218478
430,0.304794774363,9.784843098
440,0.304794774363,9.940389406
450,0.304794774363,9.958827476
460,0.304794774363,10.332817011
470,0.304794774363,10.353030979
480,0.304794774363,10.73606586
490,0.338660860403,10.831776348
500,0.380993467954,10.997565572
510,0.380993467954,11.213909589
520,0.380993467954,11.479994798
530,0.380993467954,11.767206067
540,0.380993467954,12.051980532
550,0.380993467954,12.268892815
560,0.380993467954,12.516722473
570,0.380993467954,12.871755066
580,0.380993467954,13.111616832
590,0.380993467954,13.49118363
600,0.380993467954,13.809488245
610,0.380993467954,14.218623177
620,0.380993467954,14.505400793
630,0.338660860403,14.853971522
640,0.338660860403,14.951915516
650,0.380993467954,15.304006746
660,0.380993467954,15.615083899
670,0.380993467954,15.909301024
680,0.380993467954,16.214199394
690,0.380993467954,16.492017492
700,0.380993467954,16.636831015
710,0.380993467954,16.939980084
720,0.380993467954,17.320336955
730,0.380993467954,17.458039617
740,0.380993467954,17.866846248
750,0.380993467954,18.238241394
760,0.380993467954,18.402415902
770,0.380993467954,18.686873352
780,0.380993467954,18.71746207
790,0.380993467954,19.146802757
800,0.380993467954,19.532443115
810,0.380993467954,19.724271283
820,0.380993467954,19.920562887
830,0.380993467954,19.95148495
840,0.380993467954,20.191150097
850,0.380993467954,20.516387491
860,0.380993467954,20.676819328
870,0.380993467954,21.00061319
880,0.380993467954,21.249671189
890,0.380993467954,21.527724074
900,0.380993467954,21.767620718
910,0.380993467954,22.049726326
920,0.380993467954,22.127746706
930,0.380993467954,22.518259504
940,0.380993467954,22.769352352
950,0.380993467954,23.088553533
960,0.380993467954,23.323302787
970,0.380993467954,23.663206674
980,0.380993467954,23.866736379
990,0.380993467954,24.151103324
1000,0.380993467954,24.527964325
1010,0.380993467954,24.84018177
1020,0.380993467954,25.111808167
1030,0.380993467954,25.437553018
1040,0.380993467954,25.748547418
1050,0.380993467954,25.97177588
1060,0.380993467954,26.138337331
1070,0.380993467954,26.260353683
1080,0.338660860403,26.524129373
1090,0.304794774363,26.795646445
1100,0.304794774363,27.15543176
1110,0.304794774363,27.441233177
1120,0.304794774363,27.702704601
1130,0.304794774363,28.046903441
1140,0.304794774363,28.268000539
1150,0.304794774363,28.62352532
1160,0.253995645303,28.991519036
1170,0.253995645303,29.376506982
1180,0.277086158512,29.643442228
1190,0.277086158512,29.860898121
1200,0.277086158512,30.283871299
1210,0.277086158512,30.497202275
1220,0.253995645303,30.760532324
1230,0.253995645303,31.022009733
1240,0.253995645303,31.272328294
1250,0.253995645303,31.540307554
1260,0.253995645303,32.029220077
1270,0.277086158512,32.297687579
1280,0.253995645303,32.663062158
1290,0.277086158512,33.046338902
1300,0.277086158512,33.314548862
1310,0.253995645303,33.486218439
1320,0.253995645303,33.731543344
1330,0.277086158512,33.982199566
1340,0.277086158512,34.165951079
1350,0.277086158512,34.300204939
1360,0.277086158512,34.520639189
1370,0.277086158512,34.561472291
1380,0.277086158512,34.603542929
1390,0.304794774363,34.908332115
1400,0.304794774363,35.186467905
1410,0.304794774363,35.491081294
1420,0.304794774363,35.762078206
1430,0.304794774363,36.142422115
1440,0.304794774363,36.456621539
1450,0.304794774363,36.865918915
1460,0.304794774363,37.113306775
1470,0.304794774363,37.418670608
1480,0.338660860403,37.779335659
1490,0.304794774363,38.088036222
1500,0.304794774363,38.464783631
1510,0.304794774363,38.689047014
1520,0.277086158512,38.93618611
1530,0.277086158512,39.077724196
1540,0.277086158512,39.398878123
1550,0.277086158512,39.657780302
1560,0.277086158512,39.999498671
1570,0.277086158512,40.279390394
1580,0.277086158512,40.41539721
1590,0.277086158512,40.623670848
1600,0.277086158512,40.898834679
1610,0.304794774363,41.088448624
1620,0.304794774363,41.315794558
1630,0.253995645303,41.641594987
1640,0.253995645303,41.886725584
1650,0.253995645303,42.238120486
1660,0.253995645303,42.549375091
1670,0.253995645303,42.994215488
1680,0.234457518741,43.190481206
1690,0.234457518741,43.529326167
1700,0.234457518741,43.942244198
1710,0.234457518741,44.187601065
1720,0.253995645303,44.413073156
1730,0.234457518741,44.534837703
1740,0.234457518741,44.79721195
1750,0.217710553116,45.047843514
1760,0.217710553116,45.413311596
1770,0.217710553116,45.633384179
1780,0.217710553116,45.968094706
1790,0.217710553116,46.414395376
1800,0.217710553116,46.668685065
1810,0.217710553116,47.004005468
1820,0.217710553116,47.364884268
1830,0.203196516242,47.646534815
1840,0.203196516242,47.96263229
1850,0.203196516242,48.25914762
1860,0.203196516242,48.670510029
1870,0.217710553116,48.98916137
1880,0.203196516242,49.119254576
1890,0.203196516242,49.386289262
1900,0.217710553116,49.627154746
1910,0.217710553116,49.816486755
1920,0.217710553116,50.09080459
1930,0.217710553116,50.415339022
1940,0.234457518741,50.627149053
1950,0.234457518741,50.952271265
1960,0.234457518741,51.172647148
1970,0.253995645303,51.568616926
1980,0.253995645303,52.036041596
1990,0.234457518741,52.40462114
2000,0.234457518741,52.682432416
2010,0.234457518741,52.989667211
2020,0.234457518741,53.176053883
2030,0.253995645303,53.377711613
2040,0.253995645303,53.687191878
2050,0.253995645303,53.934921503
2060,0.234457518741,54.336978115
2070,0.234457518741,54.764827935
2080,0.253995645303,54.916281539
2090,0.253995645303,55.16494582
2100,0.234457518741,55.331067131
2110,0.234457518741,55.670343628
2120,0.234457518741,56.012846755
2130,0.234457518741,56.12028143
2140,0.253995645303,56.42572025
2150,0.277086158512,56.768455206
2160,0.253995645303,57.043570108
2170,0.253995645303,57.213997374
2180,0.253995645303,57.379558468
2190,0.253995645303,57.548673463
2200,0.277086158512,57.95988173
2210,0.277086158512,58.300461496
2220,0.277086158512,58.57283304
2230,0.277086158512,58.676200265
2240,0.277086158512,59.028096771
2250,0.253995645303,59.319911983
2260,0.277086158512,59.67107163
2270,0.277086158512,60.002155323
2280,0.304794774363,60.017231866
2290,0.277086158512,60.17714374
2300,0.277086158512,60.441147054
2310,0.304794774363,60.716867723
2320,0.304794774363,60.837340541
2330,0.304794774363,60.960027456
2340,0.304794774363,61.282936536
2350,0.304794774363,61.335698761
2360,0.338660860403,61.514213491
2370,0.338660860403,61.811148503
2380,0.304794774363,61.97756408
2390,0.304794774363,62.146775872
2400,0.304794774363,62.342195323
2410,0.304794774363,62.455879536
2420,0.304794774363,62.676049441
2430,0.304794774363,62.771055378
2440,0.304794774363,62.972975979
2450,0.304794774363,63.115414443
2460,0.338660860403,63.317319405
2470,0.338660860403,63.410184682
2480,0.304794774363,63.539694123
2490,0.277086158512,63.768179407
2500,0.277086158512,63.858185732
2510,0.277086158512,63.978944354
2520,0.277086158512,64.147231192
2530,0.277086158512,64.386968882
2540,0.304794774363,64.537775346
2550,0.304794774363,64.701906825
2560,0.304794774363,64.783843075
2570,0.277086158512,64.996513326
2580,0.277086158512,65.166827516
2590,0.277086158512,65.426408016
2600,0.277086158512,65.637201346
2610,0.277086158512,65.741181248
2620,0.304794774363,65.902764071
2630,0.304794774363,65.906205911
2640,0.304794774363,66.191784791
2650,0.277086158512,66.412751136
2660,0.277086158512,66.545323535
2670,0.277086158512,66.78057802
2680,0.304794774363,66.928606671
2690,0.304794774363,67.106062153
2700,0.277086158512,67.226411824
2710,0.277086158512,67.30530071
2720,0.277086158512,67.475796129
2730,0.277086158512,67.699563162
2740,0.338660860403,67.80054378
2750,0.338660860403,68.043912487
2760,0.380993467954,68.171516974
2770,0.380993467954,68.316993118
2780,0.435421106233,68.426430724
2790,0.380993467954,68.635940976
2800,0.380993467954,68.702420714
2810,0.435421106233,68.839403613
2820,0.435421106233,69.195551
2830,0.435421106233,69.315902382
2840,0.507991290605,69.493735413
2850,0.435421106233,69.634576042
2860,0.507991290605,69.7671713
2870,0.507991290605,69.771672164
2880,0.507991290605,69.955913636
2890,0.507991290605,70.014214733
2900,0.507991290605,70.224149954
2910,0.507991290605,70.227124894
2920,0.507991290605,70.33445498
2930,0.507991290605,70.484235814
2940,0.507991290605,70.771543006
2950,0.507991290605,71.052610143
2960,0.507991290605,71.16618381
2970,0.507991290605,71.322346412
2980,0.507991290605,71.510857844
2990,0.609589548726,71.70787132
3000,0.609589548726,71.930334961
3010,0.609589548726,72.042993026
3020,0.609589548726,72.180839864
3030,0.609589548726,72.274367676
3040,0.609589548726,72.440843326
3050,0.609589548726,72.678708327
3060,0.609589548726,72.793684035
3070,0.609589548726,72.962718126
3080,0.609589548726,73.152107207
3090,0.609589548726,73.360721809
3100,0.609589548726,73.370303002
3110,0.609589548726,73.478137071
3120,0.609589548726,73.700765854
3130,0.609589548726,73.837895885
3140,0.609589548726,74.002533736
3150,0.609589548726,74.013131284
3160,0.609589548726,74.226299467
3170,0.609589548726,74.521696256
3180,0.609589548726,74.758658865
3190,0.609589548726,74.897676635
3200,0.609589548726,75.052157722
3210,0.609589548726,75.225807378
3220,0.609589548726,75.432230068
3230,0.609589548726,75.518394343
3240,0.609589548726,75.522978915
3250,0.609589548726,75.576901264
3260,0.609589548726,75.75746711
3270,0.609589548726,75.76402045
3280,0.609589548726,75.879920583
3290,0.609589548726,76.123354964
3300,0.609589548726,76.254062444
3310,0.609589548726,76.581607099
3320,0.609589548726,76.790828112
3330,0.609589548726,76.990218529
3340,0.609589548726,77.046589184
3350,0.609589548726,77.18582192
3360,0.609589548726,77.255752673
3370,0.609589548726,77.452892248
3380,0.609589548726,77.46139844
3390,0.609589548726,77.674339176
3400,0.609589548726,77.794269153
3410,0.609589548726,77.942903083
3420,0.609589548726,78.01121334
3430,0.609589548726,78.232311311
3440,0.609589548726,78.436988003
3450,0.609589548726,78.629874702
3460,0.609589548726,78.810606743
3470,0.609589548726,78.915070226
3480,0.609589548726,79.053312705
3490,0.609589548726,79.215397674
3500,0.609589548726,79.336867889
3510,0.609589548726,79.413011144
3520,0.609589548726,79.632501677
3530,0.609589548726,79.725814372
3540,0.609589548726,79.850849903
3550,0.609589548726,80.006357019
3560,0.609589548726,80.248763578
3570,0.609589548726,80.500837257
3580,0.609589548726,80.71509605
3590,0.609589548726,80.996145026
3600,0.609589548726,81.115924795
3610,0.609589548726,81.292933989
3620,0.609589548726,81.496584572
3630,0.609589548726,81.667602807
3640,0.609589548726,81.859258025
3650,0.609589548726,82.087731074
3660,0.609589548726,82.297964371
3670,0.609589548726,82.498685419
3680,0.609589548726,82.654892856
3690,0.609589548726,82.819581484
3700,0.609589548726,82.934530721
3710,0.609589548726,83.189323677
3720,0.609589548726,83.347444066
3730,0.609589548726,83.422455838
3740,0.609589548726,83.578414316
3750,0.609589548726,83.915293862
3760,0.609589548726,84.229222841
3770,0.609589548726,84.440957798
3780,0.609589548726,84.583306379
3790,0.609589548726,84.788401575
3800,0.609589548726,84.907466473
3810,0.609589548726,84.986319952
3820,0.609589548726,85.229125623
3830,0.609589548726,85.327981955
3840,0.609589548726,85.560001531
3850,0.609589548726,85.771009614
3860,0.609589548726,86.008695166
3870,0.609589548726,86.076586147
3880,0.609589548726,86.313836526
3890,0.609589548726,86.328441296
3900,0.609589548726,86.602027638
3910,0.609589548726,86.793598749
3920,0.609589548726,86.840146718
3930,0.609589548726,87.114525352
3940,0.609589548726,87.374970503
3950,0.609589548726,87.542974665
3960,0.609589548726,87.756964273
3970,0.609589548726,87.945008254
3980,0.609589548726,88.198920929
3990,0.609589548726,88.318927855
4000,0.609589548726,88.514007917
