iterations,fitness,time
0,0.049947311521,0.008874
10,0.0475688681152,0.02555613
20,0.0475688681152,0.043105262
30,0.0475688681152,0.065479004
40,0.0475688681152,0.083443173
50,0.049947311521,0.099742635
60,0.049947311521,0.1209271
70,0.049947311521,0.13521999
80,0.0454066468372,0.151669926
90,0.0475688681152,0.166273477
100,0.0525761173905,0.18043663
110,0.049947311521,0.196852871
120,0.0475688681152,0.24499174
130,0.0475688681152,0.260275412
140,0.049947311521,0.282923629
150,0.0475688681152,0.289595039
160,0.0475688681152,0.303557496
170,0.0475688681152,0.305656844
180,0.0454066468372,0.316957044
190,0.0475688681152,0.327228968
200,0.049947311521,0.36633867
210,0.0525761173905,0.394455123
220,0.0475688681152,0.407218857
230,0.0475688681152,0.426005482
240,0.049947311521,0.429410578
250,0.0525761173905,0.438394994
260,0.0525761173905,0.445190547
270,0.0525761173905,0.464118626
280,0.0525761173905,0.487436566
290,0.0554970128011,0.490666709
300,0.0554970128011,0.493521834
310,0.0554970128011,0.501997085
320,0.0624341394012,0.550889685
330,0.0554970128011,0.556794323
340,0.0554970128011,0.563868885
350,0.0624341394012,0.583422423
360,0.0587615429658,0.5901197
370,0.0587615429658,0.600786256
380,0.0587615429658,0.61470555
390,0.0587615429658,0.630136401
400,0.0587615429658,0.652473793
410,0.0587615429658,0.667071181
420,0.0587615429658,0.679985731
430,0.0624341394012,0.697868388
440,0.0665964153613,0.716952418
450,0.0665964153613,0.732237812
460,0.0665964153613,0.738047321
470,0.0665964153613,0.75297463
480,0.0665964153613,0.757175662
490,0.0713533021728,0.785810635
500,0.0665964153613,0.795898253
510,0.0665964153613,0.833026096
520,0.0713533021728,0.839610616
530,0.0713533021728,0.860703819
540,0.0713533021728,0.869331009
550,0.0768420177246,0.884554077
560,0.0768420177246,0.891316183
570,0.0832455192016,0.908568215
580,0.0832455192016,0.922146956
590,0.0832455192016,0.930469567
600,0.0832455192016,0.954781451
610,0.0832455192016,0.965951724
620,0.0832455192016,0.977131518
630,0.0768420177246,0.994811
640,0.0768420177246,1.001453637
650,0.0832455192016,1.011065347
660,0.0832455192016,1.039090172
670,0.0832455192016,1.057355851
680,0.0908132936745,1.066782906
690,0.0832455192016,1.085476772
700,0.0832455192016,1.104313357
710,0.0832455192016,1.120684238
720,0.0908132936745,1.143774989
730,0.0832455192016,1.16254739
740,0.0832455192016,1.167817318
750,0.0832455192016,1.17939155
760,0.0908132936745,1.200967782
770,0.0908132936745,1.223970223
780,0.0908132936745,1.238145068
790,0.0908132936745,1.261630933
800,0.0908132936745,1.278380065
810,0.0908132936745,1.287327724
820,0.0998946230419,1.30923388
830,0.0998946230419,1.328309608
840,0.0908132936745,1.348248816
850,0.0998946230419,1.35862887
860,0.0998946230419,1.387470704
870,0.0998946230419,1.398319812
880,0.0998946230419,1.420917982
890,0.0998946230419,1.436032588
900,0.0998946230419,1.447991993
910,0.0998946230419,1.473748269
920,0.110994025602,1.491573376
930,0.110994025602,1.509061058
940,0.110994025602,1.529532215
950,0.110994025602,1.545052352
960,0.110994025602,1.558365748
970,0.124868278802,1.58381629
980,0.110994025602,1.596732335
990,0.110994025602,1.608943617
1000,0.110994025602,1.631761314
1010,0.124868278802,1.649698327
1020,0.124868278802,1.671109038
1030,0.124868278802,1.685852319
1040,0.124868278802,1.704887353
1050,0.124868278802,1.734193834
1060,0.124868278802,1.750263155
1070,0.124868278802,1.765987311
1080,0.124868278802,1.788371267
1090,0.124868278802,1.81568547
1100,0.124868278802,1.835686755
1110,0.124868278802,1.842277448
1120,0.124868278802,1.852069082
1130,0.124868278802,1.870716879
1140,0.124868278802,1.88785852
1150,0.124868278802,1.893739904
1160,0.142706604346,1.898905341
1170,0.124868278802,1.904657606
1180,0.124868278802,1.927732891
1190,0.142706604346,1.957888981
1200,0.142706604346,1.975366153
1210,0.142706604346,1.981106072
1220,0.142706604346,1.997032674
1230,0.142706604346,2.020147082
1240,0.142706604346,2.032754199
1250,0.142706604346,2.038910594
1260,0.142706604346,2.063076669
1270,0.142706604346,2.081486801
1280,0.142706604346,2.093009839
1290,0.142706604346,2.127132664
1300,0.142706604346,2.144978951
1310,0.142706604346,2.154682584
1320,0.142706604346,2.171521562
1330,0.142706604346,2.191234868
1340,0.142706604346,2.196980872
1350,0.142706604346,2.223374145
1360,0.142706604346,2.241965979
1370,0.142706604346,2.248681607
1380,0.142706604346,2.274356404
1390,0.142706604346,2.282133098
1400,0.142706604346,2.314160174
1410,0.142706604346,2.3284239
1420,0.142706604346,2.335559554
1430,0.142706604346,2.355369207
1440,0.142706604346,2.380614834
1450,0.142706604346,2.403568882
1460,0.142706604346,2.420007852
1470,0.142706604346,2.444405261
1480,0.142706604346,2.466956339
1490,0.142706604346,2.49317366
1500,0.166491038403,2.51204393
1510,0.166491038403,2.539570348
1520,0.166491038403,2.56059628
1530,0.166491038403,2.568925022
1540,0.166491038403,2.574335204
1550,0.166491038403,2.592662225
1560,0.166491038403,2.609225051
1570,0.166491038403,2.631617673
1580,0.166491038403,2.659476308
1590,0.166491038403,2.68231995
1600,0.166491038403,2.70873492
1610,0.166491038403,2.731463444
1620,0.166491038403,2.756777728
1630,0.166491038403,2.775833351
1640,0.166491038403,2.794570902
1650,0.166491038403,2.82083393
1660,0.166491038403,2.832415435
1670,0.166491038403,2.849337648
1680,0.166491038403,2.862637827
1690,0.166491038403,2.874794365
1700,0.166491038403,2.908184463
1710,0.166491038403,2.923717418
1720,0.166491038403,2.95238852
1730,0.166491038403,2.962573389
1740,0.166491038403,2.981741995
1750,0.166491038403,2.996811237
1760,0.166491038403,3.02936746
1770,0.166491038403,3.042330315
1780,0.166491038403,3.049676946
1790,0.166491038403,3.071263132
1800,0.166491038403,3.090766787
1810,0.166491038403,3.115200272
1820,0.166491038403,3.122262513
1830,0.166491038403,3.132658932
1840,0.166491038403,3.158473816
1850,0.166491038403,3.178758822
1860,0.166491038403,3.20037481
1870,0.166491038403,3.203996267
1880,0.166491038403,3.231529119
1890,0.166491038403,3.245460428
1900,0.166491038403,3.257106396
1910,0.166491038403,3.276301736
1920,0.166491038403,3.297239694
1930,0.166491038403,3.315763363
1940,0.166491038403,3.338391082
1950,0.166491038403,3.349141601
1960,0.166491038403,3.364949015
1970,0.166491038403,3.377833272
1980,0.166491038403,3.400415479
1990,0.166491038403,3.422260929
2000,0.166491038403,3.443103543
2010,0.166491038403,3.45395594
2020,0.166491038403,3.468165204
2030,0.166491038403,3.485771574
2040,0.166491038403,3.498652589
2050,0.166491038403,3.503563793
2060,0.166491038403,3.529768811
2070,0.166491038403,3.535321653
2080,0.166491038403,3.548731103
2090,0.166491038403,3.553972492
2100,0.166491038403,3.565333162
2110,0.166491038403,3.599730733
2120,0.166491038403,3.605364765
2130,0.166491038403,3.622593743
2140,0.166491038403,3.636223773
2150,0.166491038403,3.661485212
2160,0.166491038403,3.694102657
2170,0.166491038403,3.701556902
2180,0.166491038403,3.723827318
2190,0.166491038403,3.7296609
2200,0.166491038403,3.74116474
2210,0.166491038403,3.751633878
2220,0.166491038403,3.769125447
2230,0.166491038403,3.7794973
2240,0.166491038403,3.812073963
2250,0.166491038403,3.81949205
2260,0.166491038403,3.834076831
2270,0.166491038403,3.850131897
2280,0.166491038403,3.862495322
2290,0.166491038403,3.874188588
2300,0.166491038403,3.881574875
2310,0.166491038403,3.901661066
2320,0.166491038403,3.916357187
2330,0.166491038403,3.931064326
2340,0.166491038403,3.950576214
2350,0.166491038403,3.966211817
2360,0.166491038403,3.986666204
2370,0.166491038403,4.020377936
2380,0.166491038403,4.02911056
2390,0.166491038403,4.041210911
2400,0.166491038403,4.068474187
2410,0.166491038403,4.088617438
2420,0.166491038403,4.11254295
2430,0.166491038403,4.119370784
2440,0.166491038403,4.129530768
2450,0.166491038403,4.145282792
2460,0.166491038403,4.167038916
2470,0.166491038403,4.1744102
2480,0.166491038403,4.181284571
2490,0.166491038403,4.208846553
2500,0.166491038403,4.233775647
2510,0.166491038403,4.240794367
2520,0.166491038403,4.264131921
2530,0.166491038403,4.289988002
2540,0.166491038403,4.301537284
2550,0.166491038403,4.317291595
2560,0.166491038403,4.33745147
2570,0.166491038403,4.369711027
2580,0.166491038403,4.387308551
2590,0.166491038403,4.403741399
2600,0.166491038403,4.420257853
2610,0.166491038403,4.429898556
2620,0.166491038403,4.440375933
2630,0.166491038403,4.455606251
2640,0.166491038403,4.463343385
2650,0.166491038403,4.481663085
2660,0.166491038403,4.492151739
2670,0.166491038403,4.512707356
2680,0.166491038403,4.534371442
2690,0.166491038403,4.558971443
2700,0.166491038403,4.583682016
2710,0.166491038403,4.614007225
2720,0.166491038403,4.633101436
2730,0.166491038403,4.66073249
2740,0.166491038403,4.685877284
2750,0.166491038403,4.69263912
2760,0.166491038403,4.698831328
2770,0.166491038403,4.702589177
2780,0.166491038403,4.731358301
2790,0.166491038403,4.770245696
2800,0.166491038403,4.787036007
2810,0.166491038403,4.791888751
2820,0.166491038403,4.804100528
2830,0.166491038403,4.807247842
2840,0.166491038403,4.809224701
2850,0.166491038403,4.809856166
2860,0.166491038403,4.814782891
2870,0.166491038403,4.820090556
2880,0.166491038403,4.839627296
2890,0.166491038403,4.872564739
2900,0.166491038403,4.888237935
2910,0.166491038403,4.930812919
2920,0.166491038403,4.93658087
2930,0.166491038403,4.941776663
2940,0.166491038403,4.955798628
2950,0.166491038403,4.959885093
2960,0.166491038403,4.965690556
2970,0.166491038403,4.968286893
2980,0.166491038403,4.980602359
2990,0.166491038403,5.009887996
3000,0.166491038403,5.028796735
3010,0.166491038403,5.043009018
3020,0.166491038403,5.062594676
3030,0.166491038403,5.071925188
3040,0.166491038403,5.090648229
3050,0.166491038403,5.103570338
3060,0.166491038403,5.11595486
3070,0.166491038403,5.12906044
3080,0.166491038403,5.144560796
3090,0.166491038403,5.167121597
3100,0.166491038403,5.199351123
3110,0.166491038403,5.22050771
3120,0.166491038403,5.254296133
3130,0.166491038403,5.268161884
3140,0.166491038403,5.281511498
3150,0.166491038403,5.304991421
3160,0.166491038403,5.318208011
3170,0.166491038403,5.331848804
3180,0.166491038403,5.351010221
3190,0.166491038403,5.367643132
3200,0.166491038403,5.390382516
3210,0.166491038403,5.409948245
3220,0.166491038403,5.420580062
3230,0.166491038403,5.437469958
3240,0.166491038403,5.453128625
3250,0.166491038403,5.46883537
3260,0.166491038403,5.49705474
3270,0.166491038403,5.514923247
3280,0.166491038403,5.526888987
3290,0.166491038403,5.554736081
3300,0.166491038403,5.569359339
3310,0.166491038403,5.573819311
3320,0.166491038403,5.593560916
3330,0.166491038403,5.611418601
3340,0.166491038403,5.633491841
3350,0.166491038403,5.65545542
3360,0.166491038403,5.667232538
3370,0.166491038403,5.707571584
3380,0.166491038403,5.722303778
3390,0.166491038403,5.736292314
3400,0.166491038403,5.763064054
3410,0.166491038403,5.772776498
3420,0.166491038403,5.783565046
3430,0.166491038403,5.806008716
3440,0.166491038403,5.82816131
3450,0.166491038403,5.839230503
3460,0.166491038403,5.87030051
3470,0.166491038403,5.888390172
3480,0.166491038403,5.900761616
3490,0.166491038403,5.915834871
3500,0.166491038403,5.939879927
3510,0.166491038403,5.957254454
3520,0.166491038403,5.974717325
3530,0.166491038403,5.99437723
3540,0.166491038403,6.025037196
3550,0.166491038403,6.043689019
3560,0.166491038403,6.057830767
3570,0.166491038403,6.083306542
3580,0.166491038403,6.10032888
3590,0.166491038403,6.115956171
3600,0.166491038403,6.129443188
3610,0.166491038403,6.15428248
3620,0.166491038403,6.17146583
3630,0.166491038403,6.196539672
3640,0.166491038403,6.205948707
3650,0.166491038403,6.232684013
3660,0.166491038403,6.258674759
3670,0.166491038403,6.282598136
3680,0.166491038403,6.301597103
3690,0.166491038403,6.316261683
3700,0.166491038403,6.352958983
3710,0.166491038403,6.377921588
3720,0.166491038403,6.400022871
3730,0.166491038403,6.41075328
3740,0.166491038403,6.424133494
3750,0.166491038403,6.452731169
3760,0.166491038403,6.473394357
3770,0.166491038403,6.488900618
3780,0.166491038403,6.520832847
3790,0.166491038403,6.534148914
3800,0.166491038403,6.546792383
3810,0.166491038403,6.568001674
3820,0.166491038403,6.579829303
3830,0.166491038403,6.59573278
3840,0.166491038403,6.610554646
3850,0.166491038403,6.630286556
3860,0.166491038403,6.639361552
3870,0.166491038403,6.650127735
3880,0.166491038403,6.665874346
3890,0.166491038403,6.704478356
3900,0.166491038403,6.725836016
3910,0.166491038403,6.746229824
3920,0.166491038403,6.765070103
3930,0.166491038403,6.7788299
3940,0.166491038403,6.80307604
3950,0.166491038403,6.831732985
3960,0.166491038403,6.855564264
3970,0.166491038403,6.891766374
3980,0.166491038403,6.911888697
3990,0.166491038403,6.938965165
4000,0.166491038403,6.958363363
4010,0.166491038403,6.982374939
4020,0.166491038403,6.997524971
4030,0.166491038403,7.009114553
4040,0.166491038403,7.021587157
4050,0.166491038403,7.044329142
4060,0.166491038403,7.064733138
4070,0.166491038403,7.086550449
4080,0.166491038403,7.106680083
4090,0.166491038403,7.122486179
4100,0.166491038403,7.152451316
4110,0.166491038403,7.168514798
4120,0.166491038403,7.19298721
4130,0.166491038403,7.222348168
4140,0.166491038403,7.239142144
4150,0.166491038403,7.262857002
4160,0.166491038403,7.27390472
4170,0.166491038403,7.297385081
4180,0.166491038403,7.319183545
4190,0.166491038403,7.343144737
4200,0.166491038403,7.363239188
4210,0.166491038403,7.383721959
4220,0.166491038403,7.400839651
4230,0.166491038403,7.419120325
4240,0.166491038403,7.445892484
4250,0.166491038403,7.463697106
4260,0.166491038403,7.489511877
4270,0.166491038403,7.510253054
4280,0.166491038403,7.526158516
4290,0.166491038403,7.538343173
4300,0.166491038403,7.562204246
4310,0.166491038403,7.587245275
4320,0.142706604346,7.607980267
4330,0.142706604346,7.622894097
4340,0.142706604346,7.640353082
4350,0.166491038403,7.66234454
4360,0.166491038403,7.69614579
4370,0.166491038403,7.711553981
4380,0.166491038403,7.727900465
4390,0.166491038403,7.746275099
4400,0.166491038403,7.770267934
4410,0.166491038403,7.786541785
4420,0.166491038403,7.802763233
4430,0.166491038403,7.818946677
4440,0.166491038403,7.840058137
4450,0.166491038403,7.859376206
4460,0.166491038403,7.885523541
4470,0.166491038403,7.910077314
4480,0.166491038403,7.928197978
4490,0.166491038403,7.93753526
4500,0.166491038403,7.960178741
4510,0.166491038403,7.987334685
4520,0.166491038403,8.004115505
4530,0.166491038403,8.029494932
4540,0.166491038403,8.050759783
4550,0.166491038403,8.063802013
4560,0.166491038403,8.087759992
4570,0.166491038403,8.111515448
4580,0.166491038403,8.131970489
4590,0.166491038403,8.149421449
4600,0.166491038403,8.173120535
4610,0.166491038403,8.198583657
4620,0.166491038403,8.213642551
4630,0.166491038403,8.224352421
4640,0.166491038403,8.251389645
4650,0.166491038403,8.269062445
4660,0.166491038403,8.284757205
4670,0.166491038403,8.305143859
4680,0.166491038403,8.329483937
4690,0.166491038403,8.347999431
4700,0.166491038403,8.36272797
4710,0.166491038403,8.380322134
4720,0.166491038403,8.39243537
4730,0.166491038403,8.420220987
4740,0.166491038403,8.439967607
4750,0.166491038403,8.456132783
4760,0.166491038403,8.48212888
4770,0.166491038403,8.508952717
4780,0.166491038403,8.523315604
4790,0.166491038403,8.556130122
4800,0.166491038403,8.578518933
4810,0.166491038403,8.602041839
4820,0.166491038403,8.621545855
4830,0.166491038403,8.638168062
4840,0.166491038403,8.665181792
4850,0.166491038403,8.675801604
4860,0.166491038403,8.702419434
4870,0.166491038403,8.719870732
4880,0.166491038403,8.74354441
4890,0.166491038403,8.763073649
4900,0.166491038403,8.779845429
4910,0.166491038403,8.806326059
4920,0.166491038403,8.812268764
4930,0.166491038403,8.829536239
4940,0.166491038403,8.853566987
4950,0.166491038403,8.878173351
4960,0.166491038403,8.895027729
4970,0.166491038403,8.913477773
4980,0.166491038403,8.942528798
4990,0.166491038403,8.95965951
5000,0.166491038403,8.976502433
5010,0.166491038403,8.996540585
5020,0.166491038403,9.006705786
5030,0.166491038403,9.037479156
5040,0.166491038403,9.055403838
5050,0.166491038403,9.068253966
5060,0.166491038403,9.078890221
5070,0.166491038403,9.09513084
5080,0.166491038403,9.107362818
5090,0.166491038403,9.134408793
5100,0.166491038403,9.14428805
5110,0.166491038403,9.175904109
5120,0.166491038403,9.182530611
5130,0.166491038403,9.204028239
5140,0.166491038403,9.212509074
5150,0.166491038403,9.245503506
5160,0.166491038403,9.265298178
5170,0.166491038403,9.271249228
5180,0.166491038403,9.316344324
5190,0.166491038403,9.321522648
5200,0.166491038403,9.327156226
5210,0.166491038403,9.331770218
5220,0.166491038403,9.342647986
5230,0.166491038403,9.350075052
5240,0.166491038403,9.358734284
5250,0.166491038403,9.364439333
5260,0.166491038403,9.407398528
5270,0.166491038403,9.412455482
5280,0.166491038403,9.430196848
5290,0.166491038403,9.450736472
5300,0.166491038403,9.47018993
5310,0.166491038403,9.477072281
5320,0.166491038403,9.485525643
5330,0.166491038403,9.497958715
5340,0.166491038403,9.514387593
5350,0.166491038403,9.53086258
5360,0.166491038403,9.583561631
5370,0.166491038403,9.588735058
5380,0.166491038403,9.591170234
5390,0.166491038403,9.592193397
5400,0.166491038403,9.595005158
5410,0.166491038403,9.601181334
5420,0.166491038403,9.606722926
5430,0.166491038403,9.61713551
5440,0.166491038403,9.623465401
5450,0.166491038403,9.632795278
5460,0.166491038403,9.638896767
5470,0.166491038403,9.644058073
5480,0.166491038403,9.652651624
5490,0.166491038403,9.654628041
5500,0.166491038403,9.65594727
5510,0.166491038403,9.659457696
5520,0.166491038403,9.663980047
5530,0.166491038403,9.672233705
5540,0.166491038403,9.751892469
5550,0.166491038403,9.762442476
5560,0.166491038403,9.771364597
5570,0.166491038403,9.777237971
5580,0.166491038403,9.783065148
5590,0.166491038403,9.788071699
5600,0.166491038403,9.797048276
5610,0.166491038403,9.841229705
5620,0.166491038403,9.878568368
5630,0.166491038403,9.88510017
5640,0.166491038403,9.890186085
5650,0.166491038403,9.891988528
5660,0.166491038403,9.893733437
5670,0.166491038403,9.899921806
5680,0.166491038403,9.925121207
5690,0.166491038403,9.930879616
5700,0.166491038403,9.933945373
5710,0.166491038403,9.940348116
5720,0.166491038403,9.964439559
5730,0.166491038403,9.970119829
5740,0.166491038403,10.00310082
5750,0.166491038403,10.009534882
5760,0.166491038403,10.01994962
5770,0.166491038403,10.032160643
5780,0.166491038403,10.041025273
5790,0.166491038403,10.060264636
5800,0.166491038403,10.079285572
5810,0.166491038403,10.088319883
5820,0.166491038403,10.095252669
5830,0.166491038403,10.114877417
5840,0.166491038403,10.122949613
5850,0.166491038403,10.130571954
5860,0.166491038403,10.139176029
5870,0.166491038403,10.165365827
5880,0.166491038403,10.187188555
5890,0.166491038403,10.202686995
5900,0.166491038403,10.22000458
5910,0.166491038403,10.239608062
5920,0.166491038403,10.250856001
5930,0.166491038403,10.257481099
5940,0.166491038403,10.275015779
5950,0.166491038403,10.287440561
5960,0.166491038403,10.302108926
5970,0.166491038403,10.32677467
5980,0.166491038403,10.336608296
5990,0.166491038403,10.347877983
6000,0.166491038403,10.354705102
