iterations,fitness,time
0,0.126997822651,0.101277535
10,0.132519467114,0.300863665
20,0.132519467114,0.434248163
30,0.138543079256,0.821922413
40,0.152397387182,0.866373422
50,0.138543079256,1.01977951
60,0.145140368744,1.293548875
70,0.145140368744,1.448867195
80,0.145140368744,1.770858915
90,0.152397387182,1.81232101
100,0.160418302296,1.879749027
110,0.169330430202,1.896184103
120,0.179291043743,1.927971844
130,0.179291043743,2.072979728
140,0.190496733977,2.229219201
150,0.179291043743,2.677711718
160,0.179291043743,2.889427943
170,0.190496733977,3.165773991
180,0.190496733977,3.278964485
190,0.203196516242,3.308645108
200,0.190496733977,3.535332958
210,0.203196516242,3.761866852
220,0.203196516242,4.051289332
230,0.203196516242,4.566271182
240,0.217710553116,4.760109779
250,0.203196516242,5.13282785
260,0.203196516242,5.257906615
270,0.217710553116,5.533500712
280,0.217710553116,5.654366698
290,0.217710553116,5.958771928
300,0.234457518741,6.221173226
310,0.234457518741,6.428820506
320,0.234457518741,6.827352924
330,0.253995645303,6.955236101
340,0.234457518741,7.262747347
350,0.234457518741,7.514385575
360,0.217710553116,7.875104442
370,0.217710553116,8.167475693
380,0.217710553116,8.597458909
390,0.217710553116,8.881186458
400,0.253995645303,9.178319188
410,0.253995645303,9.622787559
420,0.277086158512,9.839782313
430,0.277086158512,10.102839905
440,0.338660860403,10.366364284
450,0.304794774363,10.674224908
460,0.304794774363,11.02638039
470,0.304794774363,11.27826716
480,0.304794774363,11.611231381
490,0.304794774363,11.939320943
500,0.277086158512,12.267828543
510,0.304794774363,12.621949524
520,0.304794774363,12.97798787
530,0.304794774363,13.290110348
540,0.304794774363,13.6801564
550,0.304794774363,13.867525296
560,0.304794774363,14.169691443
570,0.304794774363,14.38411335
580,0.304794774363,14.631733494
590,0.338660860403,14.793835678
600,0.304794774363,15.077340547
610,0.277086158512,15.360377918
620,0.277086158512,15.735981698
630,0.277086158512,15.963234261
640,0.253995645303,16.153670334
650,0.234457518741,16.558028316
660,0.234457518741,16.752943648
670,0.234457518741,17.099885411
680,0.217710553116,17.390247829
690,0.234457518741,17.632170528
700,0.234457518741,17.785070611
710,0.234457518741,17.899372562
720,0.234457518741,18.204139947
730,0.234457518741,18.215150694
740,0.234457518741,18.227236901
750,0.234457518741,18.249634609
760,0.217710553116,18.451636563
770,0.253995645303,18.893317385
780,0.253995645303,19.27950588
790,0.217710553116,19.570754162
800,0.217710553116,19.865035132
810,0.217710553116,19.975071756
820,0.217710553116,20.278083425
830,0.203196516242,20.34892211
840,0.217710553116,20.653257925
850,0.217710553116,20.854752093
860,0.217710553116,21.051432898
870,0.203196516242,21.388851345
880,0.203196516242,21.746085514
890,0.217710553116,22.142297799
900,0.203196516242,22.532521524
910,0.203196516242,22.812000042
920,0.217710553116,23.128774765
930,0.190496733977,23.298519383
940,0.203196516242,23.694856408
950,0.190496733977,24.096603212
960,0.179291043743,24.449427192
970,0.190496733977,24.744230622
980,0.190496733977,25.112269129
990,0.203196516242,25.410565909
1000,0.217710553116,25.74083229
1010,0.203196516242,26.043326229
1020,0.203196516242,26.06646798
1030,0.203196516242,26.253302776
1040,0.203196516242,26.628453928
1050,0.190496733977,26.879199432
1060,0.203196516242,27.246886601
1070,0.203196516242,27.631396001
1080,0.190496733977,27.808958335
1090,0.203196516242,28.176270356
1100,0.203196516242,28.425929015
1110,0.217710553116,28.659520997
1120,0.203196516242,28.831200022
1130,0.203196516242,29.172640884
1140,0.203196516242,29.542045048
1150,0.179291043743,29.876652809
1160,0.179291043743,30.163394809
1170,0.169330430202,30.284348508
1180,0.179291043743,30.449337121
1190,0.179291043743,30.763553944
1200,0.190496733977,31.140985536
1210,0.179291043743,31.326786895
1220,0.203196516242,31.534533303
1230,0.190496733977,31.693420042
1240,0.190496733977,31.698710386
1250,0.203196516242,31.903834189
1260,0.203196516242,32.018544371
1270,0.203196516242,32.381232595
1280,0.203196516242,32.808641682
1290,0.190496733977,32.999534348
1300,0.190496733977,33.289093538
1310,0.190496733977,33.550467447
1320,0.203196516242,33.979495226
1330,0.190496733977,34.306051414
1340,0.190496733977,34.90403772
1350,0.190496733977,35.218516923
1360,0.190496733977,35.541587092
1370,0.203196516242,35.757896065
1380,0.217710553116,36.15866812
1390,0.190496733977,36.489318499
1400,0.203196516242,36.760702586
1410,0.190496733977,37.079105639
1420,0.190496733977,37.368677431
1430,0.179291043743,37.70651116
1440,0.179291043743,38.110483925
1450,0.179291043743,38.268309292
1460,0.169330430202,38.581155078
1470,0.169330430202,38.847416037
1480,0.160418302296,38.855905566
1490,0.160418302296,39.171144355
1500,0.160418302296,39.53761604
1510,0.152397387182,39.821106188
1520,0.152397387182,40.18238371
1530,0.160418302296,40.426498223
1540,0.160418302296,40.755324247
1550,0.160418302296,40.992836676
1560,0.179291043743,41.313126521
1570,0.160418302296,41.578129589
1580,0.169330430202,41.90853643
1590,0.179291043743,42.129481865
1600,0.217710553116,42.278368996
1610,0.190496733977,42.508040521
1620,0.190496733977,42.822399945
1630,0.203196516242,43.091728743
1640,0.203196516242,43.422144244
1650,0.203196516242,43.737344993
1660,0.203196516242,43.877861199
1670,0.190496733977,44.261193367
1680,0.179291043743,44.439720604
1690,0.190496733977,44.742546608
1700,0.217710553116,45.181126145
1710,0.253995645303,45.402622958
1720,0.234457518741,45.701894489
1730,0.253995645303,46.023965133
1740,0.253995645303,46.258387399
1750,0.253995645303,46.567434956
1760,0.253995645303,46.952160297
1770,0.277086158512,46.963755614
1780,0.277086158512,47.221873266
1790,0.277086158512,47.582622453
1800,0.277086158512,47.993362829
1810,0.277086158512,48.282233251
1820,0.277086158512,48.419335741
1830,0.277086158512,48.524371155
1840,0.277086158512,48.820761518
1850,0.277086158512,49.252074184
1860,0.277086158512,49.667687792
1870,0.304794774363,50.059725634
1880,0.277086158512,50.356003843
1890,0.277086158512,50.497339949
1900,0.277086158512,50.836800716
1910,0.277086158512,51.18326348
1920,0.277086158512,51.436718713
1930,0.304794774363,51.758424888
1940,0.253995645303,52.100786372
1950,0.234457518741,52.460888291
1960,0.217710553116,52.709071713
1970,0.234457518741,53.077112002
1980,0.253995645303,53.251496787
1990,0.253995645303,53.495539057
2000,0.234457518741,53.832299891
2010,0.234457518741,54.151669464
2020,0.234457518741,54.283226909
2030,0.234457518741,54.504236028
2040,0.253995645303,54.643381308
2050,0.234457518741,54.646163306
2060,0.203196516242,54.654122806
2070,0.203196516242,55.004963634
2080,0.217710553116,55.334534145
2090,0.203196516242,55.745764935
2100,0.217710553116,55.99678913
2110,0.234457518741,56.349882865
2120,0.234457518741,56.726184873
2130,0.253995645303,56.88376308
2140,0.253995645303,56.968950941
2150,0.253995645303,57.338013497
2160,0.234457518741,57.700149249
2170,0.277086158512,57.937322152
2180,0.277086158512,58.20171904
2190,0.277086158512,58.204440073
2200,0.277086158512,58.69244453
2210,0.277086158512,58.887568668
2220,0.304794774363,58.977553188
2230,0.277086158512,59.169387512
2240,0.277086158512,59.307199267
2250,0.277086158512,59.691897127
2260,0.277086158512,60.06229587
2270,0.253995645303,60.362318878
2280,0.217710553116,60.649677785
2290,0.203196516242,60.856709859
2300,0.234457518741,61.006701119
2310,0.234457518741,61.166207007
2320,0.203196516242,61.362824351
2330,0.217710553116,61.55911053
2340,0.234457518741,61.609578406
2350,0.234457518741,61.839301181
2360,0.234457518741,62.045284305
2370,0.253995645303,62.292573702
2380,0.253995645303,62.394976188
2390,0.253995645303,62.54651667
2400,0.253995645303,62.776145281
2410,0.234457518741,63.005660101
2420,0.253995645303,63.186728175
2430,0.253995645303,63.339743648
2440,0.253995645303,63.456762787
2450,0.253995645303,63.575974352
2460,0.253995645303,63.801747263
2470,0.253995645303,63.960229025
2480,0.234457518741,64.112825638
2490,0.253995645303,64.178781536
2500,0.253995645303,64.275185073
2510,0.253995645303,64.381336646
2520,0.234457518741,64.575486243
2530,0.234457518741,64.822496743
2540,0.234457518741,65.018198114
2550,0.253995645303,65.208365529
2560,0.253995645303,65.313219853
2570,0.234457518741,65.541982259
2580,0.217710553116,65.785152773
2590,0.217710553116,65.945841421
2600,0.203196516242,66.097707936
2610,0.203196516242,66.361445375
2620,0.217710553116,66.473522546
2630,0.203196516242,66.657782944
2640,0.217710553116,66.79824973
2650,0.203196516242,66.956467493
2660,0.217710553116,67.069533759
2670,0.234457518741,67.382123613
2680,0.253995645303,67.385430479
2690,0.234457518741,67.488007108
2700,0.234457518741,67.693681732
2710,0.253995645303,67.916087304
2720,0.253995645303,68.160117967
2730,0.253995645303,68.375695095
2740,0.253995645303,68.58372023
2750,0.277086158512,68.673236585
2760,0.277086158512,68.864601982
2770,0.277086158512,68.982202848
2780,0.304794774363,69.084334843
2790,0.277086158512,69.240718586
2800,0.304794774363,69.466148504
2810,0.304794774363,69.660615436
2820,0.338660860403,69.721321314
2830,0.304794774363,69.766463672
2840,0.304794774363,69.879795874
2850,0.253995645303,70.087079628
2860,0.253995645303,70.306147415
2870,0.253995645303,70.446481192
2880,0.253995645303,70.454257523
2890,0.253995645303,70.636871795
2900,0.253995645303,70.782496648
2910,0.253995645303,70.950238925
2920,0.253995645303,71.193176394
2930,0.253995645303,71.269215421
2940,0.253995645303,71.434766135
2950,0.234457518741,71.514916375
2960,0.253995645303,71.637954008
2970,0.277086158512,71.804433675
2980,0.277086158512,71.866846574
2990,0.338660860403,72.026793016
3000,0.338660860403,72.256313513
3010,0.338660860403,72.349996883
3020,0.380993467954,72.506958719
3030,0.380993467954,72.672015742
3040,0.435421106233,72.809726551
3050,0.380993467954,73.064610571
3060,0.338660860403,73.16825903
3070,0.338660860403,73.355249067
3080,0.338660860403,73.428080149
3090,0.338660860403,73.537025534
3100,0.338660860403,73.690016272
3110,0.338660860403,73.910253112
3120,0.338660860403,74.058622499
3130,0.304794774363,74.166441548
3140,0.277086158512,74.289784558
3150,0.217710553116,74.540490795
3160,0.234457518741,74.73131334
3170,0.234457518741,74.931175611
3180,0.217710553116,75.061095782
3190,0.234457518741,75.308575832
3200,0.234457518741,75.578776856
3210,0.234457518741,75.780907357
3220,0.217710553116,75.941310782
3230,0.217710553116,76.193935936
3240,0.217710553116,76.367555727
3250,0.203196516242,76.568908499
3260,0.234457518741,76.72154971
3270,0.217710553116,76.787274631
3280,0.253995645303,76.871385709
3290,0.234457518741,77.039442029
3300,0.234457518741,77.180952871
3310,0.234457518741,77.32815483
3320,0.234457518741,77.536999455
3330,0.234457518741,77.770777752
3340,0.234457518741,77.979985145
3350,0.253995645303,78.071784116
3360,0.217710553116,78.160442328
3370,0.234457518741,78.234501293
3380,0.217710553116,78.38444746
3390,0.203196516242,78.55087061
3400,0.217710553116,78.658806858
3410,0.217710553116,78.898129368
3420,0.234457518741,79.095437447
3430,0.234457518741,79.347588124
3440,0.234457518741,79.442478071
3450,0.253995645303,79.71815721
3460,0.253995645303,79.857654163
3470,0.234457518741,79.941202126
3480,0.253995645303,80.173107853
3490,0.253995645303,80.231148102
3500,0.253995645303,80.276863512
3510,0.253995645303,80.416045863
3520,0.277086158512,80.601826827
3530,0.277086158512,80.788327089
3540,0.338660860403,80.92910514
3550,0.338660860403,81.129764951
3560,0.338660860403,81.261415613
3570,0.338660860403,81.361218617
3580,0.338660860403,81.560012619
3590,0.338660860403,81.59604098
3600,0.338660860403,81.836737264
3610,0.338660860403,81.976506452
3620,0.338660860403,82.118446883
3630,0.338660860403,82.30832855
3640,0.338660860403,82.494513622
3650,0.380993467954,82.637651688
3660,0.435421106233,82.773015026
3670,0.435421106233,82.984757827
3680,0.435421106233,83.02792238
3690,0.435421106233,83.217464833
3700,0.380993467954,83.379274293
3710,0.338660860403,83.502046115
3720,0.338660860403,83.799448401
3730,0.380993467954,84.002346795
3740,0.380993467954,84.091631752
3750,0.338660860403,84.282314646
3760,0.338660860403,84.532066276
3770,0.380993467954,84.616243622
3780,0.338660860403,84.767505259
3790,0.304794774363,84.852820401
3800,0.338660860403,85.033650333
3810,0.338660860403,85.179480753
3820,0.338660860403,85.336938576
3830,0.338660860403,85.42290301
3840,0.338660860403,85.590639684
3850,0.338660860403,85.753068808
3860,0.380993467954,85.933707356
3870,0.338660860403,86.098714457
3880,0.380993467954,86.265469223
3890,0.338660860403,86.470893664
3900,0.380993467954,86.720450179
3910,0.380993467954,86.819533351
3920,0.435421106233,87.095064886
3930,0.435421106233,87.295850396
3940,0.435421106233,87.40421251
3950,0.435421106233,87.588006242
3960,0.435421106233,87.693219113
3970,0.435421106233,87.970940624
3980,0.435421106233,88.12615904
3990,0.435421106233,88.252648975
4000,0.435421106233,88.459667144
