iterations,fitness,time
0,0.152397387182,0.027803312
10,0.152397387182,0.24988048
20,0.160418302296,0.314336749
30,0.160418302296,0.474847483
40,0.160418302296,0.543286837
50,0.160418302296,0.694930022
60,0.160418302296,1.01107195
70,0.169330430202,1.138714719
80,0.179291043743,1.394845982
90,0.169330430202,1.428792676
100,0.160418302296,1.557476411
110,0.169330430202,1.658224774
120,0.179291043743,1.793261804
130,0.190496733977,2.056600879
140,0.190496733977,2.387104218
150,0.190496733977,2.626485129
160,0.203196516242,2.73029577
170,0.190496733977,2.93795007
180,0.203196516242,2.970952044
190,0.203196516242,3.219735346
200,0.203196516242,3.30121614
210,0.190496733977,3.326306512
220,0.203196516242,3.556706525
230,0.203196516242,3.795931672
240,0.190496733977,3.86042144
250,0.190496733977,3.979184731
260,0.203196516242,3.987841389
270,0.234457518741,3.999496395
280,0.253995645303,4.005705277
290,0.253995645303,4.018690168
300,0.234457518741,4.205376807
310,0.234457518741,4.219015506
320,0.253995645303,4.232854918
330,0.234457518741,4.245320785
340,0.234457518741,4.482321642
350,0.234457518741,4.59747312
360,0.234457518741,4.792786624
370,0.253995645303,4.797661486
380,0.253995645303,4.919534316
390,0.253995645303,4.993893924
400,0.277086158512,5.258863541
410,0.253995645303,5.425346476
420,0.253995645303,5.644521551
430,0.253995645303,5.854311159
440,0.253995645303,6.036407885
450,0.253995645303,6.093735414
460,0.253995645303,6.314598523
470,0.277086158512,6.517082274
480,0.253995645303,6.748927811
490,0.277086158512,6.877056292
500,0.304794774363,7.082595739
510,0.253995645303,7.245746563
520,0.253995645303,7.368232843
530,0.277086158512,7.563018311
540,0.277086158512,7.70483175
550,0.277086158512,7.907403373
560,0.277086158512,8.04293274
570,0.277086158512,8.142417851
580,0.304794774363,8.336077017
590,0.277086158512,8.463622772
600,0.304794774363,8.466572268
610,0.304794774363,8.593695994
620,0.304794774363,8.682747156
630,0.338660860403,8.903773014
640,0.338660860403,8.906007944
650,0.338660860403,8.979676449
660,0.338660860403,9.072891024
670,0.338660860403,9.145591738
680,0.338660860403,9.173913481
690,0.338660860403,9.406253505
700,0.338660860403,9.586051188
710,0.338660860403,9.59039226
720,0.338660860403,9.717486958
730,0.338660860403,9.806845089
740,0.338660860403,9.895660182
750,0.380993467954,9.903926362
760,0.380993467954,9.910667329
770,0.380993467954,9.923464451
780,0.380993467954,10.256210941
790,0.380993467954,10.334759209
800,0.380993467954,10.35462218
810,0.380993467954,10.633028471
820,0.380993467954,10.808198221
830,0.380993467954,10.901840714
840,0.380993467954,11.158696248
850,0.380993467954,11.223994243
860,0.380993467954,11.356627476
870,0.338660860403,11.53930127
880,0.338660860403,11.778713857
890,0.338660860403,11.926907405
900,0.338660860403,12.007772338
910,0.338660860403,12.291246774
920,0.338660860403,12.360063257
930,0.338660860403,12.48896148
940,0.338660860403,12.579571804
950,0.338660860403,12.788995671
960,0.338660860403,13.042571231
970,0.338660860403,13.151693085
980,0.338660860403,13.283955663
990,0.338660860403,13.459165087
1000,0.338660860403,13.514864828
1010,0.380993467954,13.711066955
1020,0.380993467954,13.841500354
1030,0.380993467954,13.957076816
1040,0.380993467954,14.107475835
1050,0.380993467954,14.126602701
1060,0.380993467954,14.386364349
1070,0.380993467954,14.572188389
1080,0.380993467954,14.740654549
1090,0.380993467954,14.891681995
1100,0.380993467954,15.089177475
1110,0.380993467954,15.341746343
1120,0.380993467954,15.416202563
1130,0.380993467954,15.538010122
1140,0.380993467954,15.652152546
1150,0.435421106233,15.780001818
1160,0.435421106233,15.957817554
1170,0.435421106233,16.257443409
1180,0.435421106233,16.433990483
1190,0.435421106233,16.643580303
1200,0.435421106233,16.759468541
1210,0.435421106233,16.950971833
1220,0.435421106233,17.068053733
1230,0.435421106233,17.145511991
1240,0.435421106233,17.358659749
1250,0.435421106233,17.36620625
1260,0.435421106233,17.571055065
1270,0.435421106233,17.708653465
1280,0.435421106233,17.878109228
1290,0.435421106233,18.120796054
1300,0.435421106233,18.391314227
1310,0.435421106233,18.561857634
1320,0.435421106233,18.719428838
1330,0.435421106233,18.858959164
1340,0.435421106233,19.057825439
1350,0.435421106233,19.246846658
1360,0.435421106233,19.27936985
1370,0.435421106233,19.594072295
1380,0.435421106233,19.788184901
1390,0.435421106233,19.968777683
1400,0.435421106233,20.171685661
1410,0.435421106233,20.299935391
1420,0.435421106233,20.377073841
1430,0.435421106233,20.507943729
1440,0.435421106233,20.652417622
1450,0.435421106233,20.735179511
1460,0.435421106233,20.986936736
1470,0.435421106233,21.139649912
1480,0.435421106233,21.320112876
1490,0.435421106233,21.501197637
1500,0.435421106233,21.659363893
1510,0.435421106233,21.77775228
1520,0.435421106233,21.94910156
1530,0.435421106233,22.012023551
1540,0.435421106233,22.013579018
1550,0.435421106233,22.127291918
1560,0.435421106233,22.44758041
1570,0.435421106233,22.62267585
1580,0.435421106233,22.814418574
1590,0.435421106233,22.990906562
1600,0.435421106233,23.119098915
1610,0.435421106233,23.27461221
1620,0.435421106233,23.414742271
1630,0.435421106233,23.649119016
1640,0.435421106233,23.811901735
1650,0.435421106233,23.91006545
1660,0.435421106233,24.151726535
1670,0.435421106233,24.38029928
1680,0.435421106233,24.609702973
1690,0.435421106233,24.727041359
1700,0.435421106233,24.864614474
1710,0.435421106233,25.093548658
1720,0.435421106233,25.167187794
1730,0.435421106233,25.375147545
1740,0.435421106233,25.506841487
1750,0.435421106233,25.734073604
1760,0.435421106233,25.853547658
1770,0.435421106233,26.151815953
1780,0.435421106233,26.311868332
1790,0.435421106233,26.460058923
1800,0.435421106233,26.630881545
1810,0.435421106233,26.635086149
1820,0.435421106233,26.74414577
1830,0.435421106233,26.972306241
1840,0.435421106233,27.148600168
1850,0.435421106233,27.216469558
1860,0.435421106233,27.495586277
1870,0.435421106233,27.697126599
1880,0.435421106233,27.880363004
1890,0.435421106233,28.072299254
1900,0.435421106233,28.229426624
1910,0.435421106233,28.231864226
1920,0.435421106233,28.233487246
1930,0.435421106233,28.423451802
1940,0.435421106233,28.503526989
1950,0.435421106233,28.70764821
1960,0.435421106233,28.848320919
1970,0.435421106233,29.029521909
1980,0.507991290605,29.156914629
1990,0.507991290605,29.350041793
2000,0.435421106233,29.457024009
2010,0.435421106233,29.685478896
2020,0.435421106233,29.780833924
2030,0.435421106233,29.787593887
2040,0.435421106233,29.945287401
2050,0.435421106233,30.179662268
2060,0.435421106233,30.349424418
2070,0.435421106233,30.49946235
2080,0.435421106233,30.701362282
2090,0.435421106233,30.830759517
2100,0.435421106233,30.974569221
2110,0.435421106233,31.186640286
2120,0.435421106233,31.353758427
2130,0.435421106233,31.583609176
2140,0.435421106233,31.865302746
2150,0.435421106233,32.002641837
2160,0.435421106233,32.196831255
2170,0.435421106233,32.454694559
2180,0.435421106233,32.518705234
2190,0.435421106233,32.677762885
2200,0.435421106233,32.889582512
2210,0.435421106233,33.040702712
2220,0.435421106233,33.042468061
2230,0.435421106233,33.104613537
2240,0.435421106233,33.301038559
2250,0.435421106233,33.412870432
2260,0.435421106233,33.630483882
2270,0.435421106233,33.806612096
2280,0.435421106233,34.028571249
2290,0.435421106233,34.098553875
2300,0.435421106233,34.273323665
2310,0.435421106233,34.353422418
2320,0.435421106233,34.601670981
2330,0.435421106233,34.791022728
2340,0.435421106233,34.879287567
2350,0.435421106233,35.090753062
2360,0.435421106233,35.18115891
2370,0.435421106233,35.42452377
2380,0.435421106233,35.647295254
2390,0.435421106233,35.707209554
2400,0.435421106233,35.871682261
2410,0.507991290605,35.944191613
2420,0.435421106233,36.028315917
2430,0.435421106233,36.238886677
2440,0.435421106233,36.396406127
2450,0.435421106233,36.52637239
2460,0.435421106233,36.733296242
2470,0.435421106233,36.910299518
2480,0.435421106233,37.151774262
2490,0.435421106233,37.286764471
2500,0.435421106233,37.477697906
2510,0.435421106233,37.5946738
2520,0.435421106233,37.764086246
2530,0.435421106233,37.892360234
2540,0.435421106233,37.894228934
2550,0.435421106233,38.044417206
2560,0.435421106233,38.223277092
2570,0.435421106233,38.318457008
2580,0.435421106233,38.577361157
2590,0.507991290605,38.780692809
2600,0.507991290605,38.958242398
2610,0.507991290605,39.073422809
2620,0.507991290605,39.36074393
2630,0.507991290605,39.496269789
2640,0.507991290605,39.705663444
2650,0.507991290605,39.877616153
2660,0.507991290605,40.086918977
2670,0.507991290605,40.250381732
2680,0.507991290605,40.434004353
2690,0.507991290605,40.591468251
2700,0.507991290605,40.706705309
2710,0.507991290605,40.983903697
2720,0.507991290605,41.19457718
2730,0.507991290605,41.292989688
2740,0.507991290605,41.484147744
2750,0.507991290605,41.550551811
2760,0.507991290605,41.719755523
2770,0.507991290605,41.991378469
2780,0.507991290605,42.064088056
2790,0.507991290605,42.239317398
2800,0.507991290605,42.374424698
2810,0.507991290605,42.669154981
2820,0.507991290605,42.856215178
2830,0.507991290605,43.001997578
2840,0.507991290605,43.208368042
2850,0.507991290605,43.334740513
2860,0.507991290605,43.561710841
2870,0.507991290605,43.788511086
2880,0.507991290605,43.983421397
2890,0.507991290605,44.139173997
2900,0.507991290605,44.268449409
2910,0.507991290605,44.522005124
2920,0.507991290605,44.673575747
2930,0.507991290605,44.833575935
2940,0.507991290605,44.990657963
2950,0.507991290605,45.159300419
2960,0.507991290605,45.320302979
2970,0.507991290605,45.497971483
2980,0.507991290605,45.519152615
2990,0.507991290605,45.648143678
3000,0.507991290605,45.827901948
3010,0.507991290605,45.848952065
3020,0.507991290605,45.863574779
3030,0.507991290605,45.902292094
3040,0.507991290605,46.014514546
3050,0.507991290605,46.030027149
3060,0.507991290605,46.243826871
3070,0.507991290605,46.415837254
3080,0.507991290605,46.54322946
3090,0.507991290605,46.645011975
3100,0.507991290605,46.797675927
3110,0.507991290605,46.977326923
3120,0.507991290605,47.268941636
3130,0.507991290605,47.403455412
3140,0.507991290605,47.617709372
3150,0.507991290605,47.7688281
3160,0.507991290605,47.971450104
3170,0.507991290605,48.108097511
3180,0.507991290605,48.391666895
3190,0.507991290605,48.513885467
3200,0.507991290605,48.649407959
3210,0.507991290605,48.772074
3220,0.507991290605,48.957276676
3230,0.507991290605,49.255682308
3240,0.507991290605,49.42582508
3250,0.507991290605,49.5924558
3260,0.507991290605,49.667386182
3270,0.507991290605,49.892661548
3280,0.507991290605,50.130786669
3290,0.507991290605,50.299299539
3300,0.507991290605,50.41834324
3310,0.507991290605,50.607122008
3320,0.507991290605,50.768714852
3330,0.507991290605,50.954329228
3340,0.507991290605,51.119002343
3350,0.507991290605,51.188643101
3360,0.507991290605,51.380882157
3370,0.507991290605,51.558423277
3380,0.507991290605,51.751150864
3390,0.507991290605,51.893663825
3400,0.507991290605,52.025956401
3410,0.507991290605,52.254164199
3420,0.507991290605,52.383245696
3430,0.507991290605,52.539309183
3440,0.507991290605,52.68474218
3450,0.507991290605,52.888321981
3460,0.507991290605,53.03149149
3470,0.507991290605,53.116416666
3480,0.507991290605,53.241140276
3490,0.507991290605,53.300164196
3500,0.507991290605,53.410675286
3510,0.507991290605,53.583204772
3520,0.507991290605,53.765018076
3530,0.507991290605,53.931881771
3540,0.507991290605,54.064332508
3550,0.507991290605,54.243893344
3560,0.507991290605,54.37599483
3570,0.507991290605,54.568685916
3580,0.507991290605,54.78423877
3590,0.507991290605,54.881825466
3600,0.507991290605,55.168312302
3610,0.507991290605,55.342614693
3620,0.507991290605,55.521110416
3630,0.507991290605,55.774818283
3640,0.507991290605,55.921545656
3650,0.507991290605,55.929184778
3660,0.507991290605,56.038953806
3670,0.507991290605,56.050542249
3680,0.507991290605,56.253234834
3690,0.507991290605,56.255912935
3700,0.507991290605,56.301188112
3710,0.507991290605,56.463194901
3720,0.507991290605,56.624474066
3730,0.507991290605,56.847022019
3740,0.609589548726,57.011977887
3750,0.609589548726,57.099802746
3760,0.507991290605,57.283062408
3770,0.507991290605,57.508011096
3780,0.507991290605,57.572159971
3790,0.507991290605,57.840471876
3800,0.507991290605,58.016157698
3810,0.507991290605,58.140746647
3820,0.507991290605,58.306970927
3830,0.507991290605,58.433198982
3840,0.507991290605,58.512875164
3850,0.507991290605,58.747259079
3860,0.609589548726,58.754387136
3870,0.609589548726,58.860613779
3880,0.609589548726,58.867798948
3890,0.609589548726,58.880169146
3900,0.609589548726,59.075363033
3910,0.609589548726,59.205073994
3920,0.609589548726,59.306121075
3930,0.609589548726,59.359302471
3940,0.609589548726,59.485358732
3950,0.609589548726,59.671443222
3960,0.609589548726,59.685709174
3970,0.609589548726,59.923855846
3980,0.609589548726,60.054854214
3990,0.609589548726,60.215977626
4000,0.609589548726,60.360433292
