iterations,fitness,time
0,0.143087606763,0.013548096
10,0.136583624637,0.038015202
20,0.130645206175,0.080428725
30,0.130645206175,0.113608154
40,0.136583624637,0.297939427
50,0.136583624637,0.358196397
60,0.143087606763,0.426040371
70,0.150241987101,0.487508935
80,0.150241987101,0.565906121
90,0.158149460106,0.592482228
100,0.158149460106,0.765560392
110,0.150241987101,0.857849169
120,0.150241987101,0.871379133
130,0.150241987101,0.996212081
140,0.150241987101,1.037775416
150,0.150241987101,1.048367403
160,0.158149460106,1.167114071
170,0.158149460106,1.273784185
180,0.158149460106,1.283441096
190,0.158149460106,1.294230869
200,0.158149460106,1.479378903
210,0.166935541223,1.50574341
220,0.158149460106,1.639749556
230,0.158149460106,1.65361299
240,0.166935541223,1.798465871
250,0.176755278942,1.90755246
260,0.176755278942,1.980297903
270,0.166935541223,2.092428664
280,0.166935541223,2.150786912
290,0.176755278942,2.235861584
300,0.166935541223,2.332194746
310,0.166935541223,2.427015926
320,0.166935541223,2.51726587
330,0.166935541223,2.654140358
340,0.176755278942,2.665662712
350,0.176755278942,2.759509688
360,0.176755278942,2.773862863
370,0.166935541223,3.027939664
380,0.166935541223,3.041204413
390,0.176755278942,3.158141812
400,0.166935541223,3.21871794
410,0.200322649468,3.319622486
420,0.176755278942,3.402892841
430,0.176755278942,3.478963697
440,0.176755278942,3.703841917
450,0.176755278942,3.720986948
460,0.187802483876,3.732951706
470,0.176755278942,3.901570041
480,0.176755278942,3.961199473
490,0.176755278942,3.970027011
500,0.176755278942,4.152420732
510,0.176755278942,4.204275597
520,0.187802483876,4.271092847
530,0.187802483876,4.342147345
540,0.187802483876,4.497797644
550,0.187802483876,4.505685168
560,0.187802483876,4.752242824
570,0.187802483876,4.821190491
580,0.187802483876,4.893136544
590,0.187802483876,5.022046598
600,0.187802483876,5.089888889
610,0.187802483876,5.186227621
620,0.187802483876,5.286439372
630,0.187802483876,5.353745883
640,0.187802483876,5.416733524
650,0.200322649468,5.442075655
660,0.187802483876,5.622191222
670,0.187802483876,5.630262588
680,0.200322649468,5.641125771
690,0.187802483876,5.74373907
700,0.187802483876,5.828434556
710,0.187802483876,5.909393078
720,0.176755278942,5.91703182
730,0.176755278942,6.025129967
740,0.176755278942,6.034269521
750,0.187802483876,6.165532467
760,0.187802483876,6.270897845
770,0.187802483876,6.279224959
780,0.176755278942,6.36818722
790,0.187802483876,6.386546967
800,0.187802483876,6.686283821
810,0.187802483876,6.768417031
820,0.187802483876,6.878039337
830,0.200322649468,6.999010833
840,0.214631410144,7.110215835
850,0.214631410144,7.182193757
860,0.214631410144,7.235224675
870,0.214631410144,7.355232625
880,0.214631410144,7.425730425
890,0.214631410144,7.547334461
900,0.231141518617,7.650873917
910,0.214631410144,7.716673183
920,0.214631410144,7.786139184
930,0.214631410144,7.895712863
940,0.214631410144,7.958078185
950,0.214631410144,8.027615957
960,0.214631410144,8.113188073
970,0.214631410144,8.160496027
980,0.214631410144,8.29199446
990,0.214631410144,8.37209723
1000,0.214631410144,8.476225766
1010,0.214631410144,8.539933057
1020,0.231141518617,8.665087717
1030,0.231141518617,8.765626142
1040,0.231141518617,8.880128871
1050,0.231141518617,8.959849864
1060,0.231141518617,9.065029824
1070,0.250403311835,9.184983024
1080,0.231141518617,9.258548472
1090,0.231141518617,9.378166066
1100,0.231141518617,9.433199443
1110,0.250403311835,9.511463901
1120,0.250403311835,9.634109572
1130,0.250403311835,9.710482204
1140,0.250403311835,9.836075158
1150,0.250403311835,9.907551375
1160,0.250403311835,10.042029812
1170,0.250403311835,10.051314349
1180,0.250403311835,10.066807698
1190,0.250403311835,10.238566204
1200,0.273167249274,10.3937924
1210,0.250403311835,10.523564128
1220,0.250403311835,10.575780465
1230,0.250403311835,10.583822347
1240,0.250403311835,10.687605048
1250,0.250403311835,10.746198771
1260,0.250403311835,10.880585725
1270,0.250403311835,11.054543369
1280,0.250403311835,11.106001338
1290,0.250403311835,11.156316922
1300,0.250403311835,11.284797055
1310,0.250403311835,11.372925013
1320,0.250403311835,11.519582903
1330,0.250403311835,11.539060402
1340,0.250403311835,11.545993954
1350,0.250403311835,11.728193206
1360,0.250403311835,11.759230886
1370,0.250403311835,11.774346546
1380,0.250403311835,11.900436544
1390,0.250403311835,11.950222539
1400,0.250403311835,11.961898622
1410,0.250403311835,11.96797778
1420,0.250403311835,12.043599428
1430,0.250403311835,12.05303107
1440,0.250403311835,12.096291853
1450,0.250403311835,12.212649857
1460,0.250403311835,12.222549343
1470,0.231141518617,12.23470372
1480,0.231141518617,12.246935442
1490,0.231141518617,12.436064286
1500,0.231141518617,12.565455242
1510,0.231141518617,12.65523586
1520,0.231141518617,12.671969149
1530,0.231141518617,12.781894491
1540,0.250403311835,12.882299142
1550,0.231141518617,12.997905535
1560,0.231141518617,13.088503043
1570,0.231141518617,13.096800202
1580,0.231141518617,13.269225205
1590,0.231141518617,13.2764458
1600,0.231141518617,13.338327391
1610,0.231141518617,13.413255165
1620,0.250403311835,13.51147887
1630,0.250403311835,13.620024656
1640,0.273167249274,13.63315492
1650,0.250403311835,13.828999049
1660,0.250403311835,13.904337556
1670,0.250403311835,13.918695858
1680,0.250403311835,13.930989313
1690,0.250403311835,14.178490548
1700,0.250403311835,14.310505776
1710,0.300483974202,14.373132199
1720,0.250403311835,14.40853065
1730,0.250403311835,14.504916813
1740,0.250403311835,14.520250831
1750,0.273167249274,14.528429046
1760,0.250403311835,14.539271568
1770,0.250403311835,14.751143713
1780,0.250403311835,14.899163893
1790,0.250403311835,14.955330833
1800,0.250403311835,15.030985927
1810,0.250403311835,15.149227544
1820,0.273167249274,15.218032481
1830,0.250403311835,15.287751776
1840,0.250403311835,15.404843313
1850,0.250403311835,15.447922504
1860,0.250403311835,15.527762805
1870,0.273167249274,15.600062201
1880,0.250403311835,15.612221597
1890,0.250403311835,15.761887905
1900,0.250403311835,15.824876016
1910,0.273167249274,15.836552289
1920,0.250403311835,16.015296185
1930,0.250403311835,16.070331569
1940,0.250403311835,16.174811329
1950,0.250403311835,16.251680525
1960,0.250403311835,16.390701935
1970,0.250403311835,16.524604706
1980,0.250403311835,16.568652235
1990,0.250403311835,16.674038531
2000,0.250403311835,16.772122262
2010,0.250403311835,16.787288825
2020,0.250403311835,16.796880787
2030,0.250403311835,16.964313323
2040,0.273167249274,16.980907613
2050,0.250403311835,17.160736281
2060,0.250403311835,17.236000565
2070,0.250403311835,17.245252891
2080,0.250403311835,17.279914443
2090,0.250403311835,17.295226612
2100,0.250403311835,17.441160432
2110,0.250403311835,17.457006283
2120,0.250403311835,17.662887808
2130,0.273167249274,17.7605053
2140,0.273167249274,17.776518563
2150,0.250403311835,17.898868305
2160,0.250403311835,17.954005031
2170,0.250403311835,18.055994254
2180,0.250403311835,18.071674862
2190,0.250403311835,18.285134067
2200,0.250403311835,18.370989089
2210,0.250403311835,18.379004685
2220,0.250403311835,18.542312074
2230,0.250403311835,18.627626958
2240,0.250403311835,18.77239125
2250,0.250403311835,18.879047647
2260,0.250403311835,18.945297254
2270,0.273167249274,18.961673172
2280,0.273167249274,19.115324205
2290,0.273167249274,19.283571612
2300,0.273167249274,19.291918493
2310,0.273167249274,19.401422392
2320,0.273167249274,19.494555475
2330,0.300483974202,19.509362002
2340,0.300483974202,19.676522756
2350,0.273167249274,19.802730515
2360,0.273167249274,19.925137192
2370,0.273167249274,19.941663423
2380,0.273167249274,19.950249395
2390,0.300483974202,20.177754844
2400,0.300483974202,20.372844533
2410,0.300483974202,20.387452037
2420,0.300483974202,20.535642433
2430,0.300483974202,20.550550317
2440,0.300483974202,20.707238554
2450,0.300483974202,20.777275707
2460,0.300483974202,20.805437217
2470,0.300483974202,20.814200001
2480,0.300483974202,20.995822433
2490,0.300483974202,21.097184756
2500,0.300483974202,21.146101811
2510,0.300483974202,21.221651326
2520,0.300483974202,21.286473035
2530,0.300483974202,21.298048259
2540,0.300483974202,21.572288826
2550,0.300483974202,21.669860974
2560,0.300483974202,21.688385831
2570,0.300483974202,21.881864128
2580,0.300483974202,21.887572679
2590,0.300483974202,21.92880187
2600,0.300483974202,22.024002941
2610,0.300483974202,22.084940458
2620,0.300483974202,22.088640252
2630,0.300483974202,22.17015137
2640,0.300483974202,22.320113225
2650,0.300483974202,22.395528379
2660,0.300483974202,22.45112435
2670,0.300483974202,22.532467417
2680,0.300483974202,22.547179361
2690,0.300483974202,22.562050101
2700,0.300483974202,22.772080358
2710,0.300483974202,22.851715321
2720,0.300483974202,22.9233565
2730,0.300483974202,23.048863083
2740,0.300483974202,23.065150633
2750,0.300483974202,23.071930124
2760,0.300483974202,23.186335308
2770,0.300483974202,23.255032463
2780,0.300483974202,23.366748535
2790,0.300483974202,23.518341846
2800,0.300483974202,23.649551623
2810,0.300483974202,23.665175117
2820,0.300483974202,23.676181459
2830,0.300483974202,23.857738215
2840,0.300483974202,23.941888634
2850,0.300483974202,24.000928662
2860,0.300483974202,24.13557524
2870,0.300483974202,24.149096103
2880,0.300483974202,24.159931646
2890,0.300483974202,24.379630923
2900,0.300483974202,24.459652982
2910,0.300483974202,24.582490235
2920,0.333871082446,24.662975626
2930,0.333871082446,24.81903359
2940,0.333871082446,24.964126864
2950,0.333871082446,25.027477311
2960,0.333871082446,25.099468005
2970,0.333871082446,25.246414012
2980,0.333871082446,25.294659039
2990,0.333871082446,25.382457961
3000,0.333871082446,25.442236769
3010,0.333871082446,25.510025446
3020,0.333871082446,25.613410343
3030,0.333871082446,25.678013445
3040,0.333871082446,25.764835097
3050,0.333871082446,25.816958849
3060,0.333871082446,25.950426752
3070,0.333871082446,26.054607784
3080,0.333871082446,26.151402623
3090,0.333871082446,26.168112268
3100,0.333871082446,26.361792084
3110,0.333871082446,26.432429664
3120,0.333871082446,26.445699341
3130,0.333871082446,26.622432071
3140,0.333871082446,26.73885809
3150,0.375604967752,26.845340388
3160,0.375604967752,26.857349883
3170,0.375604967752,26.977904701
3180,0.375604967752,27.094536934
3190,0.375604967752,27.172280619
3200,0.429262820288,27.254888964
3210,0.429262820288,27.343839966
3220,0.429262820288,27.398395664
3230,0.429262820288,27.525713171
3240,0.429262820288,27.539846355
3250,0.429262820288,27.689005517
3260,0.429262820288,27.706798044
3270,0.429262820288,27.866394216
3280,0.429262820288,27.938187077
3290,0.429262820288,27.951050647
3300,0.429262820288,28.103401349
3310,0.429262820288,28.185566486
3320,0.429262820288,28.200785301
3330,0.429262820288,28.212693977
3340,0.429262820288,28.386879611
3350,0.429262820288,28.50789859
3360,0.429262820288,28.601662926
3370,0.429262820288,28.758585105
3380,0.429262820288,28.826008101
3390,0.429262820288,28.927604666
3400,0.429262820288,29.048169938
3410,0.429262820288,29.057909418
3420,0.429262820288,29.068286385
3430,0.429262820288,29.272979638
3440,0.429262820288,29.283539611
3450,0.429262820288,29.444023961
3460,0.429262820288,29.578251765
3470,0.429262820288,29.69463761
3480,0.429262820288,29.709651353
3490,0.429262820288,29.829499213
3500,0.429262820288,29.845454942
3510,0.429262820288,30.056230265
3520,0.429262820288,30.070260212
3530,0.429262820288,30.165771609
3540,0.429262820288,30.276724184
3550,0.429262820288,30.290237765
3560,0.429262820288,30.514945345
3570,0.429262820288,30.611931243
3580,0.429262820288,30.644065013
3590,0.429262820288,30.826574078
3600,0.429262820288,30.958381195
3610,0.429262820288,31.015537629
3620,0.429262820288,31.160404997
3630,0.429262820288,31.226007035
3640,0.429262820288,31.268958788
3650,0.429262820288,31.277280158
3660,0.429262820288,31.288209785
3670,0.429262820288,31.481500365
3680,0.429262820288,31.551379697
3690,0.429262820288,31.75688938
3700,0.429262820288,31.839666408
3710,0.429262820288,31.854750551
3720,0.429262820288,31.866650808
3730,0.429262820288,32.041023695
3740,0.429262820288,32.222366314
3750,0.429262820288,32.240580552
3760,0.429262820288,32.362261032
3770,0.429262820288,32.372849727
3780,0.429262820288,32.545583792
3790,0.429262820288,32.56122676
3800,0.429262820288,32.573659365
3810,0.429262820288,32.826451039
3820,0.429262820288,32.84153614
3830,0.429262820288,32.857407977
3840,0.429262820288,33.158093217
3850,0.429262820288,33.279005081
3860,0.429262820288,33.315159132
3870,0.429262820288,33.43096426
3880,0.429262820288,33.445028733
3890,0.429262820288,33.454710716
3900,0.429262820288,33.468369058
3910,0.429262820288,33.47860529
3920,0.429262820288,33.746681228
3930,0.429262820288,33.824968839
3940,0.429262820288,33.929391709
3950,0.429262820288,33.987629013
3960,0.429262820288,34.056196164
3970,0.429262820288,34.161292797
3980,0.429262820288,34.174089035
3990,0.429262820288,34.297119123
4000,0.429262820288,34.312517551
