iterations,fitness,time
0,0.130645206175,0.032522607
10,0.125201655917,0.174373295
20,0.136583624637,0.34244462
30,0.130645206175,0.55607192
40,0.130645206175,0.714929752
50,0.130645206175,1.009952844
60,0.143087606763,1.287061942
70,0.143087606763,1.449914554
80,0.143087606763,1.668158468
90,0.158149460106,1.848830343
100,0.150241987101,2.119823318
110,0.143087606763,2.316432277
120,0.150241987101,2.561791709
130,0.150241987101,2.613796787
140,0.158149460106,2.678962288
150,0.158149460106,2.920748348
160,0.158149460106,3.204065404
170,0.158149460106,3.432313875
180,0.158149460106,3.655301818
190,0.150241987101,3.935826722
200,0.158149460106,4.232782118
210,0.158149460106,4.6153528
220,0.166935541223,4.844820556
230,0.166935541223,5.103474901
240,0.166935541223,5.254130619
250,0.176755278942,5.414038708
260,0.166935541223,5.657152081
270,0.176755278942,5.798187276
280,0.176755278942,6.017235495
290,0.176755278942,6.256921668
300,0.176755278942,6.437346444
310,0.187802483876,6.675336873
320,0.187802483876,7.0074126
330,0.200322649468,7.33773469
340,0.187802483876,7.52785784
350,0.187802483876,7.781780489
360,0.187802483876,7.987913011
370,0.187802483876,8.198060795
380,0.187802483876,8.443698982
390,0.187802483876,8.651287448
400,0.187802483876,8.883278512
410,0.187802483876,9.135223082
420,0.200322649468,9.297742477
430,0.200322649468,9.565651192
440,0.187802483876,9.82595046
450,0.187802483876,10.0485023
460,0.187802483876,10.25744064
470,0.214631410144,10.278378815
480,0.187802483876,10.72613319
490,0.187802483876,10.966119496
500,0.187802483876,11.172417577
510,0.187802483876,11.401116919
520,0.200322649468,11.599478737
530,0.200322649468,11.882259121
540,0.200322649468,12.025124714
550,0.200322649468,12.260318257
560,0.214631410144,12.349825777
570,0.214631410144,12.490284814
580,0.214631410144,12.810064618
590,0.214631410144,12.986703486
600,0.231141518617,13.123247612
610,0.231141518617,13.349998689
620,0.231141518617,13.464986078
630,0.231141518617,13.522156656
640,0.250403311835,13.899573763
650,0.231141518617,14.200034984
660,0.231141518617,14.311141383
670,0.231141518617,14.602556558
680,0.231141518617,14.68940312
690,0.231141518617,14.897222555
700,0.250403311835,15.171768756
710,0.231141518617,15.421842247
720,0.231141518617,15.668189446
730,0.231141518617,15.912671272
740,0.231141518617,16.129419465
750,0.231141518617,16.413275744
760,0.231141518617,16.650212081
770,0.231141518617,16.824965986
780,0.250403311835,17.172121884
790,0.231141518617,17.361579394
800,0.231141518617,17.586973153
810,0.231141518617,17.838956927
820,0.231141518617,18.1552018
830,0.231141518617,18.34449389
840,0.231141518617,18.573562474
850,0.273167249274,18.699670072
860,0.273167249274,18.884529955
870,0.273167249274,19.226926873
880,0.273167249274,19.267044319
890,0.273167249274,19.6986245
900,0.273167249274,20.006199198
910,0.273167249274,20.238784155
920,0.273167249274,20.492500496
930,0.273167249274,20.756348942
940,0.273167249274,20.970279841
950,0.273167249274,21.288782553
960,0.273167249274,21.484483448
970,0.273167249274,21.724439985
980,0.273167249274,22.182056582
990,0.300483974202,22.409696382
1000,0.273167249274,22.687231324
1010,0.273167249274,22.928806125
1020,0.273167249274,23.125102577
1030,0.273167249274,23.337458384
1040,0.273167249274,23.607993608
1050,0.273167249274,23.824237367
1060,0.273167249274,24.10870563
1070,0.273167249274,24.285378086
1080,0.273167249274,24.629514539
1090,0.273167249274,24.872320623
1100,0.273167249274,25.024845272
1110,0.273167249274,25.3156479
1120,0.273167249274,25.509007156
1130,0.273167249274,25.66888499
1140,0.273167249274,25.711242515
1150,0.273167249274,26.061622339
1160,0.273167249274,26.428659415
1170,0.273167249274,26.59813281
1180,0.273167249274,26.918087804
1190,0.273167249274,27.124614357
1200,0.300483974202,27.400603922
1210,0.273167249274,27.505415911
1220,0.273167249274,27.689505083
1230,0.273167249274,27.93297194
1240,0.273167249274,28.112784243
1250,0.273167249274,28.507443002
1260,0.273167249274,28.734872803
1270,0.273167249274,28.858744641
1280,0.273167249274,29.16644087
1290,0.300483974202,29.520242145
1300,0.300483974202,29.693370558
1310,0.300483974202,29.887220935
1320,0.300483974202,29.926865305
1330,0.300483974202,30.282800241
1340,0.300483974202,30.716152207
1350,0.300483974202,30.968226365
1360,0.300483974202,31.219124499
1370,0.300483974202,31.517275623
1380,0.300483974202,31.824542399
1390,0.300483974202,32.006349398
1400,0.300483974202,32.421764109
1410,0.300483974202,32.449683988
1420,0.300483974202,32.866964034
1430,0.300483974202,33.163726493
1440,0.300483974202,33.534694821
1450,0.300483974202,33.868373003
1460,0.300483974202,33.904427256
1470,0.333871082446,34.204088791
1480,0.333871082446,34.315276108
1490,0.333871082446,34.587327032
1500,0.333871082446,34.707126791
1510,0.333871082446,34.966230707
1520,0.333871082446,35.145585205
1530,0.333871082446,35.204005942
1540,0.333871082446,35.385265655
1550,0.333871082446,35.588958624
1560,0.333871082446,35.603969615
1570,0.333871082446,35.734027764
1580,0.333871082446,35.903189258
1590,0.333871082446,36.134928658
1600,0.333871082446,36.313445867
1610,0.333871082446,36.420483624
1620,0.333871082446,36.6647885
1630,0.333871082446,36.80527374
1640,0.333871082446,36.921816698
1650,0.333871082446,37.091393175
1660,0.333871082446,37.29455282
1670,0.333871082446,37.442388137
1680,0.333871082446,37.632752464
1690,0.333871082446,37.809755895
1700,0.333871082446,37.967536897
1710,0.333871082446,38.145446238
1720,0.333871082446,38.313521571
1730,0.333871082446,38.488245054
1740,0.333871082446,38.651279136
1750,0.333871082446,38.834295865
1760,0.333871082446,39.014047078
1770,0.333871082446,39.272928896
1780,0.333871082446,39.398573505
1790,0.333871082446,39.601005326
1800,0.333871082446,39.694900418
1810,0.333871082446,39.830323919
1820,0.333871082446,40.015377011
1830,0.333871082446,40.088054437
1840,0.333871082446,40.234568701
1850,0.333871082446,40.395385208
1860,0.333871082446,40.63945526
1870,0.333871082446,40.814194312
1880,0.333871082446,40.940117518
1890,0.333871082446,41.060600629
1900,0.333871082446,41.155337786
1910,0.333871082446,41.361682318
1920,0.333871082446,41.578546315
1930,0.333871082446,41.780524778
1940,0.333871082446,41.942064331
1950,0.333871082446,42.13308713
1960,0.333871082446,42.261513619
1970,0.333871082446,42.461865601
1980,0.333871082446,42.625533636
1990,0.333871082446,42.810294291
2000,0.333871082446,42.912737184
2010,0.333871082446,43.025166373
2020,0.333871082446,43.248068732
2030,0.333871082446,43.396197299
2040,0.333871082446,43.636731929
2050,0.375604967752,43.817006037
2060,0.333871082446,44.014351669
2070,0.333871082446,44.143794584
2080,0.333871082446,44.175767985
2090,0.333871082446,44.360192256
2100,0.375604967752,44.549934599
2110,0.333871082446,44.660103537
2120,0.333871082446,44.847741081
2130,0.333871082446,45.020101187
2140,0.375604967752,45.220584166
2150,0.375604967752,45.433906517
2160,0.375604967752,45.534863635
2170,0.375604967752,45.706575006
2180,0.375604967752,45.873430145
2190,0.375604967752,46.030124433
2200,0.375604967752,46.232960125
2210,0.375604967752,46.418789774
2220,0.375604967752,46.601737022
2230,0.375604967752,46.720513864
2240,0.375604967752,46.890812247
2250,0.375604967752,47.070700787
2260,0.375604967752,47.20693447
2270,0.375604967752,47.414997654
2280,0.375604967752,47.590151913
2290,0.375604967752,47.775287969
2300,0.375604967752,47.981761557
2310,0.375604967752,48.190215987
2320,0.375604967752,48.361154598
2330,0.375604967752,48.55375949
2340,0.375604967752,48.679526267
2350,0.375604967752,48.899989507
2360,0.375604967752,49.061069737
2370,0.375604967752,49.197162404
2380,0.375604967752,49.471754149
2390,0.375604967752,49.617223141
2400,0.375604967752,49.796627161
2410,0.375604967752,49.959892932
2420,0.375604967752,50.137457831
2430,0.375604967752,50.306969656
2440,0.375604967752,50.519594248
2450,0.375604967752,50.717569848
2460,0.375604967752,50.883960228
2470,0.375604967752,51.1002409
2480,0.375604967752,51.271942092
2490,0.375604967752,51.445222042
2500,0.375604967752,51.660491408
2510,0.375604967752,51.825733893
2520,0.375604967752,52.028293147
2530,0.375604967752,52.194963084
2540,0.375604967752,52.389361888
2550,0.429262820288,52.600937355
2560,0.429262820288,52.785395533
2570,0.429262820288,52.992000134
2580,0.429262820288,53.172956929
2590,0.500806623669,53.330560848
2600,0.500806623669,53.557731514
2610,0.500806623669,53.720818131
2620,0.500806623669,53.834346025
2630,0.500806623669,54.00481161
2640,0.500806623669,54.177132977
2650,0.500806623669,54.398864689
2660,0.500806623669,54.492242314
2670,0.500806623669,54.654086889
2680,0.500806623669,54.957990393
2690,0.500806623669,55.071203407
2700,0.500806623669,55.217606696
2710,0.500806623669,55.380401543
2720,0.500806623669,55.560886002
2730,0.500806623669,55.68846154
2740,0.500806623669,55.922305788
2750,0.500806623669,56.048656953
2760,0.500806623669,56.179362785
2770,0.500806623669,56.28911095
2780,0.500806623669,56.446542973
2790,0.500806623669,56.594335102
2800,0.500806623669,56.71620361
2810,0.500806623669,56.787555813
2820,0.500806623669,56.915547172
2830,0.500806623669,56.987204174
2840,0.500806623669,57.058963176
2850,0.500806623669,57.19946693
2860,0.500806623669,57.280469803
2870,0.500806623669,57.416879572
2880,0.500806623669,57.50055021
2890,0.500806623669,57.60110485
2900,0.500806623669,57.680716104
2910,0.500806623669,57.751899831
2920,0.500806623669,57.820186809
2930,0.500806623669,57.906738685
2940,0.500806623669,57.99750498
2950,0.500806623669,58.088029223
2960,0.500806623669,58.203052026
2970,0.500806623669,58.284714452
2980,0.500806623669,58.35587083
2990,0.500806623669,58.438137854
3000,0.500806623669,58.498315735
3010,0.500806623669,58.614216722
3020,0.500806623669,58.663253066
3030,0.500806623669,58.7621586
3040,0.500806623669,58.838016761
3050,0.500806623669,58.925941281
3060,0.500806623669,59.002052659
3070,0.500806623669,59.101353122
3080,0.500806623669,59.206530503
3090,0.500806623669,59.289763504
3100,0.500806623669,59.353117493
3110,0.500806623669,59.43263927
3120,0.500806623669,59.502872909
3130,0.500806623669,59.577982133
3140,0.500806623669,59.695030795
3150,0.500806623669,59.787115368
3160,0.500806623669,59.865009024
3170,0.500806623669,59.953810233
3180,0.500806623669,59.993752731
3190,0.500806623669,60.109104109
3200,0.500806623669,60.178881874
3210,0.500806623669,60.283045069
3220,0.500806623669,60.317699209
3230,0.500806623669,60.393723063
3240,0.500806623669,60.489097089
3250,0.500806623669,60.557880043
3260,0.500806623669,60.636229733
3270,0.500806623669,60.73489133
3280,0.500806623669,60.837635443
3290,0.500806623669,60.928718558
3300,0.500806623669,61.037358375
3310,0.500806623669,61.126198062
3320,0.500806623669,61.221824402
3330,0.500806623669,61.322870781
3340,0.600967948403,61.409505726
3350,0.600967948403,61.49815625
3360,0.600967948403,61.597585615
3370,0.600967948403,61.662949154
3380,0.600967948403,61.746359779
3390,0.600967948403,61.862943489
3400,0.600967948403,61.949511108
3410,0.600967948403,62.036309027
3420,0.600967948403,62.130093344
3430,0.600967948403,62.248399178
3440,0.600967948403,62.324934732
3450,0.600967948403,62.423394781
3460,0.600967948403,62.510950039
3470,0.600967948403,62.620170979
3480,0.600967948403,62.680484865
3490,0.600967948403,62.780420832
3500,0.600967948403,62.88572639
3510,0.600967948403,62.9607354
3520,0.600967948403,63.034649927
3530,0.600967948403,63.145398404
3540,0.600967948403,63.224572424
3550,0.600967948403,63.304565985
3560,0.600967948403,63.379547769
3570,0.600967948403,63.480753806
3580,0.600967948403,63.558923097
3590,0.600967948403,63.665954576
3600,0.600967948403,63.73925118
3610,0.600967948403,63.833679629
3620,0.600967948403,63.911144522
3630,0.600967948403,64.026920106
3640,0.600967948403,64.101970754
3650,0.600967948403,64.198439109
3660,0.600967948403,64.298158765
3670,0.600967948403,64.414521879
3680,0.600967948403,64.512366816
3690,0.600967948403,64.57448195
3700,0.600967948403,64.675232692
3710,0.600967948403,64.772744222
3720,0.600967948403,64.80382624
3730,0.600967948403,64.900463906
3740,0.600967948403,64.976474098
3750,0.600967948403,65.048481862
3760,0.600967948403,65.124582749
3770,0.600967948403,65.220455966
3780,0.600967948403,65.294895965
3790,0.600967948403,65.37764959
3800,0.600967948403,65.451210482
3810,0.600967948403,65.562490219
3820,0.600967948403,65.636504685
3830,0.600967948403,65.713849345
3840,0.600967948403,65.835583002
3850,0.600967948403,65.894530067
3860,0.600967948403,65.995603935
3870,0.600967948403,66.064951004
3880,0.600967948403,66.149849985
3890,0.600967948403,66.260620379
3900,0.600967948403,66.359174941
3910,0.600967948403,66.451567565
3920,0.600967948403,66.512572015
3930,0.600967948403,66.592140732
3940,0.600967948403,66.644064567
3950,0.600967948403,66.720297195
3960,0.600967948403,66.774243316
3970,0.600967948403,66.852909823
3980,0.600967948403,66.938794592
3990,0.600967948403,66.99121204
4000,0.600967948403,67.043984577
