iterations,fitness,time
0,0.049947311521,0.016855488
10,0.049947311521,0.038840533
20,0.0525761173905,0.065411881
30,0.0554970128011,0.084932517
40,0.0525761173905,0.099505669
50,0.049947311521,0.116930832
60,0.0525761173905,0.131135169
70,0.0525761173905,0.145071957
80,0.0554970128011,0.160200728
90,0.0587615429658,0.170929435
100,0.0587615429658,0.193018801
110,0.0587615429658,0.196937979
120,0.0624341394012,0.202850806
130,0.0624341394012,0.208955598
140,0.0624341394012,0.214993615
150,0.0624341394012,0.230559962
160,0.0587615429658,0.246442407
170,0.0624341394012,0.252140253
180,0.0587615429658,0.256628201
190,0.0587615429658,0.260421414
200,0.0624341394012,0.271129758
210,0.0624341394012,0.307339694
220,0.0624341394012,0.318591227
230,0.0665964153613,0.341439685
240,0.0713533021728,0.35373411
250,0.0713533021728,0.369121147
260,0.0768420177246,0.386174641
270,0.0713533021728,0.390693556
280,0.0713533021728,0.410347985
290,0.0713533021728,0.421026977
300,0.0832455192016,0.429309532
310,0.0832455192016,0.459620624
320,0.0768420177246,0.464317736
330,0.0768420177246,0.467524319
340,0.0768420177246,0.475197391
350,0.0768420177246,0.484880709
360,0.0768420177246,0.492216014
370,0.0768420177246,0.531374233
380,0.0832455192016,0.539796672
390,0.0908132936745,0.55697043
400,0.0908132936745,0.570824737
410,0.0908132936745,0.583642853
420,0.0998946230419,0.610428443
430,0.0998946230419,0.623099398
440,0.0998946230419,0.64266734
450,0.0998946230419,0.662065673
460,0.0998946230419,0.683983572
470,0.0998946230419,0.702082996
480,0.0998946230419,0.709341014
490,0.110994025602,0.715217195
500,0.110994025602,0.727963395
510,0.110994025602,0.757686224
520,0.110994025602,0.767041777
530,0.110994025602,0.78369116
540,0.110994025602,0.796901228
550,0.110994025602,0.810974605
560,0.124868278802,0.822845249
570,0.124868278802,0.852899575
580,0.124868278802,0.869642659
590,0.124868278802,0.894959841
600,0.124868278802,0.899591939
610,0.142706604346,0.901496858
620,0.124868278802,0.928155662
630,0.124868278802,0.947007429
640,0.124868278802,0.96080183
650,0.124868278802,0.965615819
660,0.124868278802,0.987750702
670,0.124868278802,0.994087416
680,0.124868278802,1.012803902
690,0.124868278802,1.027453201
700,0.124868278802,1.052456163
710,0.124868278802,1.063811299
720,0.124868278802,1.086274772
730,0.124868278802,1.094362576
740,0.124868278802,1.11801489
750,0.124868278802,1.1295696
760,0.124868278802,1.141199071
770,0.124868278802,1.16017294
780,0.124868278802,1.176764613
790,0.124868278802,1.19208337
800,0.124868278802,1.216428724
810,0.142706604346,1.22475655
820,0.142706604346,1.247183822
830,0.142706604346,1.264616219
840,0.142706604346,1.294809428
850,0.142706604346,1.306284436
860,0.142706604346,1.331917969
870,0.142706604346,1.351288175
880,0.142706604346,1.366023164
890,0.142706604346,1.382817495
900,0.142706604346,1.398302674
910,0.142706604346,1.418383384
920,0.142706604346,1.433345516
930,0.142706604346,1.463869984
940,0.142706604346,1.482174315
950,0.142706604346,1.503764269
960,0.142706604346,1.520024704
970,0.142706604346,1.535636263
980,0.142706604346,1.551408091
990,0.142706604346,1.576863377
1000,0.142706604346,1.596834907
1010,0.142706604346,1.614573693
1020,0.142706604346,1.636053277
1030,0.142706604346,1.653611591
1040,0.142706604346,1.68459111
1050,0.142706604346,1.704628129
1060,0.142706604346,1.730559225
1070,0.142706604346,1.751413168
1080,0.142706604346,1.759704775
1090,0.142706604346,1.78865342
1100,0.142706604346,1.809510792
1110,0.142706604346,1.829808046
1120,0.142706604346,1.853357568
1130,0.142706604346,1.872990613
1140,0.142706604346,1.884198137
1150,0.142706604346,1.896296925
1160,0.142706604346,1.912483312
1170,0.142706604346,1.931048378
1180,0.142706604346,1.940881952
1190,0.142706604346,1.969997499
1200,0.142706604346,1.993198693
1210,0.142706604346,2.001558199
1220,0.142706604346,2.018467908
1230,0.142706604346,2.0310424
1240,0.142706604346,2.046231401
1250,0.142706604346,2.063508595
1260,0.142706604346,2.07390853
1270,0.142706604346,2.107435325
1280,0.142706604346,2.117503773
1290,0.142706604346,2.143268306
1300,0.142706604346,2.161785729
1310,0.142706604346,2.183544583
1320,0.142706604346,2.210848536
1330,0.142706604346,2.22301473
1340,0.142706604346,2.234667608
1350,0.142706604346,2.252455282
1360,0.142706604346,2.276717133
1370,0.142706604346,2.299657213
1380,0.142706604346,2.305736758
1390,0.142706604346,2.313805831
1400,0.142706604346,2.324506019
1410,0.142706604346,2.345774129
1420,0.142706604346,2.372907402
1430,0.142706604346,2.39571727
1440,0.142706604346,2.415709715
1450,0.142706604346,2.435429491
1460,0.142706604346,2.455294959
1470,0.142706604346,2.466081324
1480,0.142706604346,2.484289151
1490,0.142706604346,2.510501396
1500,0.142706604346,2.517997547
1510,0.142706604346,2.52568385
1520,0.142706604346,2.551413789
1530,0.142706604346,2.571615446
1540,0.142706604346,2.589462155
1550,0.142706604346,2.612657608
1560,0.142706604346,2.629838016
1570,0.142706604346,2.657286792
1580,0.142706604346,2.678176495
1590,0.142706604346,2.693591373
1600,0.142706604346,2.708758826
1610,0.142706604346,2.727675624
1620,0.142706604346,2.753326598
1630,0.142706604346,2.773329586
1640,0.142706604346,2.797042627
1650,0.166491038403,2.814293591
1660,0.142706604346,2.834101191
1670,0.142706604346,2.848901328
1680,0.142706604346,2.879529514
1690,0.142706604346,2.904534883
1700,0.142706604346,2.915871804
1710,0.142706604346,2.937385198
1720,0.142706604346,2.962711771
1730,0.142706604346,2.984663849
1740,0.142706604346,2.995777978
1750,0.142706604346,3.011872109
1760,0.142706604346,3.024444575
1770,0.142706604346,3.0501833
1780,0.142706604346,3.070866632
1790,0.142706604346,3.088897169
1800,0.142706604346,3.099526028
1810,0.166491038403,3.116409317
1820,0.166491038403,3.129127433
1830,0.166491038403,3.143331101
1840,0.166491038403,3.16694675
1850,0.166491038403,3.194421375
1860,0.166491038403,3.224595643
1870,0.166491038403,3.243013712
1880,0.166491038403,3.254771683
1890,0.166491038403,3.275366679
1900,0.166491038403,3.298219991
1910,0.166491038403,3.314201388
1920,0.166491038403,3.327799961
1930,0.166491038403,3.348266899
1940,0.166491038403,3.363337907
1950,0.166491038403,3.381067353
1960,0.166491038403,3.401918711
1970,0.166491038403,3.413921444
1980,0.166491038403,3.431481633
1990,0.166491038403,3.459615671
2000,0.166491038403,3.47153517
2010,0.166491038403,3.503995112
2020,0.166491038403,3.510104958
2030,0.166491038403,3.515372334
2040,0.166491038403,3.520912539
2050,0.166491038403,3.534983176
2060,0.166491038403,3.563957171
2070,0.166491038403,3.585418083
2080,0.166491038403,3.599852166
2090,0.166491038403,3.609049669
2100,0.166491038403,3.6291038
2110,0.166491038403,3.643265651
2120,0.166491038403,3.668008749
2130,0.166491038403,3.675049565
2140,0.166491038403,3.696449197
2150,0.166491038403,3.702655191
2160,0.166491038403,3.717489532
2170,0.166491038403,3.72386371
2180,0.166491038403,3.750065794
2190,0.166491038403,3.763319828
2200,0.166491038403,3.785168557
2210,0.166491038403,3.812341483
2220,0.166491038403,3.81847196
2230,0.166491038403,3.831440425
2240,0.166491038403,3.835490656
2250,0.166491038403,3.878403353
2260,0.166491038403,3.886000342
2270,0.166491038403,3.913669676
2280,0.166491038403,3.931334769
2290,0.166491038403,3.949079092
2300,0.166491038403,3.963651795
2310,0.166491038403,3.98075349
2320,0.166491038403,3.995901998
2330,0.166491038403,4.012074163
2340,0.166491038403,4.020562915
2350,0.166491038403,4.038002194
2360,0.166491038403,4.052579497
2370,0.166491038403,4.070070217
2380,0.166491038403,4.090491596
2390,0.166491038403,4.108497417
2400,0.166491038403,4.119537959
2410,0.199789246084,4.146634
2420,0.199789246084,4.154401661
2430,0.199789246084,4.161108185
2440,0.199789246084,4.171169266
2450,0.199789246084,4.184634731
2460,0.199789246084,4.199483979
2470,0.199789246084,4.213271611
2480,0.199789246084,4.221687981
2490,0.199789246084,4.247850752
2500,0.199789246084,4.255182791
2510,0.199789246084,4.277485524
2520,0.199789246084,4.302596035
2530,0.199789246084,4.331686308
2540,0.199789246084,4.352727886
2550,0.199789246084,4.359429175
2560,0.199789246084,4.37761216
2570,0.199789246084,4.393902382
2580,0.199789246084,4.402428741
2590,0.199789246084,4.416875581
2600,0.199789246084,4.447140793
2610,0.199789246084,4.473360744
2620,0.199789246084,4.491096973
2630,0.199789246084,4.508388217
2640,0.199789246084,4.531057247
2650,0.199789246084,4.545090519
2660,0.199789246084,4.563299731
2670,0.199789246084,4.577955082
2680,0.199789246084,4.582313304
2690,0.199789246084,4.597543015
2700,0.199789246084,4.609671176
2710,0.199789246084,4.633269422
2720,0.199789246084,4.651642285
2730,0.199789246084,4.660913037
2740,0.199789246084,4.666401127
2750,0.199789246084,4.712195356
2760,0.199789246084,4.725031699
2770,0.199789246084,4.75584109
2780,0.199789246084,4.760744621
2790,0.199789246084,4.775848387
2800,0.199789246084,4.781723959
2810,0.199789246084,4.787142628
2820,0.199789246084,4.810165232
2830,0.199789246084,4.817293006
2840,0.199789246084,4.826890262
2850,0.199789246084,4.833248824
2860,0.199789246084,4.860612131
2870,0.199789246084,4.893092842
2880,0.199789246084,4.911637347
2890,0.199789246084,4.917058219
2900,0.199789246084,4.92528769
2910,0.199789246084,4.933496332
2920,0.199789246084,4.938901283
2930,0.199789246084,4.945213509
2940,0.199789246084,4.966826487
2950,0.199789246084,4.999120873
2960,0.199789246084,5.018456768
2970,0.199789246084,5.027724284
2980,0.199789246084,5.046249998
2990,0.199789246084,5.083945835
3000,0.199789246084,5.103040691
3010,0.199789246084,5.117228197
3020,0.199789246084,5.143333703
3030,0.199789246084,5.162493063
3040,0.199789246084,5.188793026
3050,0.199789246084,5.209828448
3060,0.199789246084,5.232664503
3070,0.199789246084,5.26462197
3080,0.199789246084,5.294320073
3090,0.199789246084,5.309661515
3100,0.199789246084,5.322736528
3110,0.199789246084,5.339736923
3120,0.199789246084,5.354357175
3130,0.199789246084,5.369374887
3140,0.199789246084,5.393546748
3150,0.199789246084,5.417310914
3160,0.199789246084,5.436926023
3170,0.199789246084,5.448491155
3180,0.249736557605,5.4685402
3190,0.249736557605,5.476232326
3200,0.249736557605,5.498252391
3210,0.249736557605,5.517040151
3220,0.249736557605,5.552910695
3230,0.249736557605,5.57314329
3240,0.249736557605,5.610915122
3250,0.249736557605,5.622393389
3260,0.249736557605,5.641565287
3270,0.249736557605,5.650690736
3280,0.249736557605,5.659866182
3290,0.249736557605,5.688549124
3300,0.249736557605,5.707958449
3310,0.249736557605,5.72921848
3320,0.249736557605,5.735488877
3330,0.249736557605,5.747356264
3340,0.249736557605,5.751789693
3350,0.249736557605,5.777785126
3360,0.249736557605,5.782708194
3370,0.249736557605,5.802151415
3380,0.249736557605,5.818293623
3390,0.249736557605,5.824562257
3400,0.249736557605,5.845534213
3410,0.249736557605,5.865762261
3420,0.249736557605,5.875113371
3430,0.249736557605,5.882322515
3440,0.249736557605,5.909183193
3450,0.249736557605,5.930749856
3460,0.249736557605,5.953723523
3470,0.249736557605,5.98550459
3480,0.249736557605,6.009446175
3490,0.249736557605,6.015355285
3500,0.249736557605,6.020070101
3510,0.249736557605,6.046764559
3520,0.249736557605,6.075830158
3530,0.249736557605,6.08533345
3540,0.249736557605,6.111996106
3550,0.249736557605,6.120139651
3560,0.249736557605,6.142443639
3570,0.249736557605,6.151086444
3580,0.249736557605,6.183613103
3590,0.249736557605,6.20270845
3600,0.249736557605,6.218181231
3610,0.249736557605,6.243618764
3620,0.249736557605,6.27059832
3630,0.249736557605,6.289787437
3640,0.249736557605,6.300563368
3650,0.249736557605,6.320782994
3660,0.249736557605,6.354290297
3670,0.249736557605,6.367036813
3680,0.249736557605,6.380978243
3690,0.249736557605,6.39971097
3700,0.249736557605,6.418044216
3710,0.249736557605,6.442436296
3720,0.249736557605,6.461870593
3730,0.249736557605,6.477107682
3740,0.249736557605,6.494347101
3750,0.249736557605,6.517336751
3760,0.249736557605,6.540298776
3770,0.249736557605,6.556304115
3780,0.249736557605,6.568178104
3790,0.249736557605,6.585008253
3800,0.249736557605,6.605473356
3810,0.249736557605,6.614821489
3820,0.249736557605,6.61954275
3830,0.249736557605,6.639325213
3840,0.249736557605,6.657562919
3850,0.249736557605,6.680469477
3860,0.249736557605,6.701646634
3870,0.249736557605,6.732604803
3880,0.249736557605,6.746600431
3890,0.249736557605,6.76962818
3900,0.249736557605,6.784867355
3910,0.249736557605,6.804423975
3920,0.249736557605,6.814513638
3930,0.249736557605,6.832066823
3940,0.249736557605,6.845474291
3950,0.249736557605,6.852715643
3960,0.249736557605,6.868391379
3970,0.249736557605,6.890622233
3980,0.249736557605,6.918506131
3990,0.249736557605,6.93319653
4000,0.249736557605,6.951858313
4010,0.249736557605,6.978880877
4020,0.249736557605,6.995293656
4030,0.249736557605,7.018746384
4040,0.249736557605,7.035174053
4050,0.249736557605,7.065690909
4060,0.332982076806,7.091709625
4070,0.249736557605,7.120906662
4080,0.249736557605,7.138054822
4090,0.249736557605,7.15734471
4100,0.249736557605,7.175572473
4110,0.249736557605,7.198068339
4120,0.332982076806,7.224135678
4130,0.249736557605,7.245607034
4140,0.249736557605,7.257211997
4150,0.249736557605,7.274521563
4160,0.249736557605,7.299752468
4170,0.249736557605,7.319975641
4180,0.249736557605,7.335114957
4190,0.249736557605,7.354556685
4200,0.249736557605,7.386776354
4210,0.249736557605,7.413427705
4220,0.249736557605,7.435504355
4230,0.249736557605,7.458496437
4240,0.249736557605,7.473609232
4250,0.249736557605,7.496856932
4260,0.249736557605,7.522112217
4270,0.249736557605,7.542862743
4280,0.249736557605,7.573152374
4290,0.249736557605,7.586027667
4300,0.249736557605,7.604261072
4310,0.249736557605,7.620134823
4320,0.249736557605,7.644978226
4330,0.249736557605,7.664386837
4340,0.249736557605,7.688600281
4350,0.332982076806,7.698460171
4360,0.332982076806,7.715665218
4370,0.332982076806,7.734340585
4380,0.332982076806,7.754508224
4390,0.332982076806,7.779059665
4400,0.332982076806,7.804174135
4410,0.332982076806,7.8265131
4420,0.332982076806,7.846422722
4430,0.332982076806,7.86852864
4440,0.332982076806,7.893386931
4450,0.332982076806,7.910888704
4460,0.332982076806,7.927374839
4470,0.332982076806,7.941107575
4480,0.332982076806,7.960317401
4490,0.332982076806,7.988071716
4500,0.332982076806,8.005853277
4510,0.332982076806,8.022149259
4520,0.332982076806,8.038973608
4530,0.332982076806,8.055159362
4540,0.332982076806,8.078136232
4550,0.332982076806,8.101995776
4560,0.332982076806,8.128072153
4570,0.332982076806,8.153508875
4580,0.332982076806,8.168048723
4590,0.332982076806,8.190463437
4600,0.332982076806,8.21139073
4610,0.332982076806,8.227433283
4620,0.332982076806,8.246670351
4630,0.332982076806,8.266326275
4640,0.332982076806,8.286570309
4650,0.332982076806,8.316312099
4660,0.332982076806,8.333741258
4670,0.332982076806,8.365983038
4680,0.332982076806,8.380606408
4690,0.332982076806,8.40294681
4700,0.332982076806,8.422624033
4710,0.332982076806,8.437844312
4720,0.332982076806,8.4695849
4730,0.332982076806,8.490118636
4740,0.332982076806,8.510990903
4750,0.332982076806,8.534566856
4760,0.332982076806,8.56266036
4770,0.332982076806,8.584563189
4780,0.332982076806,8.602678419
4790,0.332982076806,8.624750501
4800,0.332982076806,8.642952693
4810,0.332982076806,8.664454935
4820,0.332982076806,8.69281755
4830,0.332982076806,8.704692139
4840,0.332982076806,8.726005136
4850,0.332982076806,8.744780404
4860,0.332982076806,8.761305166
4870,0.332982076806,8.778946531
4880,0.332982076806,8.80137344
4890,0.332982076806,8.828646221
4900,0.332982076806,8.84664438
4910,0.332982076806,8.864376944
4920,0.332982076806,8.884611851
4930,0.332982076806,8.901953094
4940,0.332982076806,8.928214338
4950,0.332982076806,8.946073683
4960,0.332982076806,8.968932435
4970,0.332982076806,8.988416956
4980,0.332982076806,8.995631276
4990,0.332982076806,9.017871673
5000,0.332982076806,9.023797084
5010,0.332982076806,9.052089963
5020,0.332982076806,9.074843002
5030,0.332982076806,9.102151787
5040,0.332982076806,9.118462455
5050,0.332982076806,9.124820424
5060,0.332982076806,9.130920094
5070,0.332982076806,9.161629916
5080,0.332982076806,9.172106219
5090,0.332982076806,9.178144676
5100,0.332982076806,9.198799257
5110,0.332982076806,9.218344143
5120,0.332982076806,9.242773428
5130,0.332982076806,9.248013381
5140,0.332982076806,9.252596197
5150,0.332982076806,9.296754656
5160,0.332982076806,9.299543178
5170,0.332982076806,9.303478058
5180,0.332982076806,9.312432193
5190,0.332982076806,9.327375077
5200,0.332982076806,9.33341509
5210,0.332982076806,9.33894515
5220,0.332982076806,9.362727797
5230,0.332982076806,9.370675542
5240,0.332982076806,9.37613024
5250,0.332982076806,9.390600572
5260,0.332982076806,9.411035042
5270,0.332982076806,9.421938422
5280,0.332982076806,9.442706025
5290,0.332982076806,9.465009026
5300,0.332982076806,9.473812453
5310,0.332982076806,9.510301774
5320,0.332982076806,9.515958004
5330,0.332982076806,9.518221452
5340,0.332982076806,9.520388186
5350,0.332982076806,9.522013248
5360,0.332982076806,9.52278394
5370,0.332982076806,9.524414768
5380,0.332982076806,9.53649704
5390,0.332982076806,9.544980784
5400,0.332982076806,9.588120275
5410,0.332982076806,9.594341145
5420,0.332982076806,9.600044963
5430,0.332982076806,9.706883917
5440,0.332982076806,9.711423902
5450,0.332982076806,9.718501053
5460,0.332982076806,9.724396852
5470,0.332982076806,9.725171399
5480,0.332982076806,9.726849308
5490,0.332982076806,9.747780487
5500,0.332982076806,9.754123891
5510,0.332982076806,9.761860933
5520,0.332982076806,9.766934179
5530,0.332982076806,9.772214391
5540,0.332982076806,9.778621585
5550,0.332982076806,9.784152438
5560,0.332982076806,9.827380365
5570,0.332982076806,9.847197622
5580,0.332982076806,9.851781869
5590,0.332982076806,9.857110256
5600,0.332982076806,9.860903457
5610,0.332982076806,9.867205471
5620,0.332982076806,9.888842212
5630,0.332982076806,9.901765105
5640,0.332982076806,9.907731645
5650,0.332982076806,9.954394217
5660,0.332982076806,9.960827551
5670,0.332982076806,9.963705444
5680,0.332982076806,9.972254813
5690,0.332982076806,9.978848591
5700,0.332982076806,9.994686473
5710,0.332982076806,10.014268147
5720,0.332982076806,10.039037726
5730,0.332982076806,10.049772339
5740,0.332982076806,10.06119254
5750,0.332982076806,10.069353472
5760,0.332982076806,10.079717172
5770,0.332982076806,10.089932864
5780,0.332982076806,10.130404893
5790,0.332982076806,10.138778716
5800,0.332982076806,10.146428407
5810,0.332982076806,10.167296037
5820,0.332982076806,10.185789903
5830,0.332982076806,10.204750305
5840,0.332982076806,10.216435088
5850,0.332982076806,10.227686551
5860,0.332982076806,10.242087797
5870,0.332982076806,10.257993145
5880,0.332982076806,10.277647173
5890,0.332982076806,10.290490523
5900,0.332982076806,10.306870702
5910,0.332982076806,10.322337147
5920,0.332982076806,10.33055849
5930,0.332982076806,10.340753954
5940,0.332982076806,10.347704247
5950,0.332982076806,10.35862948
5960,0.332982076806,10.36317869
5970,0.332982076806,10.367640592
5980,0.332982076806,10.373392456
5990,0.332982076806,10.377997965
6000,0.332982076806,10.383308416
