iterations,fitness,time
0,0.150241987101,0.036569882
10,0.143087606763,0.133670523
20,0.150241987101,0.397570207
30,0.158149460106,0.554210064
40,0.158149460106,0.839088925
50,0.166935541223,1.089664122
60,0.158149460106,1.258244806
70,0.176755278942,1.455796229
80,0.176755278942,1.628846105
90,0.166935541223,1.880868836
100,0.166935541223,2.128339193
110,0.176755278942,2.380041809
120,0.176755278942,2.637770004
130,0.187802483876,3.025685125
140,0.187802483876,3.214364855
150,0.187802483876,3.425354648
160,0.200322649468,3.667581819
170,0.200322649468,3.978218553
180,0.200322649468,4.301526723
190,0.200322649468,4.484076404
200,0.200322649468,4.66782925
210,0.214631410144,4.876991617
220,0.231141518617,5.151450326
230,0.250403311835,5.467927563
240,0.250403311835,5.525496907
250,0.231141518617,5.830854491
260,0.231141518617,6.019160778
270,0.231141518617,6.243098644
280,0.231141518617,6.626927636
290,0.231141518617,6.932750973
300,0.273167249274,7.140088104
310,0.231141518617,7.332128362
320,0.231141518617,7.577154638
330,0.231141518617,7.824723045
340,0.231141518617,8.014895747
350,0.231141518617,8.303901775
360,0.231141518617,8.580545118
370,0.250403311835,8.839959365
380,0.250403311835,9.172326801
390,0.273167249274,9.402142187
400,0.250403311835,9.650310255
410,0.250403311835,9.921303633
420,0.250403311835,10.128766496
430,0.250403311835,10.340677671
440,0.250403311835,10.611686502
450,0.250403311835,10.829355084
460,0.250403311835,11.050361497
470,0.250403311835,11.239431635
480,0.273167249274,11.487782468
490,0.250403311835,11.791709627
500,0.250403311835,12.12892419
510,0.250403311835,12.172273972
520,0.273167249274,12.210768181
530,0.273167249274,12.329291788
540,0.273167249274,12.511497905
550,0.273167249274,12.613248043
560,0.273167249274,12.884748221
570,0.273167249274,13.173452387
580,0.300483974202,13.427456853
590,0.273167249274,13.520946712
600,0.300483974202,13.716655796
610,0.300483974202,14.0000012
620,0.300483974202,14.31686745
630,0.300483974202,14.504302944
640,0.273167249274,14.770702936
650,0.273167249274,14.792987179
660,0.273167249274,15.175003258
670,0.273167249274,15.440935005
680,0.273167249274,15.615684427
690,0.273167249274,15.810544154
700,0.273167249274,15.972830537
710,0.273167249274,16.314570206
720,0.273167249274,16.546396323
730,0.273167249274,16.879184853
740,0.273167249274,16.93896141
750,0.273167249274,17.265499146
760,0.273167249274,17.303859647
770,0.273167249274,17.77109857
780,0.300483974202,17.937536565
790,0.273167249274,18.325086621
800,0.300483974202,18.550637636
810,0.300483974202,18.944082181
820,0.300483974202,19.103498944
830,0.300483974202,19.272589891
840,0.300483974202,19.699849997
850,0.300483974202,19.822844917
860,0.300483974202,20.151080205
870,0.300483974202,20.391026968
880,0.300483974202,20.613924601
890,0.300483974202,20.816882658
900,0.300483974202,20.997109488
910,0.300483974202,21.252017546
920,0.300483974202,21.504537153
930,0.333871082446,21.771643223
940,0.300483974202,21.957212509
950,0.300483974202,22.188660941
960,0.300483974202,22.588082858
970,0.300483974202,22.882185249
980,0.300483974202,23.134886889
990,0.300483974202,23.465700037
1000,0.333871082446,23.576842468
1010,0.333871082446,23.869483287
1020,0.300483974202,24.114875588
1030,0.300483974202,24.358221602
1040,0.300483974202,24.619162668
1050,0.300483974202,24.941086765
1060,0.300483974202,25.135342146
1070,0.300483974202,25.437443828
1080,0.300483974202,25.700519713
1090,0.300483974202,25.90354182
1100,0.300483974202,26.182639044
1110,0.273167249274,26.409643554
1120,0.273167249274,26.591644901
1130,0.273167249274,26.891360751
1140,0.250403311835,27.117975039
1150,0.250403311835,27.39681226
1160,0.250403311835,27.659847785
1170,0.250403311835,27.912181444
1180,0.250403311835,28.195014608
1190,0.250403311835,28.467424334
1200,0.250403311835,28.746113054
1210,0.250403311835,29.004620966
1220,0.273167249274,29.279855434
1230,0.250403311835,29.540758057
1240,0.250403311835,29.732325082
1250,0.273167249274,30.025475566
1260,0.250403311835,30.48329569
1270,0.273167249274,30.509824936
1280,0.250403311835,30.715612544
1290,0.250403311835,30.747951815
1300,0.250403311835,30.768293334
1310,0.250403311835,31.188079212
1320,0.250403311835,31.592136714
1330,0.250403311835,31.754597451
1340,0.250403311835,31.965576988
1350,0.250403311835,32.368958785
1360,0.273167249274,32.479651875
1370,0.273167249274,32.852500044
1380,0.273167249274,33.088118339
1390,0.273167249274,33.388097733
1400,0.273167249274,33.820580596
1410,0.273167249274,33.926533224
1420,0.273167249274,34.317951657
1430,0.273167249274,34.518778415
1440,0.273167249274,34.739406874
1450,0.273167249274,34.973233126
1460,0.273167249274,35.07601127
1470,0.300483974202,35.306069253
1480,0.300483974202,35.457220372
1490,0.333871082446,35.584822771
1500,0.333871082446,35.751875842
1510,0.333871082446,35.827826408
1520,0.333871082446,35.955622177
1530,0.375604967752,36.126572803
1540,0.333871082446,36.310949968
1550,0.375604967752,36.361299096
1560,0.375604967752,36.642931389
1570,0.429262820288,36.650869608
1580,0.429262820288,36.781371569
1590,0.429262820288,36.907436693
1600,0.429262820288,37.062622447
1610,0.429262820288,37.255384309
1620,0.429262820288,37.377114229
1630,0.429262820288,37.667382779
1640,0.429262820288,37.809908009
1650,0.429262820288,38.042671447
1660,0.429262820288,38.185810302
1670,0.429262820288,38.33419973
1680,0.429262820288,38.531207753
1690,0.429262820288,38.629784732
1700,0.429262820288,38.637354937
1710,0.429262820288,38.869178282
1720,0.429262820288,39.006679141
1730,0.429262820288,39.168450028
1740,0.429262820288,39.323765879
1750,0.429262820288,39.544509628
1760,0.429262820288,39.742955515
1770,0.429262820288,39.878560668
1780,0.429262820288,40.020497557
1790,0.429262820288,40.173850807
1800,0.429262820288,40.344775854
1810,0.429262820288,40.516013825
1820,0.429262820288,40.694943769
1830,0.429262820288,40.905133256
1840,0.429262820288,41.106593702
1850,0.429262820288,41.163653167
1860,0.429262820288,41.328456766
1870,0.429262820288,41.475315045
1880,0.429262820288,41.691200723
1890,0.429262820288,41.927254216
1900,0.429262820288,42.061417525
1910,0.429262820288,42.242460165
1920,0.429262820288,42.406711738
1930,0.429262820288,42.536957168
1940,0.429262820288,42.795810521
1950,0.429262820288,42.970889748
1960,0.429262820288,43.187347627
1970,0.429262820288,43.382045269
1980,0.429262820288,43.510003676
1990,0.429262820288,43.687476073
2000,0.429262820288,43.859234322
2010,0.429262820288,44.057708896
2020,0.429262820288,44.187517391
2030,0.429262820288,44.386255294
2040,0.429262820288,44.529734083
2050,0.429262820288,44.748935783
2060,0.429262820288,44.940657434
2070,0.429262820288,45.12131166
2080,0.429262820288,45.305016006
2090,0.429262820288,45.49443387
2100,0.429262820288,45.657323939
2110,0.429262820288,45.794039465
2120,0.429262820288,45.988326828
2130,0.429262820288,46.13976781
2140,0.429262820288,46.347812236
2150,0.429262820288,46.503998407
2160,0.429262820288,46.66502318
2170,0.429262820288,46.858827767
2180,0.429262820288,47.029016268
2190,0.429262820288,47.210927465
2200,0.429262820288,47.375811501
2210,0.429262820288,47.571027286
2220,0.429262820288,47.7411307
2230,0.429262820288,47.937899949
2240,0.429262820288,48.116751654
2250,0.429262820288,48.330289825
2260,0.429262820288,48.520297177
2270,0.429262820288,48.682978613
2280,0.429262820288,48.879045239
2290,0.500806623669,49.064653059
2300,0.500806623669,49.275469206
2310,0.500806623669,49.496577626
2320,0.500806623669,49.632967413
2330,0.500806623669,49.838296146
2340,0.500806623669,50.028822122
2350,0.500806623669,50.238853383
2360,0.500806623669,50.425202147
2370,0.500806623669,50.599176883
2380,0.500806623669,50.813814565
2390,0.500806623669,51.016407568
2400,0.500806623669,51.135921599
2410,0.500806623669,51.31830524
2420,0.500806623669,51.51737715
2430,0.500806623669,51.733207893
2440,0.500806623669,51.911467762
2450,0.500806623669,52.109045563
2460,0.500806623669,52.259479101
2470,0.500806623669,52.419631264
2480,0.500806623669,52.629736853
2490,0.500806623669,52.795081288
2500,0.500806623669,53.00162613
2510,0.500806623669,53.13797926
2520,0.500806623669,53.329040833
2530,0.500806623669,53.517576482
2540,0.500806623669,53.7204878
2550,0.500806623669,53.895064721
2560,0.500806623669,54.07996188
2570,0.500806623669,54.298086482
2580,0.500806623669,54.567684571
2590,0.500806623669,54.65258437
2600,0.500806623669,54.860840939
2610,0.500806623669,55.014131669
2620,0.500806623669,55.145510841
2630,0.500806623669,55.342917246
2640,0.500806623669,55.494770107
2650,0.500806623669,55.633209175
2660,0.500806623669,55.750578917
2670,0.500806623669,55.939283973
2680,0.500806623669,56.018080545
2690,0.500806623669,56.154686496
2700,0.500806623669,56.340103854
2710,0.500806623669,56.51174057
2720,0.500806623669,56.639718241
2730,0.500806623669,56.777390277
2740,0.500806623669,56.899558612
2750,0.500806623669,57.003319036
2760,0.500806623669,57.124063706
2770,0.500806623669,57.19329039
2780,0.500806623669,57.304580359
2790,0.500806623669,57.390329275
2800,0.500806623669,57.501028482
2810,0.500806623669,57.558581231
2820,0.500806623669,57.625688755
2830,0.500806623669,57.691633906
2840,0.500806623669,57.780717667
2850,0.500806623669,57.860715268
2860,0.500806623669,57.933362428
2870,0.500806623669,58.006045755
2880,0.500806623669,58.115953125
2890,0.500806623669,58.178400771
2900,0.500806623669,58.2638247
2910,0.600967948403,58.351579156
2920,0.600967948403,58.421125859
2930,0.600967948403,58.54123721
2940,0.600967948403,58.644127425
2950,0.600967948403,58.75242077
2960,0.600967948403,58.835476861
2970,0.600967948403,58.906971353
2980,0.600967948403,58.94597942
2990,0.600967948403,59.103069545
3000,0.600967948403,59.182595911
3010,0.600967948403,59.265786772
3020,0.600967948403,59.367204742
3030,0.600967948403,59.44109664
3040,0.600967948403,59.515599304
3050,0.600967948403,59.598234385
3060,0.600967948403,59.66507035
3070,0.600967948403,59.739554729
3080,0.600967948403,59.830450514
3090,0.600967948403,59.905545618
3100,0.600967948403,60.003538262
3110,0.600967948403,60.116921925
3120,0.600967948403,60.158800848
3130,0.600967948403,60.195993378
3140,0.600967948403,60.324489759
3150,0.600967948403,60.399791315
3160,0.600967948403,60.499796757
3170,0.600967948403,60.602918546
3180,0.600967948403,60.684920834
3190,0.600967948403,60.744397834
3200,0.600967948403,60.863177749
3210,0.600967948403,60.956009216
3220,0.600967948403,61.059151248
3230,0.600967948403,61.125366952
3240,0.600967948403,61.192772361
3250,0.600967948403,61.273819043
3260,0.600967948403,61.376551968
3270,0.600967948403,61.464239396
3280,0.600967948403,61.548379516
3290,0.600967948403,61.652137486
3300,0.600967948403,61.732850887
3310,0.600967948403,61.822852625
3320,0.600967948403,61.893445453
3330,0.600967948403,61.976996118
3340,0.600967948403,62.094415849
3350,0.600967948403,62.176780613
3360,0.600967948403,62.273697806
3370,0.600967948403,62.353282667
3380,0.600967948403,62.467029101
3390,0.600967948403,62.539973395
3400,0.600967948403,62.636531595
3410,0.600967948403,62.744535085
3420,0.600967948403,62.839649093
3430,0.600967948403,62.953734918
3440,0.600967948403,63.029262972
3450,0.600967948403,63.154096703
3460,0.600967948403,63.22589974
3470,0.600967948403,63.334842795
3480,0.600967948403,63.435759401
3490,0.600967948403,63.531694637
3500,0.600967948403,63.60679794
3510,0.600967948403,63.67634649
3520,0.600967948403,63.752957559
3530,0.600967948403,63.837873667
3540,0.600967948403,63.922552234
3550,0.600967948403,64.008108481
3560,0.600967948403,64.086574223
3570,0.600967948403,64.190839408
3580,0.600967948403,64.269776185
3590,0.600967948403,64.369192917
3600,0.600967948403,64.435185691
3610,0.600967948403,64.506346439
3620,0.600967948403,64.572204974
3630,0.600967948403,64.650898873
3640,0.600967948403,64.731541827
3650,0.600967948403,64.824066011
3660,0.600967948403,64.861037696
3670,0.600967948403,65.020686119
3680,0.600967948403,65.126086889
3690,0.600967948403,65.217769637
3700,0.600967948403,65.320257271
3710,0.600967948403,65.410434321
3720,0.600967948403,65.514592837
3730,0.600967948403,65.579769271
3740,0.600967948403,65.654215022
3750,0.600967948403,65.743152602
3760,0.600967948403,65.822554498
3770,0.600967948403,65.931203887
3780,0.600967948403,66.001687398
3790,0.600967948403,66.079565698
3800,0.600967948403,66.180620913
3810,0.600967948403,66.267898721
3820,0.600967948403,66.338904223
3830,0.600967948403,66.426025879
3840,0.600967948403,66.508159245
3850,0.600967948403,66.605302833
3860,0.600967948403,66.700690122
3870,0.600967948403,66.750988132
3880,0.600967948403,66.82843115
3890,0.600967948403,66.878936511
3900,0.600967948403,66.968903748
3910,0.600967948403,67.035423835
3920,0.600967948403,67.086582288
3930,0.600967948403,67.147061138
3940,0.600967948403,67.189239406
3950,0.600967948403,67.229882927
3960,0.600967948403,67.279540012
3970,0.600967948403,67.309592731
3980,0.600967948403,67.326658513
3990,0.600967948403,67.342756173
4000,0.600967948403,67.354522888
