iterations,fitness,time
0,0.150241987101,0.025466112
10,0.150241987101,0.042773824
20,0.150241987101,0.143595031
30,0.166935541223,0.185548232
40,0.176755278942,0.227299681
50,0.166935541223,0.24197734
60,0.176755278942,0.427568905
70,0.187802483876,0.499287071
80,0.176755278942,0.521888475
90,0.176755278942,0.531677191
100,0.200322649468,0.699994859
110,0.176755278942,0.712435166
120,0.176755278942,0.723091957
130,0.200322649468,0.853966535
140,0.176755278942,0.942843132
150,0.176755278942,1.025717752
160,0.187802483876,1.199705739
170,0.176755278942,1.259219336
180,0.176755278942,1.32727023
190,0.187802483876,1.381297077
200,0.187802483876,1.559342998
210,0.187802483876,1.621849457
220,0.187802483876,1.689980437
230,0.187802483876,1.771813795
240,0.187802483876,1.782259588
250,0.200322649468,1.944593402
260,0.200322649468,2.008276223
270,0.200322649468,2.017949651
280,0.200322649468,2.13110346
290,0.200322649468,2.146038494
300,0.200322649468,2.337119713
310,0.200322649468,2.420252581
320,0.200322649468,2.478344477
330,0.200322649468,2.607975313
340,0.200322649468,2.620035954
350,0.200322649468,2.767942906
360,0.214631410144,2.857580756
370,0.200322649468,2.871326732
380,0.200322649468,2.883647867
390,0.187802483876,2.922721289
400,0.187802483876,3.057652916
410,0.187802483876,3.107051021
420,0.187802483876,3.202781966
430,0.200322649468,3.285191267
440,0.187802483876,3.346688818
450,0.187802483876,3.383895953
460,0.187802483876,3.424031114
470,0.187802483876,3.554435552
480,0.187802483876,3.628651881
490,0.187802483876,3.679956218
500,0.187802483876,3.70309472
510,0.187802483876,3.86903989
520,0.187802483876,3.900654838
530,0.187802483876,4.00671089
540,0.187802483876,4.082920367
550,0.187802483876,4.14072096
560,0.214631410144,4.245005612
570,0.187802483876,4.319805483
580,0.187802483876,4.43198921
590,0.200322649468,4.445229521
600,0.200322649468,4.70360824
610,0.200322649468,4.784490464
620,0.200322649468,4.953354136
630,0.187802483876,5.03586365
640,0.187802483876,5.12207525
650,0.187802483876,5.2528971
660,0.200322649468,5.331156396
670,0.187802483876,5.423085755
680,0.187802483876,5.438523563
690,0.187802483876,5.642078862
700,0.187802483876,5.707527124
710,0.187802483876,5.715543448
720,0.187802483876,5.792090173
730,0.187802483876,5.805353531
740,0.187802483876,5.811605143
750,0.187802483876,5.826314443
760,0.187802483876,5.834027672
770,0.187802483876,5.848792531
780,0.187802483876,6.004931319
790,0.187802483876,6.129885871
800,0.187802483876,6.139398537
810,0.187802483876,6.207595584
820,0.187802483876,6.271090331
830,0.214631410144,6.443603111
840,0.214631410144,6.539569891
850,0.214631410144,6.548615052
860,0.214631410144,6.648144535
870,0.214631410144,6.655621236
880,0.214631410144,6.733460927
890,0.214631410144,6.862374771
900,0.214631410144,6.879621496
910,0.214631410144,6.97391451
920,0.214631410144,7.113589961
930,0.214631410144,7.198040158
940,0.214631410144,7.257444655
950,0.214631410144,7.373820251
960,0.214631410144,7.467422728
970,0.214631410144,7.567360869
980,0.214631410144,7.646570455
990,0.214631410144,7.714510612
1000,0.214631410144,7.822980121
1010,0.231141518617,7.937644167
1020,0.231141518617,8.012054681
1030,0.231141518617,8.095542074
1040,0.214631410144,8.203821705
1050,0.231141518617,8.338214964
1060,0.231141518617,8.395536111
1070,0.231141518617,8.460060956
1080,0.231141518617,8.515960313
1090,0.231141518617,8.582755382
1100,0.231141518617,8.602978669
1110,0.231141518617,8.679106657
1120,0.250403311835,8.778400764
1130,0.231141518617,8.885449552
1140,0.250403311835,8.984645369
1150,0.231141518617,9.056263741
1160,0.231141518617,9.195708404
1170,0.231141518617,9.276749933
1180,0.250403311835,9.374247004
1190,0.250403311835,9.412598655
1200,0.231141518617,9.530089269
1210,0.231141518617,9.649439911
1220,0.250403311835,9.764860132
1230,0.250403311835,9.879315963
1240,0.250403311835,9.990007349
1250,0.250403311835,10.056085992
1260,0.250403311835,10.129232865
1270,0.250403311835,10.145034006
1280,0.273167249274,10.159723485
1290,0.250403311835,10.405779512
1300,0.250403311835,10.43936779
1310,0.250403311835,10.517583457
1320,0.273167249274,10.582201817
1330,0.250403311835,10.711465511
1340,0.250403311835,10.768408365
1350,0.250403311835,10.856011396
1360,0.300483974202,10.957560304
1370,0.250403311835,11.110961185
1380,0.250403311835,11.200282141
1390,0.250403311835,11.288581144
1400,0.250403311835,11.376449031
1410,0.250403311835,11.383695976
1420,0.250403311835,11.392568821
1430,0.250403311835,11.576648394
1440,0.250403311835,11.633464649
1450,0.250403311835,11.798557071
1460,0.250403311835,11.808203382
1470,0.250403311835,11.897402606
1480,0.250403311835,11.90965195
1490,0.250403311835,12.02567977
1500,0.250403311835,12.069607419
1510,0.250403311835,12.154574269
1520,0.273167249274,12.212978665
1530,0.273167249274,12.221323695
1540,0.273167249274,12.392001966
1550,0.273167249274,12.405034937
1560,0.273167249274,12.412864558
1570,0.273167249274,12.583307135
1580,0.273167249274,12.594873042
1590,0.273167249274,12.606056188
1600,0.273167249274,12.612874728
1610,0.273167249274,12.620968103
1620,0.273167249274,12.836106736
1630,0.273167249274,12.843586222
1640,0.273167249274,12.960346519
1650,0.273167249274,13.094067062
1660,0.273167249274,13.103248244
1670,0.300483974202,13.24197846
1680,0.300483974202,13.255277572
1690,0.300483974202,13.303054458
1700,0.300483974202,13.404135702
1710,0.300483974202,13.53667621
1720,0.300483974202,13.672391061
1730,0.300483974202,13.688899426
1740,0.300483974202,13.899108166
1750,0.273167249274,13.990048746
1760,0.273167249274,14.000958187
1770,0.273167249274,14.08556225
1780,0.300483974202,14.248578438
1790,0.300483974202,14.259930017
1800,0.300483974202,14.329125403
1810,0.300483974202,14.508649347
1820,0.300483974202,14.555696747
1830,0.300483974202,14.613363062
1840,0.300483974202,14.716714502
1850,0.300483974202,14.799875441
1860,0.300483974202,14.862241863
1870,0.300483974202,14.92520957
1880,0.300483974202,15.028672579
1890,0.300483974202,15.097594836
1900,0.333871082446,15.1103011
1910,0.300483974202,15.289275931
1920,0.300483974202,15.349691746
1930,0.300483974202,15.420858167
1940,0.300483974202,15.504767149
1950,0.300483974202,15.662546453
1960,0.300483974202,15.725769962
1970,0.300483974202,15.822150838
1980,0.300483974202,15.916646849
1990,0.300483974202,15.984843628
2000,0.300483974202,16.073595014
2010,0.300483974202,16.088131312
2020,0.300483974202,16.272379799
2030,0.300483974202,16.423974457
2040,0.300483974202,16.432308569
2050,0.300483974202,16.541137976
2060,0.300483974202,16.558336693
2070,0.300483974202,16.7027651
2080,0.300483974202,16.826096351
2090,0.333871082446,16.933683361
2100,0.333871082446,16.94617645
2110,0.300483974202,17.118545366
2120,0.300483974202,17.270255249
2130,0.300483974202,17.417244341
2140,0.300483974202,17.429057208
2150,0.333871082446,17.581888673
2160,0.333871082446,17.628174345
2170,0.333871082446,17.72804769
2180,0.333871082446,17.743168062
2190,0.333871082446,17.833403272
2200,0.333871082446,17.90575596
2210,0.333871082446,18.035366908
2220,0.333871082446,18.177843338
2230,0.333871082446,18.226989738
2240,0.333871082446,18.302579587
2250,0.333871082446,18.432311284
2260,0.333871082446,18.581945763
2270,0.333871082446,18.674283065
2280,0.333871082446,18.788894266
2290,0.333871082446,18.904824135
2300,0.333871082446,18.948934279
2310,0.333871082446,19.120757119
2320,0.333871082446,19.192262249
2330,0.333871082446,19.342337103
2340,0.333871082446,19.35938703
2350,0.333871082446,19.514862594
2360,0.333871082446,19.570509357
2370,0.333871082446,19.581218982
2380,0.333871082446,19.587227916
2390,0.333871082446,19.758293571
2400,0.333871082446,19.77643015
2410,0.333871082446,19.895724433
2420,0.333871082446,20.010245483
2430,0.333871082446,20.022786821
2440,0.333871082446,20.1866871
2450,0.333871082446,20.200058652
2460,0.333871082446,20.218357858
2470,0.375604967752,20.346033335
2480,0.375604967752,20.445935638
2490,0.375604967752,20.525593187
2500,0.375604967752,20.628716253
2510,0.375604967752,20.680463432
2520,0.375604967752,20.877847458
2530,0.375604967752,20.946186733
2540,0.375604967752,21.012669603
2550,0.375604967752,21.128315714
2560,0.375604967752,21.213671805
2570,0.375604967752,21.290066509
2580,0.375604967752,21.359991847
2590,0.375604967752,21.379227721
2600,0.375604967752,21.514238361
2610,0.375604967752,21.688590177
2620,0.375604967752,21.694190017
2630,0.375604967752,21.764045325
2640,0.375604967752,21.895344879
2650,0.375604967752,21.966111002
2660,0.375604967752,22.017505258
2670,0.375604967752,22.032021455
2680,0.375604967752,22.184828072
2690,0.375604967752,22.288146093
2700,0.375604967752,22.301227481
2710,0.375604967752,22.352201959
2720,0.375604967752,22.362475256
2730,0.375604967752,22.502049681
2740,0.375604967752,22.632919475
2750,0.375604967752,22.704302428
2760,0.375604967752,22.722319599
2770,0.375604967752,22.860451194
2780,0.375604967752,22.931782414
2790,0.375604967752,23.110599497
2800,0.375604967752,23.120716185
2810,0.375604967752,23.135558249
2820,0.375604967752,23.145797084
2830,0.375604967752,23.15576017
2840,0.375604967752,23.165049283
2850,0.375604967752,23.447338185
2860,0.375604967752,23.552476251
2870,0.375604967752,23.628859848
2880,0.375604967752,23.739995554
2890,0.375604967752,23.897755445
2900,0.375604967752,23.960944396
2910,0.375604967752,24.007139295
2920,0.375604967752,24.019069358
2930,0.375604967752,24.124352381
2940,0.375604967752,24.256412294
2950,0.429262820288,24.333251423
2960,0.375604967752,24.382095539
2970,0.375604967752,24.493610006
2980,0.375604967752,24.596074168
2990,0.375604967752,24.680440951
3000,0.375604967752,24.70453343
3010,0.375604967752,24.847948782
3020,0.375604967752,24.923015724
3030,0.375604967752,24.999967257
3040,0.375604967752,25.017611285
3050,0.375604967752,25.192254139
3060,0.375604967752,25.206769772
3070,0.375604967752,25.311812079
3080,0.375604967752,25.394959006
3090,0.375604967752,25.505964124
3100,0.375604967752,25.516513346
3110,0.375604967752,25.641751181
3120,0.375604967752,25.653760726
3130,0.375604967752,25.778308962
3140,0.375604967752,25.897219383
3150,0.375604967752,25.98569503
3160,0.375604967752,26.112682156
3170,0.375604967752,26.16928074
3180,0.375604967752,26.18054228
3190,0.375604967752,26.335108419
3200,0.375604967752,26.434370061
3210,0.375604967752,26.579032538
3220,0.375604967752,26.592979887
3230,0.375604967752,26.605487411
3240,0.375604967752,26.750508063
3250,0.375604967752,26.870040475
3260,0.375604967752,26.988807647
3270,0.375604967752,27.060905356
3280,0.375604967752,27.167944301
3290,0.375604967752,27.17932194
3300,0.375604967752,27.338375963
3310,0.375604967752,27.407874061
3320,0.375604967752,27.421027555
3330,0.375604967752,27.44057453
3340,0.375604967752,27.459968783
3350,0.375604967752,27.697092204
3360,0.375604967752,27.745653745
3370,0.375604967752,27.839655349
3380,0.375604967752,27.940968023
3390,0.375604967752,28.152143015
3400,0.375604967752,28.175412902
3410,0.375604967752,28.34014228
3420,0.375604967752,28.352052017
3430,0.375604967752,28.446328672
3440,0.429262820288,28.460905832
3450,0.429262820288,28.578146588
3460,0.429262820288,28.751421971
3470,0.429262820288,28.870737459
3480,0.429262820288,28.937947742
3490,0.429262820288,28.954487966
3500,0.429262820288,29.153028962
3510,0.429262820288,29.166853408
3520,0.429262820288,29.311738604
3530,0.429262820288,29.31838416
3540,0.429262820288,29.331387536
3550,0.429262820288,29.342887051
3560,0.429262820288,29.350332543
3570,0.429262820288,29.412023133
3580,0.429262820288,29.647632835
3590,0.429262820288,29.664258523
3600,0.500806623669,29.80564961
3610,0.500806623669,29.818834642
3620,0.500806623669,29.985262899
3630,0.500806623669,30.048066208
3640,0.500806623669,30.117327713
3650,0.500806623669,30.223258269
3660,0.500806623669,30.235717339
3670,0.500806623669,30.332910034
3680,0.500806623669,30.442465429
3690,0.500806623669,30.487654367
3700,0.500806623669,30.550928914
3710,0.500806623669,30.561864271
3720,0.500806623669,30.770316198
3730,0.500806623669,30.916795867
3740,0.500806623669,31.007695333
3750,0.500806623669,31.165086835
3760,0.500806623669,31.245270235
3770,0.500806623669,31.324028877
3780,0.500806623669,31.339201526
3790,0.500806623669,31.516566887
3800,0.500806623669,31.700275727
3810,0.500806623669,31.823483081
3820,0.500806623669,31.841733949
3830,0.500806623669,31.853721696
3840,0.500806623669,31.87369428
3850,0.500806623669,31.886786997
3860,0.500806623669,32.090316408
3870,0.500806623669,32.202789513
3880,0.500806623669,32.269097685
3890,0.500806623669,32.374075354
3900,0.500806623669,32.386196816
3910,0.500806623669,32.400938649
3920,0.500806623669,32.409757402
3930,0.500806623669,32.424310906
3940,0.500806623669,32.444486389
3950,0.500806623669,32.510536482
3960,0.500806623669,32.557034218
3970,0.500806623669,32.570738213
3980,0.500806623669,32.724515495
3990,0.500806623669,32.832740838
4000,0.500806623669,32.941531409
