iterations,fitness,time
0,0.0554970128011,0.011301373
10,0.0554970128011,0.024894881
20,0.0554970128011,0.039314322
30,0.0554970128011,0.058155867
40,0.0587615429658,0.071682665
50,0.0624341394012,0.091938651
60,0.0554970128011,0.117232145
70,0.0587615429658,0.127753263
80,0.0587615429658,0.148164382
90,0.0587615429658,0.161078509
100,0.0624341394012,0.177951185
110,0.0624341394012,0.19700246
120,0.0624341394012,0.203831419
130,0.0624341394012,0.233501992
140,0.0624341394012,0.244672617
150,0.0624341394012,0.266359402
160,0.0554970128011,0.280553961
170,0.0554970128011,0.291786682
180,0.0624341394012,0.309638722
190,0.0587615429658,0.335836499
200,0.0624341394012,0.343148881
210,0.0665964153613,0.352363019
220,0.0624341394012,0.353528667
230,0.0665964153613,0.355614441
240,0.0713533021728,0.357238825
250,0.0713533021728,0.380024558
260,0.0768420177246,0.382245248
270,0.0768420177246,0.395649182
280,0.0768420177246,0.40383656
290,0.0832455192016,0.425317994
300,0.0713533021728,0.445652545
310,0.0768420177246,0.462833142
320,0.0713533021728,0.467896689
330,0.0768420177246,0.492042203
340,0.0713533021728,0.508181611
350,0.0713533021728,0.523675569
360,0.0768420177246,0.530357046
370,0.0768420177246,0.539364946
380,0.0713533021728,0.544268896
390,0.0713533021728,0.551907918
400,0.0713533021728,0.596067296
410,0.0713533021728,0.609211308
420,0.0713533021728,0.618077226
430,0.0713533021728,0.638153053
440,0.0713533021728,0.658985355
450,0.0713533021728,0.675869209
460,0.0713533021728,0.701555357
470,0.0713533021728,0.712403682
480,0.0713533021728,0.724071276
490,0.0768420177246,0.736252724
500,0.0768420177246,0.741951894
510,0.0832455192016,0.773786
520,0.0768420177246,0.78799126
530,0.0832455192016,0.79537121
540,0.0768420177246,0.802371405
550,0.0832455192016,0.820018637
560,0.0832455192016,0.824572452
570,0.0832455192016,0.832864676
580,0.0832455192016,0.856641325
590,0.0832455192016,0.885196231
600,0.0832455192016,0.898488235
610,0.0832455192016,0.923626732
620,0.0832455192016,0.934436189
630,0.0832455192016,0.956634319
640,0.0832455192016,0.977190611
650,0.0832455192016,0.991463787
660,0.0768420177246,1.00858873
670,0.0832455192016,1.031373604
680,0.0832455192016,1.036730502
690,0.0768420177246,1.052330822
700,0.0832455192016,1.0622604
710,0.0832455192016,1.092733512
720,0.0832455192016,1.104764618
730,0.0832455192016,1.119040867
740,0.0832455192016,1.128703589
750,0.0832455192016,1.148468378
760,0.0832455192016,1.159949481
770,0.0832455192016,1.182616681
780,0.0832455192016,1.198906389
790,0.0832455192016,1.211534387
800,0.0832455192016,1.23501711
810,0.0832455192016,1.256380696
820,0.0908132936745,1.272000318
830,0.0908132936745,1.28680837
840,0.0908132936745,1.302613254
850,0.0908132936745,1.322618428
860,0.0908132936745,1.340270124
870,0.0908132936745,1.357642531
880,0.0908132936745,1.379828286
890,0.0908132936745,1.388759251
900,0.0908132936745,1.408533868
910,0.0908132936745,1.442511444
920,0.0908132936745,1.460425111
930,0.0908132936745,1.465650236
940,0.0908132936745,1.483334673
950,0.0908132936745,1.498700421
960,0.0908132936745,1.511886281
970,0.0908132936745,1.531128189
980,0.0908132936745,1.547825838
990,0.0908132936745,1.562595002
1000,0.0908132936745,1.576252703
1010,0.0908132936745,1.61486872
1020,0.0908132936745,1.634154041
1030,0.0908132936745,1.646965884
1040,0.0908132936745,1.663026936
1050,0.0908132936745,1.680242659
1060,0.0908132936745,1.69857129
1070,0.0908132936745,1.715705612
1080,0.0998946230419,1.732910131
1090,0.0908132936745,1.75463014
1100,0.0908132936745,1.772896474
1110,0.0908132936745,1.798696639
1120,0.0908132936745,1.821301112
1130,0.0998946230419,1.826972731
1140,0.0908132936745,1.847979821
1150,0.0908132936745,1.859886689
1160,0.0908132936745,1.867613489
1170,0.0908132936745,1.884166555
1180,0.0998946230419,1.899685762
1190,0.0998946230419,1.908355554
1200,0.0998946230419,1.911252603
1210,0.0998946230419,1.926075843
1220,0.0998946230419,1.948491817
1230,0.110994025602,1.952837437
1240,0.0998946230419,1.966737277
1250,0.0998946230419,2.000289373
1260,0.0998946230419,2.034514792
1270,0.0998946230419,2.041650442
1280,0.0998946230419,2.059869467
1290,0.0998946230419,2.080514702
1300,0.0998946230419,2.102342213
1310,0.0998946230419,2.123922516
1320,0.0998946230419,2.143450707
1330,0.0998946230419,2.148195369
1340,0.0998946230419,2.151540727
1350,0.0998946230419,2.164958165
1360,0.0998946230419,2.19589695
1370,0.0998946230419,2.215690363
1380,0.0998946230419,2.230495887
1390,0.0998946230419,2.261058995
1400,0.0998946230419,2.276522917
1410,0.0998946230419,2.301373766
1420,0.0998946230419,2.319302089
1430,0.0998946230419,2.32513614
1440,0.0998946230419,2.342276395
1450,0.110994025602,2.366266404
1460,0.110994025602,2.387777727
1470,0.110994025602,2.403026164
1480,0.110994025602,2.42284512
1490,0.124868278802,2.446398193
1500,0.124868278802,2.462948082
1510,0.124868278802,2.485211276
1520,0.124868278802,2.496238793
1530,0.124868278802,2.500635245
1540,0.124868278802,2.511963691
1550,0.124868278802,2.52979428
1560,0.124868278802,2.562446979
1570,0.124868278802,2.582640943
1580,0.124868278802,2.601510615
1590,0.124868278802,2.632528832
1600,0.124868278802,2.649973979
1610,0.124868278802,2.669832845
1620,0.124868278802,2.685029062
1630,0.124868278802,2.702743379
1640,0.124868278802,2.719563002
1650,0.124868278802,2.737650138
1660,0.124868278802,2.763772654
1670,0.124868278802,2.790076963
1680,0.124868278802,2.802979699
1690,0.124868278802,2.819846336
1700,0.124868278802,2.851914742
1710,0.124868278802,2.867430516
1720,0.124868278802,2.879598235
1730,0.124868278802,2.902216077
1740,0.124868278802,2.915014113
1750,0.124868278802,2.93468083
1760,0.124868278802,2.965148463
1770,0.124868278802,2.976068806
1780,0.124868278802,2.994518334
1790,0.124868278802,3.006833486
1800,0.124868278802,3.023261424
1810,0.124868278802,3.04616283
1820,0.124868278802,3.061793061
1830,0.124868278802,3.073454696
1840,0.124868278802,3.097168419
1850,0.124868278802,3.117244955
1860,0.124868278802,3.139813395
1870,0.124868278802,3.166573291
1880,0.124868278802,3.17216552
1890,0.124868278802,3.180453877
1900,0.124868278802,3.200434793
1910,0.124868278802,3.226308904
1920,0.124868278802,3.24565927
1930,0.124868278802,3.26322714
1940,0.124868278802,3.282790606
1950,0.124868278802,3.298149016
1960,0.124868278802,3.322265428
1970,0.124868278802,3.341993309
1980,0.124868278802,3.358638342
1990,0.124868278802,3.373853482
2000,0.124868278802,3.386583193
2010,0.124868278802,3.403455928
2020,0.124868278802,3.415841252
2030,0.124868278802,3.442399287
2040,0.124868278802,3.459912467
2050,0.124868278802,3.466286826
2060,0.124868278802,3.480810591
2070,0.124868278802,3.509035426
2080,0.124868278802,3.516565344
2090,0.124868278802,3.53729603
2100,0.124868278802,3.55361688
2110,0.124868278802,3.562869112
2120,0.124868278802,3.570028205
2130,0.124868278802,3.586823584
2140,0.124868278802,3.591805523
2150,0.124868278802,3.607980657
2160,0.124868278802,3.612971429
2170,0.124868278802,3.639028231
2180,0.124868278802,3.658012245
2190,0.124868278802,3.67615638
2200,0.124868278802,3.696376158
2210,0.124868278802,3.7125424
2220,0.124868278802,3.745540953
2230,0.124868278802,3.761381052
2240,0.124868278802,3.780681239
2250,0.124868278802,3.807739878
2260,0.124868278802,3.825600341
2270,0.124868278802,3.832813289
2280,0.124868278802,3.8622831
2290,0.124868278802,3.894932074
2300,0.124868278802,3.902003454
2310,0.124868278802,3.911795331
2320,0.124868278802,3.916926869
2330,0.124868278802,3.923799118
2340,0.124868278802,3.942965236
2350,0.124868278802,3.96086387
2360,0.124868278802,3.990749401
2370,0.124868278802,3.998359604
2380,0.124868278802,4.02026016
2390,0.124868278802,4.030112847
2400,0.124868278802,4.044254321
2410,0.124868278802,4.061770152
2420,0.124868278802,4.091026418
2430,0.124868278802,4.112305769
2440,0.124868278802,4.134286988
2450,0.124868278802,4.138322925
2460,0.124868278802,4.143297342
2470,0.124868278802,4.164270155
2480,0.124868278802,4.174097292
2490,0.124868278802,4.207675323
2500,0.124868278802,4.23101925
2510,0.124868278802,4.262536445
2520,0.124868278802,4.272917373
2530,0.124868278802,4.286083223
2540,0.124868278802,4.309121084
2550,0.124868278802,4.315193139
2560,0.124868278802,4.341638901
2570,0.124868278802,4.35433007
2580,0.124868278802,4.371506346
2590,0.124868278802,4.398140293
2600,0.124868278802,4.425249649
2610,0.124868278802,4.442170364
2620,0.124868278802,4.459830535
2630,0.124868278802,4.476077765
2640,0.124868278802,4.521607418
2650,0.124868278802,4.534108522
2660,0.124868278802,4.562718217
2670,0.124868278802,4.585771647
2680,0.124868278802,4.603006172
2690,0.124868278802,4.623832976
2700,0.124868278802,4.642998704
2710,0.124868278802,4.660481903
2720,0.124868278802,4.678544787
2730,0.124868278802,4.697200359
2740,0.124868278802,4.724456493
2750,0.124868278802,4.755761435
2760,0.124868278802,4.774474579
2770,0.124868278802,4.791186945
2780,0.124868278802,4.796625761
2790,0.124868278802,4.803809783
2800,0.124868278802,4.807970114
2810,0.124868278802,4.839104494
2820,0.124868278802,4.861499697
2830,0.124868278802,4.864318177
2840,0.124868278802,4.884471305
2850,0.124868278802,4.893863652
2860,0.124868278802,4.908330451
2870,0.124868278802,4.919570406
2880,0.124868278802,4.92727668
2890,0.124868278802,4.937157286
2900,0.124868278802,4.938533716
2910,0.124868278802,4.97489501
2920,0.124868278802,4.995013206
2930,0.124868278802,5.01293898
2940,0.124868278802,5.034612862
2950,0.124868278802,5.055997907
2960,0.124868278802,5.090836482
2970,0.124868278802,5.107984619
2980,0.124868278802,5.112963701
2990,0.124868278802,5.130338901
3000,0.124868278802,5.144381176
3010,0.124868278802,5.158508996
3020,0.124868278802,5.181168021
3030,0.124868278802,5.194389431
3040,0.124868278802,5.217019717
3050,0.124868278802,5.222668168
3060,0.124868278802,5.238364624
3070,0.124868278802,5.27361327
3080,0.124868278802,5.288145886
3090,0.124868278802,5.312688708
3100,0.124868278802,5.327427892
3110,0.124868278802,5.347791337
3120,0.124868278802,5.362958562
3130,0.124868278802,5.375036713
3140,0.124868278802,5.39385119
3150,0.124868278802,5.402965225
3160,0.124868278802,5.428017146
3170,0.124868278802,5.44196569
3180,0.124868278802,5.469239899
3190,0.124868278802,5.481451215
3200,0.124868278802,5.504381124
3210,0.124868278802,5.520892808
3220,0.124868278802,5.545951956
3230,0.124868278802,5.562480819
3240,0.124868278802,5.590600582
3250,0.124868278802,5.607890865
3260,0.124868278802,5.620603674
3270,0.124868278802,5.64464273
3280,0.124868278802,5.654100329
3290,0.124868278802,5.663036963
3300,0.124868278802,5.675157826
3310,0.124868278802,5.691671574
3320,0.124868278802,5.703816571
3330,0.124868278802,5.716213821
3340,0.124868278802,5.732327886
3350,0.124868278802,5.755723131
3360,0.124868278802,5.7619451
3370,0.124868278802,5.766254162
3380,0.124868278802,5.780738766
3390,0.124868278802,5.786974527
3400,0.142706604346,5.790431252
3410,0.124868278802,5.816987309
3420,0.124868278802,5.842998787
3430,0.124868278802,5.859779006
3440,0.124868278802,5.868125993
3450,0.124868278802,5.889854185
3460,0.124868278802,5.904833924
3470,0.124868278802,5.915952877
3480,0.124868278802,5.929614986
3490,0.124868278802,5.939283665
3500,0.124868278802,5.947035571
3510,0.124868278802,5.963510985
3520,0.124868278802,5.969029044
3530,0.124868278802,5.986605271
3540,0.124868278802,6.006014963
3550,0.124868278802,6.01947397
3560,0.124868278802,6.033982912
3570,0.124868278802,6.053189834
3580,0.124868278802,6.078914754
3590,0.124868278802,6.087643751
3600,0.124868278802,6.096623197
3610,0.124868278802,6.116935131
3620,0.124868278802,6.126407668
3630,0.124868278802,6.144438439
3640,0.124868278802,6.166237551
3650,0.124868278802,6.18579238
3660,0.124868278802,6.213600313
3670,0.124868278802,6.229064874
3680,0.124868278802,6.248501428
3690,0.124868278802,6.266745567
3700,0.124868278802,6.300612441
3710,0.124868278802,6.321343349
3720,0.124868278802,6.345657698
3730,0.124868278802,6.353129892
3740,0.124868278802,6.379187574
3750,0.124868278802,6.407075252
3760,0.124868278802,6.440378752
3770,0.124868278802,6.460371771
3780,0.124868278802,6.476930407
3790,0.124868278802,6.49646648
3800,0.124868278802,6.527375232
3810,0.124868278802,6.547456281
3820,0.124868278802,6.556773273
3830,0.124868278802,6.583972065
3840,0.124868278802,6.603507902
3850,0.124868278802,6.624600552
3860,0.124868278802,6.641598385
3870,0.124868278802,6.669165498
3880,0.124868278802,6.681121933
3890,0.124868278802,6.702009097
3900,0.124868278802,6.723357576
3910,0.124868278802,6.739082379
3920,0.124868278802,6.761353033
3930,0.124868278802,6.77888812
3940,0.124868278802,6.7992716
3950,0.124868278802,6.818682728
3960,0.124868278802,6.842449667
3970,0.124868278802,6.8548886
3980,0.124868278802,6.862926207
3990,0.124868278802,6.875826611
4000,0.124868278802,6.894780874
4010,0.124868278802,6.917276187
4020,0.124868278802,6.925754444
4030,0.124868278802,6.934416806
4040,0.124868278802,6.948987207
4050,0.124868278802,6.967318638
4060,0.124868278802,6.986039462
4070,0.124868278802,6.99314333
4080,0.124868278802,7.0003779
4090,0.124868278802,7.026722352
4100,0.124868278802,7.049253666
4110,0.124868278802,7.061702608
4120,0.124868278802,7.083021917
4130,0.124868278802,7.112431859
4140,0.124868278802,7.120720448
4150,0.124868278802,7.141490018
4160,0.124868278802,7.150113452
4170,0.124868278802,7.170708438
4180,0.124868278802,7.196262405
4190,0.124868278802,7.208214345
4200,0.124868278802,7.240719008
4210,0.124868278802,7.262091051
4220,0.124868278802,7.277631392
4230,0.124868278802,7.295039414
4240,0.124868278802,7.318963922
4250,0.142706604346,7.336641181
4260,0.142706604346,7.36562016
4270,0.142706604346,7.389064708
4280,0.142706604346,7.407869731
4290,0.142706604346,7.429082182
4300,0.142706604346,7.445619784
4310,0.142706604346,7.46352109
4320,0.142706604346,7.481461866
4330,0.142706604346,7.510259307
4340,0.142706604346,7.531569243
4350,0.142706604346,7.558217249
4360,0.142706604346,7.567424558
4370,0.142706604346,7.5896916
4380,0.142706604346,7.60214882
4390,0.142706604346,7.622412209
4400,0.142706604346,7.646311735
4410,0.142706604346,7.659082627
4420,0.142706604346,7.676793039
4430,0.142706604346,7.694411644
4440,0.142706604346,7.711951161
4450,0.142706604346,7.730045423
4460,0.142706604346,7.749599788
4470,0.142706604346,7.771442735
4480,0.142706604346,7.788101348
4490,0.142706604346,7.810259362
4500,0.142706604346,7.825357331
4510,0.142706604346,7.847173625
4520,0.142706604346,7.869249692
4530,0.142706604346,7.895530612
4540,0.142706604346,7.908941411
4550,0.142706604346,7.922730167
4560,0.142706604346,7.9405024
4570,0.142706604346,7.967241045
4580,0.142706604346,7.986286551
4590,0.142706604346,8.00209147
4600,0.142706604346,8.017505175
4610,0.142706604346,8.037977678
4620,0.142706604346,8.06210337
4630,0.142706604346,8.077786463
4640,0.142706604346,8.102255252
4650,0.142706604346,8.131660246
4660,0.142706604346,8.147775937
4670,0.142706604346,8.174256086
4680,0.142706604346,8.181375846
4690,0.142706604346,8.198128958
4700,0.142706604346,8.210559093
4710,0.142706604346,8.242335374
4720,0.142706604346,8.265302938
4730,0.142706604346,8.280898283
4740,0.142706604346,8.309653706
4750,0.142706604346,8.329414346
4760,0.142706604346,8.343255687
4770,0.142706604346,8.35764053
4780,0.142706604346,8.390060231
4790,0.142706604346,8.414262223
4800,0.142706604346,8.430513878
4810,0.142706604346,8.449655938
4820,0.142706604346,8.462483517
4830,0.142706604346,8.481976721
4840,0.142706604346,8.492304751
4850,0.142706604346,8.511738909
4860,0.142706604346,8.555936634
4870,0.142706604346,8.574913436
4880,0.142706604346,8.602377065
4890,0.142706604346,8.622804827
4900,0.142706604346,8.650244735
4910,0.142706604346,8.672428533
4920,0.142706604346,8.696734665
4930,0.142706604346,8.724628907
4940,0.142706604346,8.746009061
4950,0.142706604346,8.770273933
4960,0.142706604346,8.786559617
4970,0.142706604346,8.808461816
4980,0.142706604346,8.834642408
4990,0.142706604346,8.857948088
5000,0.142706604346,8.876957568
5010,0.142706604346,8.886786913
5020,0.142706604346,8.899280897
5030,0.142706604346,8.919737649
5040,0.142706604346,8.932294601
5050,0.142706604346,8.957191427
5060,0.142706604346,8.969709894
5070,0.142706604346,8.994086982
5080,0.142706604346,9.013697974
5090,0.142706604346,9.03667847
5100,0.142706604346,9.06812181
5110,0.142706604346,9.074616419
5120,0.142706604346,9.095020915
5130,0.142706604346,9.10444541
5140,0.142706604346,9.141267687
5150,0.142706604346,9.167167621
5160,0.142706604346,9.198881229
5170,0.142706604346,9.207468805
5180,0.142706604346,9.22443233
5190,0.142706604346,9.245747855
5200,0.142706604346,9.259114967
5210,0.142706604346,9.277622802
5220,0.142706604346,9.285745309
5230,0.142706604346,9.301915446
5240,0.142706604346,9.307067221
5250,0.142706604346,9.351233395
5260,0.142706604346,9.361839487
5270,0.142706604346,9.365887026
5280,0.142706604346,9.372879952
5290,0.142706604346,9.385559898
5300,0.142706604346,9.403950432
5310,0.142706604346,9.433775598
5320,0.142706604346,9.441614176
5330,0.142706604346,9.446242025
5340,0.142706604346,9.465741397
5350,0.142706604346,9.471299279
5360,0.142706604346,9.478189047
5370,0.142706604346,9.499976799
5380,0.142706604346,9.505890891
5390,0.142706604346,9.511267971
5400,0.142706604346,9.518750576
5410,0.142706604346,9.536817944
5420,0.142706604346,9.565025692
5430,0.142706604346,9.580026348
5440,0.142706604346,9.588751117
5450,0.142706604346,9.596851537
5460,0.142706604346,9.613476189
5470,0.142706604346,9.619507123
5480,0.142706604346,9.624806584
5490,0.142706604346,9.663829348
5500,0.142706604346,9.670918592
5510,0.142706604346,9.675936718
5520,0.142706604346,9.679929475
5530,0.142706604346,9.684678818
5540,0.142706604346,9.691524811
5550,0.142706604346,9.700437979
5560,0.142706604346,9.705715475
5570,0.142706604346,9.708798564
5580,0.142706604346,9.712500298
5590,0.142706604346,9.71752627
5600,0.142706604346,9.719979052
5610,0.142706604346,9.722467452
5620,0.142706604346,9.725089386
5630,0.142706604346,9.733430475
5640,0.142706604346,9.738479586
5650,0.142706604346,9.742633917
5660,0.142706604346,9.744379
5670,0.142706604346,9.746761752
5680,0.142706604346,9.74958236
5690,0.142706604346,9.753756371
5700,0.142706604346,9.755159207
5710,0.166491038403,9.757301827
5720,0.142706604346,9.759578889
5730,0.142706604346,9.763288074
5740,0.142706604346,9.766486161
5750,0.142706604346,9.771586274
5760,0.142706604346,9.861894169
5770,0.142706604346,9.870923309
5780,0.142706604346,9.876787001
5790,0.142706604346,9.883358786
5800,0.142706604346,9.8889108
5810,0.142706604346,9.894330417
5820,0.142706604346,9.925602684
5830,0.142706604346,9.941807081
5840,0.142706604346,9.947107825
5850,0.142706604346,9.982917208
5860,0.142706604346,9.989550722
5870,0.142706604346,9.992051143
5880,0.142706604346,9.994812123
5890,0.142706604346,10.000097555
5900,0.142706604346,10.01016901
5910,0.142706604346,10.036926979
5920,0.142706604346,10.046094313
5930,0.142706604346,10.076285067
5940,0.142706604346,10.088173619
5950,0.142706604346,10.101567814
5960,0.142706604346,10.109960043
5970,0.142706604346,10.142127379
5980,0.142706604346,10.165012292
5990,0.142706604346,10.177440244
6000,0.142706604346,10.190361524
