iterations,fitness,time
0,0.143087606763,0.024009276
10,0.143087606763,0.107160737
20,0.150241987101,0.216794381
30,0.143087606763,0.318689832
40,0.158149460106,0.486583698
50,0.150241987101,0.62135612
60,0.150241987101,0.829600298
70,0.158149460106,1.021295683
80,0.158149460106,1.19607962
90,0.158149460106,1.301545565
100,0.166935541223,1.483290572
110,0.166935541223,1.638976966
120,0.166935541223,1.756262614
130,0.166935541223,1.902394088
140,0.166935541223,2.060930794
150,0.166935541223,2.238511231
160,0.166935541223,2.426030329
170,0.176755278942,2.574959231
180,0.176755278942,2.64383287
190,0.176755278942,2.931478928
200,0.176755278942,3.135749691
210,0.187802483876,3.277167089
220,0.187802483876,3.475744357
230,0.187802483876,3.658057556
240,0.200322649468,3.708579546
250,0.200322649468,3.931277762
260,0.200322649468,4.088843898
270,0.187802483876,4.355155159
280,0.187802483876,4.579546225
290,0.200322649468,4.709871387
300,0.176755278942,4.867548953
310,0.176755278942,4.953363471
320,0.187802483876,5.006449065
330,0.176755278942,5.188759239
340,0.166935541223,5.321432538
350,0.166935541223,5.452985226
360,0.176755278942,5.487294191
370,0.176755278942,5.56800616
380,0.166935541223,5.728530306
390,0.166935541223,5.963372919
400,0.176755278942,5.986825228
410,0.166935541223,6.162514216
420,0.166935541223,6.553831145
430,0.176755278942,6.718175993
440,0.176755278942,6.89728076
450,0.187802483876,7.09106954
460,0.187802483876,7.254767763
470,0.187802483876,7.476797314
480,0.200322649468,7.663716767
490,0.200322649468,7.79455998
500,0.214631410144,7.945587662
510,0.214631410144,8.076082667
520,0.214631410144,8.26060103
530,0.214631410144,8.415763086
540,0.214631410144,8.630631116
550,0.214631410144,8.733092301
560,0.214631410144,8.813313442
570,0.214631410144,8.835209572
580,0.214631410144,9.077126934
590,0.214631410144,9.21041198
600,0.214631410144,9.340087887
610,0.214631410144,9.524149981
620,0.231141518617,9.636924261
630,0.214631410144,9.710946754
640,0.231141518617,9.8466404
650,0.231141518617,10.116460196
660,0.214631410144,10.361141731
670,0.214631410144,10.500649092
680,0.214631410144,10.627369089
690,0.214631410144,10.750741239
700,0.214631410144,10.884780859
710,0.250403311835,10.955569913
720,0.250403311835,11.147295914
730,0.250403311835,11.164075155
740,0.250403311835,11.387749522
750,0.250403311835,11.445630987
760,0.250403311835,11.716775636
770,0.250403311835,11.795888411
780,0.273167249274,11.90226124
790,0.273167249274,12.113378196
800,0.250403311835,12.217102678
810,0.273167249274,12.290084764
820,0.250403311835,12.408475721
830,0.273167249274,12.63146691
840,0.273167249274,12.661619082
850,0.273167249274,12.885560833
860,0.250403311835,13.047546295
870,0.250403311835,13.243884664
880,0.250403311835,13.3133408
890,0.250403311835,13.338099301
900,0.273167249274,13.556251554
910,0.273167249274,13.771815301
920,0.273167249274,13.796801035
930,0.273167249274,14.063755273
940,0.273167249274,14.171255193
950,0.273167249274,14.321360637
960,0.273167249274,14.465458306
970,0.273167249274,14.504477626
980,0.273167249274,14.717716084
990,0.273167249274,14.85365578
1000,0.273167249274,15.083879967
1010,0.273167249274,15.203649723
1020,0.300483974202,15.415157818
1030,0.300483974202,15.556353703
1040,0.273167249274,15.785714743
1050,0.273167249274,15.906021874
1060,0.273167249274,16.096905003
1070,0.273167249274,16.283692722
1080,0.273167249274,16.481740313
1090,0.273167249274,16.620209965
1100,0.273167249274,16.795355134
1110,0.300483974202,17.001027803
1120,0.273167249274,17.161008642
1130,0.273167249274,17.277964417
1140,0.273167249274,17.479504063
1150,0.273167249274,17.681608806
1160,0.273167249274,17.860406565
1170,0.273167249274,18.048194725
1180,0.300483974202,18.217497569
1190,0.300483974202,18.461814145
1200,0.300483974202,18.69400787
1210,0.300483974202,18.7228961
1220,0.300483974202,18.963665129
1230,0.333871082446,19.105641974
1240,0.333871082446,19.323597119
1250,0.333871082446,19.477343265
1260,0.300483974202,19.685609395
1270,0.300483974202,19.71582745
1280,0.300483974202,19.997601507
1290,0.300483974202,20.153759066
1300,0.300483974202,20.353831206
1310,0.300483974202,20.451514485
1320,0.300483974202,20.719029213
1330,0.300483974202,20.919228614
1340,0.300483974202,21.016216718
1350,0.300483974202,21.144491777
1360,0.300483974202,21.232547458
1370,0.300483974202,21.383557495
1380,0.300483974202,21.644127491
1390,0.300483974202,21.767461314
1400,0.333871082446,21.803780905
1410,0.300483974202,22.090686957
1420,0.300483974202,22.239510909
1430,0.300483974202,22.331390857
1440,0.300483974202,22.528500557
1450,0.300483974202,22.747861052
1460,0.300483974202,22.941601224
1470,0.300483974202,23.016596654
1480,0.300483974202,23.203348691
1490,0.300483974202,23.326478546
1500,0.300483974202,23.496537287
1510,0.300483974202,23.820052049
1520,0.300483974202,23.977719946
1530,0.300483974202,24.156363591
1540,0.300483974202,24.237746496
1550,0.300483974202,24.364696085
1560,0.300483974202,24.572196139
1570,0.300483974202,24.748600908
1580,0.300483974202,24.933021033
1590,0.300483974202,25.096414845
1600,0.333871082446,25.352470063
1610,0.333871082446,25.409205514
1620,0.333871082446,25.67625537
1630,0.333871082446,25.771138215
1640,0.333871082446,25.908555562
1650,0.333871082446,26.085324307
1660,0.333871082446,26.232456872
1670,0.375604967752,26.447821717
1680,0.375604967752,26.692815032
1690,0.375604967752,26.906942426
1700,0.375604967752,26.926604741
1710,0.375604967752,27.145352971
1720,0.375604967752,27.346487608
1730,0.375604967752,27.629870419
1740,0.429262820288,27.788974235
1750,0.375604967752,27.964540669
1760,0.375604967752,27.986147962
1770,0.375604967752,28.2220415
1780,0.375604967752,28.461415956
1790,0.375604967752,28.564941979
1800,0.375604967752,28.779626755
1810,0.375604967752,29.089780615
1820,0.375604967752,29.308783617
1830,0.375604967752,29.46449114
1840,0.375604967752,29.687636983
1850,0.429262820288,30.030129369
1860,0.375604967752,30.161054021
1870,0.375604967752,30.463950183
1880,0.375604967752,30.486966507
1890,0.429262820288,30.501452208
1900,0.375604967752,30.707856494
1910,0.375604967752,30.741421482
1920,0.375604967752,30.883298564
1930,0.375604967752,31.047597588
1940,0.375604967752,31.18373403
1950,0.375604967752,31.394297703
1960,0.375604967752,31.550174764
1970,0.375604967752,31.816174426
1980,0.375604967752,32.150770877
1990,0.375604967752,32.361978802
2000,0.375604967752,32.543301444
2010,0.375604967752,32.682803518
2020,0.375604967752,32.702372538
2030,0.375604967752,32.721346119
2040,0.429262820288,32.738155117
2050,0.375604967752,32.7532233
2060,0.375604967752,33.144803355
2070,0.333871082446,33.43051087
2080,0.333871082446,33.621538204
2090,0.333871082446,33.701669752
2100,0.333871082446,33.727043073
2110,0.333871082446,34.049854691
2120,0.333871082446,34.22296592
2130,0.333871082446,34.369290189
2140,0.333871082446,34.521442076
2150,0.375604967752,34.671061132
2160,0.375604967752,34.796445705
2170,0.375604967752,34.856730708
2180,0.429262820288,34.971706215
2190,0.429262820288,35.03653305
2200,0.375604967752,35.154765066
2210,0.375604967752,35.300753269
2220,0.375604967752,35.3807312
2230,0.375604967752,35.54369685
2240,0.375604967752,35.638715139
2250,0.375604967752,35.84481004
2260,0.429262820288,35.979730901
2270,0.429262820288,36.002307873
2280,0.429262820288,36.198110746
2290,0.429262820288,36.288239895
2300,0.429262820288,36.400289874
2310,0.429262820288,36.526498068
2320,0.429262820288,36.594307459
2330,0.429262820288,36.758697026
2340,0.429262820288,36.899840939
2350,0.429262820288,37.037327969
2360,0.429262820288,37.137891006
2370,0.429262820288,37.272398307
2380,0.429262820288,37.403726012
2390,0.429262820288,37.507722188
2400,0.429262820288,37.583042673
2410,0.429262820288,37.71151909
2420,0.429262820288,37.802555753
2430,0.429262820288,37.968749012
2440,0.429262820288,38.030118622
2450,0.429262820288,38.224119659
2460,0.429262820288,38.333238344
2470,0.500806623669,38.456525693
2480,0.500806623669,38.490785232
2490,0.500806623669,38.58736549
2500,0.500806623669,38.690000942
2510,0.500806623669,38.815800911
2520,0.500806623669,38.928478381
2530,0.500806623669,39.011202212
2540,0.500806623669,39.162872609
2550,0.500806623669,39.29619649
2560,0.500806623669,39.412738096
2570,0.500806623669,39.533464448
2580,0.500806623669,39.671924519
2590,0.500806623669,39.785338101
2600,0.500806623669,39.88477515
2610,0.500806623669,40.034446137
2620,0.500806623669,40.157025935
2630,0.500806623669,40.199610386
2640,0.500806623669,40.275991922
2650,0.500806623669,40.350189112
2660,0.500806623669,40.532674257
2670,0.500806623669,40.647650984
2680,0.500806623669,40.709521152
2690,0.500806623669,40.841989352
2700,0.500806623669,40.901667028
2710,0.500806623669,41.036515289
2720,0.500806623669,41.1671258
2730,0.500806623669,41.330610652
2740,0.500806623669,41.352459122
2750,0.500806623669,41.356757657
2760,0.500806623669,41.494835206
2770,0.500806623669,41.636385362
2780,0.500806623669,41.748605291
2790,0.500806623669,41.821805356
2800,0.500806623669,41.93479418
2810,0.500806623669,42.064546611
2820,0.500806623669,42.227539456
2830,0.500806623669,42.3493862
2840,0.500806623669,42.468378118
2850,0.500806623669,42.618596418
2860,0.500806623669,42.735670482
2870,0.500806623669,42.873232275
2880,0.500806623669,43.005962901
2890,0.500806623669,43.156755782
2900,0.500806623669,43.338648652
2910,0.500806623669,43.426280597
2920,0.500806623669,43.591933385
2930,0.500806623669,43.706896411
2940,0.500806623669,43.809333013
2950,0.500806623669,43.995864198
2960,0.500806623669,44.178319225
2970,0.500806623669,44.29256537
2980,0.500806623669,44.420192842
2990,0.500806623669,44.474065305
3000,0.500806623669,44.623311232
3010,0.500806623669,44.672759775
3020,0.500806623669,44.751006957
3030,0.500806623669,44.935447326
3040,0.500806623669,45.037074614
3050,0.500806623669,45.114488891
3060,0.500806623669,45.298706315
3070,0.500806623669,45.412205232
3080,0.500806623669,45.550370801
3090,0.500806623669,45.656866844
3100,0.500806623669,45.775842624
3110,0.500806623669,45.901213543
3120,0.500806623669,46.01229838
3130,0.500806623669,46.149496923
3140,0.500806623669,46.242413434
3150,0.500806623669,46.375858711
3160,0.500806623669,46.503606277
3170,0.500806623669,46.638782846
3180,0.500806623669,46.777207432
3190,0.500806623669,46.904990663
3200,0.500806623669,46.991663608
3210,0.500806623669,47.133547704
3220,0.500806623669,47.253176951
3230,0.500806623669,47.369991416
3240,0.500806623669,47.464896712
3250,0.500806623669,47.568486452
3260,0.500806623669,47.65483516
3270,0.500806623669,47.761067198
3280,0.500806623669,47.91021079
3290,0.500806623669,48.021106188
3300,0.500806623669,48.125368964
3310,0.500806623669,48.271128799
3320,0.500806623669,48.432471894
3330,0.500806623669,48.589930388
3340,0.500806623669,48.751955262
3350,0.500806623669,48.879739804
3360,0.500806623669,48.993489265
3370,0.500806623669,49.113256232
3380,0.500806623669,49.232782724
3390,0.500806623669,49.356270733
3400,0.500806623669,49.488020789
3410,0.500806623669,49.635186087
3420,0.500806623669,49.732923545
3430,0.500806623669,49.818273313
3440,0.500806623669,50.03775214
3450,0.500806623669,50.16913181
3460,0.500806623669,50.282478796
3470,0.500806623669,50.409192253
3480,0.500806623669,50.498149372
3490,0.500806623669,50.611558319
3500,0.500806623669,50.711382644
3510,0.500806623669,50.862586502
3520,0.500806623669,51.000912869
3530,0.500806623669,51.118142198
3540,0.500806623669,51.268020764
3550,0.500806623669,51.374568655
3560,0.500806623669,51.521074977
3570,0.500806623669,51.612675877
3580,0.500806623669,51.733728745
3590,0.500806623669,51.843092877
3600,0.500806623669,51.999269601
3610,0.500806623669,52.146334208
3620,0.500806623669,52.246488091
3630,0.500806623669,52.398006672
3640,0.500806623669,52.554298698
3650,0.500806623669,52.635380511
3660,0.500806623669,52.801556718
3670,0.500806623669,52.886628795
3680,0.500806623669,53.031974389
3690,0.500806623669,53.188640922
3700,0.500806623669,53.315594255
3710,0.500806623669,53.438261484
3720,0.500806623669,53.587952091
3730,0.500806623669,53.749777932
3740,0.500806623669,53.86876247
3750,0.500806623669,54.002087881
3760,0.500806623669,54.177843495
3770,0.500806623669,54.237486876
3780,0.500806623669,54.364513411
3790,0.500806623669,54.462582358
3800,0.500806623669,54.586313644
3810,0.500806623669,54.686699613
3820,0.500806623669,54.791742599
3830,0.500806623669,54.859974374
3840,0.500806623669,55.001664807
3850,0.500806623669,55.113320963
3860,0.500806623669,55.231784236
3870,0.500806623669,55.321181046
3880,0.500806623669,55.508975646
3890,0.500806623669,55.626058529
3900,0.500806623669,55.716655255
3910,0.500806623669,55.821924091
3920,0.500806623669,55.938448149
3930,0.600967948403,56.117120963
3940,0.500806623669,56.144970736
3950,0.500806623669,56.22939635
3960,0.500806623669,56.35060427
3970,0.500806623669,56.424147478
3980,0.500806623669,56.526845771
3990,0.500806623669,56.597425551
4000,0.500806623669,56.723797944
