iterations,fitness,time
0,0.158149460106,0.03438816
10,0.166935541223,0.252570824
20,0.166935541223,0.295874071
30,0.176755278942,0.346275077
40,0.166935541223,0.586338395
50,0.166935541223,0.765760977
60,0.166935541223,0.975723526
70,0.176755278942,1.129387465
80,0.176755278942,1.329465637
90,0.176755278942,1.563713252
100,0.176755278942,1.730225826
110,0.166935541223,1.943265247
120,0.187802483876,2.148982718
130,0.187802483876,2.383170095
140,0.187802483876,2.652325534
150,0.187802483876,2.671245312
160,0.187802483876,2.73003764
170,0.187802483876,2.868313123
180,0.187802483876,3.170386302
190,0.166935541223,3.403196429
200,0.176755278942,3.576562657
210,0.166935541223,3.844389138
220,0.176755278942,4.071019173
230,0.176755278942,4.29167065
240,0.166935541223,4.486311447
250,0.176755278942,4.545876454
260,0.166935541223,4.799411407
270,0.166935541223,5.101303857
280,0.166935541223,5.263297851
290,0.166935541223,5.481231052
300,0.176755278942,5.750215441
310,0.176755278942,5.90971514
320,0.176755278942,5.985230382
330,0.176755278942,6.262165578
340,0.176755278942,6.62482617
350,0.176755278942,6.904432051
360,0.176755278942,7.174733104
370,0.176755278942,7.385090492
380,0.176755278942,7.648224141
390,0.176755278942,7.963323329
400,0.176755278942,8.155213119
410,0.176755278942,8.44697058
420,0.187802483876,8.629155335
430,0.187802483876,8.959841473
440,0.187802483876,9.159640087
450,0.214631410144,9.362133973
460,0.214631410144,9.692067266
470,0.214631410144,9.88903877
480,0.214631410144,10.248698458
490,0.214631410144,10.376090163
500,0.214631410144,10.586076566
510,0.214631410144,10.810942816
520,0.214631410144,11.032046135
530,0.214631410144,11.147124872
540,0.214631410144,11.413891413
550,0.214631410144,11.746809421
560,0.214631410144,12.02127865
570,0.231141518617,12.156554576
580,0.231141518617,12.231222713
590,0.231141518617,12.293386024
600,0.231141518617,12.619894794
610,0.231141518617,12.6458704
620,0.231141518617,13.022991912
630,0.250403311835,13.228239006
640,0.250403311835,13.534288399
650,0.231141518617,13.712092698
660,0.231141518617,13.947868851
670,0.231141518617,14.172084479
680,0.231141518617,14.194077186
690,0.231141518617,14.535965595
700,0.231141518617,14.7790657
710,0.231141518617,14.968030965
720,0.250403311835,15.179656276
730,0.250403311835,15.420783882
740,0.250403311835,15.716540155
750,0.250403311835,15.970619805
760,0.273167249274,16.228754767
770,0.273167249274,16.562484294
780,0.231141518617,16.837025595
790,0.231141518617,17.000854162
800,0.231141518617,17.225613458
810,0.250403311835,17.519700136
820,0.250403311835,17.713505396
830,0.250403311835,17.935062856
840,0.250403311835,18.177883102
850,0.273167249274,18.471904916
860,0.273167249274,18.735388733
870,0.273167249274,19.090133802
880,0.273167249274,19.354321879
890,0.273167249274,19.686345444
900,0.273167249274,19.940355437
910,0.273167249274,20.204603302
920,0.273167249274,20.368216476
930,0.273167249274,20.56025227
940,0.300483974202,20.823839236
950,0.273167249274,21.118974808
960,0.273167249274,21.212692522
970,0.273167249274,21.566856872
980,0.273167249274,21.856422571
990,0.273167249274,22.02194985
1000,0.273167249274,22.26553266
1010,0.273167249274,22.471477138
1020,0.273167249274,22.786492033
1030,0.273167249274,22.927978267
1040,0.273167249274,23.254592324
1050,0.300483974202,23.535558146
1060,0.273167249274,23.755579772
1070,0.273167249274,23.794051815
1080,0.273167249274,24.235837824
1090,0.273167249274,24.454655447
1100,0.273167249274,24.605347943
1110,0.273167249274,24.909232207
1120,0.273167249274,25.209048313
1130,0.273167249274,25.439665741
1140,0.273167249274,25.745883055
1150,0.273167249274,26.032830464
1160,0.273167249274,26.278831467
1170,0.273167249274,26.467701221
1180,0.273167249274,26.854656324
1190,0.273167249274,27.119582182
1200,0.273167249274,27.321311763
1210,0.273167249274,27.510129668
1220,0.273167249274,27.837346715
1230,0.273167249274,28.07842734
1240,0.273167249274,28.265302498
1250,0.273167249274,28.541736389
1260,0.273167249274,28.867044541
1270,0.273167249274,29.174561805
1280,0.273167249274,29.381759583
1290,0.273167249274,29.607341374
1300,0.273167249274,29.938314179
1310,0.300483974202,30.292198212
1320,0.273167249274,30.532472476
1330,0.273167249274,30.738980536
1340,0.273167249274,30.842951568
1350,0.273167249274,31.117669779
1360,0.273167249274,31.34795638
1370,0.273167249274,31.601045786
1380,0.273167249274,31.784670213
1390,0.273167249274,32.020482787
1400,0.273167249274,32.18332785
1410,0.273167249274,32.428177598
1420,0.273167249274,32.45021429
1430,0.273167249274,32.69144798
1440,0.273167249274,32.958989714
1450,0.273167249274,33.226604988
1460,0.273167249274,33.647839863
1470,0.273167249274,33.907364294
1480,0.273167249274,34.076376715
1490,0.300483974202,34.327215937
1500,0.300483974202,34.541520627
1510,0.300483974202,34.712245273
1520,0.300483974202,34.85879699
1530,0.300483974202,35.100466401
1540,0.300483974202,35.173059075
1550,0.300483974202,35.363043154
1560,0.333871082446,35.633929417
1570,0.333871082446,35.759518811
1580,0.333871082446,35.893498532
1590,0.333871082446,36.12574647
1600,0.333871082446,36.316213413
1610,0.333871082446,36.439395872
1620,0.333871082446,36.646638169
1630,0.333871082446,36.797415675
1640,0.333871082446,36.99731575
1650,0.333871082446,37.168365935
1660,0.333871082446,37.342433763
1670,0.333871082446,37.552818079
1680,0.333871082446,37.745564981
1690,0.333871082446,37.88152669
1700,0.333871082446,38.097259561
1710,0.333871082446,38.294527724
1720,0.333871082446,38.421087209
1730,0.333871082446,38.629723215
1740,0.333871082446,38.819528525
1750,0.333871082446,39.014312876
1760,0.333871082446,39.195592675
1770,0.333871082446,39.417309841
1780,0.333871082446,39.568278995
1790,0.333871082446,39.805165592
1800,0.333871082446,39.948418969
1810,0.333871082446,40.167158692
1820,0.333871082446,40.373344604
1830,0.333871082446,40.46789219
1840,0.333871082446,40.647814487
1850,0.333871082446,40.753425173
1860,0.333871082446,40.805970078
1870,0.333871082446,40.97905367
1880,0.333871082446,41.015704673
1890,0.333871082446,41.261001863
1900,0.333871082446,41.416642439
1910,0.333871082446,41.491024331
1920,0.333871082446,41.701883383
1930,0.333871082446,41.847079439
1940,0.333871082446,42.02125188
1950,0.333871082446,42.184543021
1960,0.333871082446,42.392463015
1970,0.333871082446,42.544793666
1980,0.333871082446,42.76428489
1990,0.333871082446,43.001947833
2000,0.333871082446,43.150592909
2010,0.375604967752,43.368203967
2020,0.375604967752,43.58061144
2030,0.375604967752,43.796382769
2040,0.375604967752,43.96959588
2050,0.375604967752,44.139297633
2060,0.375604967752,44.354972354
2070,0.375604967752,44.567691337
2080,0.375604967752,44.761463096
2090,0.375604967752,44.861758781
2100,0.375604967752,45.042101686
2110,0.375604967752,45.194744541
2120,0.375604967752,45.371467786
2130,0.375604967752,45.511823794
2140,0.375604967752,45.670481809
2150,0.375604967752,45.809518855
2160,0.375604967752,46.000291164
2170,0.375604967752,46.122161976
2180,0.375604967752,46.287680443
2190,0.375604967752,46.500547517
2200,0.375604967752,46.682832693
2210,0.375604967752,46.865256473
2220,0.375604967752,47.042573158
2230,0.375604967752,47.254939896
2240,0.375604967752,47.401438633
2250,0.375604967752,47.542811015
2260,0.375604967752,47.766105167
2270,0.375604967752,47.930817183
2280,0.375604967752,48.045491804
2290,0.375604967752,48.251025959
2300,0.375604967752,48.410280893
2310,0.375604967752,48.539627227
2320,0.375604967752,48.714913953
2330,0.375604967752,48.889850646
2340,0.375604967752,49.020567985
2350,0.375604967752,49.233949282
2360,0.375604967752,49.350875391
2370,0.375604967752,49.58775754
2380,0.375604967752,49.693002549
2390,0.375604967752,49.866705377
2400,0.375604967752,50.127006384
2410,0.375604967752,50.302475508
2420,0.375604967752,50.509843037
2430,0.375604967752,50.661858273
2440,0.375604967752,50.852636565
2450,0.375604967752,51.056171876
2460,0.375604967752,51.248328036
2470,0.375604967752,51.424258753
2480,0.375604967752,51.598805386
2490,0.375604967752,51.790815529
2500,0.375604967752,51.967099212
2510,0.375604967752,52.149879152
2520,0.375604967752,52.257857565
2530,0.375604967752,52.500638911
2540,0.375604967752,52.677079868
2550,0.375604967752,52.873540845
2560,0.375604967752,53.095434444
2570,0.375604967752,53.281485576
2580,0.375604967752,53.452958961
2590,0.375604967752,53.5843551
2600,0.375604967752,53.738388578
2610,0.375604967752,53.998230255
2620,0.375604967752,54.17435638
2630,0.375604967752,54.211156515
2640,0.375604967752,54.465109607
2650,0.375604967752,54.657293593
2660,0.375604967752,54.741942622
2670,0.375604967752,54.970485793
2680,0.375604967752,55.092179037
2690,0.375604967752,55.298597948
2700,0.375604967752,55.49803266
2710,0.375604967752,55.635203366
2720,0.375604967752,55.793740732
2730,0.375604967752,55.988091187
2740,0.375604967752,56.087676359
2750,0.375604967752,56.206297244
2760,0.375604967752,56.330154886
2770,0.375604967752,56.449332397
2780,0.375604967752,56.560541567
2790,0.375604967752,56.683405116
2800,0.375604967752,56.747029567
2810,0.375604967752,56.883247568
2820,0.375604967752,56.964953183
2830,0.375604967752,57.056229702
2840,0.375604967752,57.121289256
2850,0.375604967752,57.236983426
2860,0.375604967752,57.319473165
2870,0.375604967752,57.413302827
2880,0.375604967752,57.47406847
2890,0.375604967752,57.526580586
2900,0.375604967752,57.628068814
2910,0.375604967752,57.710608529
2920,0.375604967752,57.788942075
2930,0.375604967752,57.848013825
2940,0.375604967752,57.9303093
2950,0.375604967752,57.999163232
2960,0.375604967752,58.080978127
2970,0.375604967752,58.16213158
2980,0.375604967752,58.211907735
2990,0.375604967752,58.316161031
3000,0.375604967752,58.387707697
3010,0.375604967752,58.45287916
3020,0.375604967752,58.518841004
3030,0.375604967752,58.610740428
3040,0.375604967752,58.700122174
3050,0.375604967752,58.755977384
3060,0.375604967752,58.835651137
3070,0.375604967752,58.908689538
3080,0.375604967752,59.029661697
3090,0.375604967752,59.115415099
3100,0.375604967752,59.169446367
3110,0.375604967752,59.282214817
3120,0.375604967752,59.388165082
3130,0.375604967752,59.480296561
3140,0.375604967752,59.546128222
3150,0.375604967752,59.614639335
3160,0.375604967752,59.727240922
3170,0.375604967752,59.77152903
3180,0.375604967752,59.815404742
3190,0.375604967752,59.911464671
3200,0.375604967752,59.986189307
3210,0.375604967752,60.049284783
3220,0.375604967752,60.154262039
3230,0.375604967752,60.220881378
3240,0.375604967752,60.304634011
3250,0.375604967752,60.382754305
3260,0.375604967752,60.459648143
3270,0.375604967752,60.533014055
3280,0.375604967752,60.594978437
3290,0.375604967752,60.708028222
3300,0.375604967752,60.784275622
3310,0.375604967752,60.880841142
3320,0.375604967752,60.959501059
3330,0.375604967752,61.0431676
3340,0.375604967752,61.149119336
3350,0.375604967752,61.236266847
3360,0.375604967752,61.306104233
3370,0.375604967752,61.384577744
3380,0.375604967752,61.485914073
3390,0.375604967752,61.567868176
3400,0.375604967752,61.677719874
3410,0.375604967752,61.764318645
3420,0.375604967752,61.850128956
3430,0.375604967752,61.949002648
3440,0.375604967752,62.02826061
3450,0.375604967752,62.123459184
3460,0.375604967752,62.228377074
3470,0.375604967752,62.314353195
3480,0.375604967752,62.406903869
3490,0.375604967752,62.493952338
3500,0.375604967752,62.599879197
3510,0.375604967752,62.680688325
3520,0.375604967752,62.783481175
3530,0.375604967752,62.902204048
3540,0.375604967752,62.983414615
3550,0.375604967752,63.037801208
3560,0.375604967752,63.134238012
3570,0.375604967752,63.2335597
3580,0.375604967752,63.34106289
3590,0.375604967752,63.418788458
3600,0.375604967752,63.508342651
3610,0.375604967752,63.590823765
3620,0.375604967752,63.703379547
3630,0.375604967752,63.771198707
3640,0.375604967752,63.863204426
3650,0.375604967752,63.949268115
3660,0.375604967752,64.03038151
3670,0.375604967752,64.091728018
3680,0.375604967752,64.211115587
3690,0.375604967752,64.291647777
3700,0.375604967752,64.362568121
3710,0.375604967752,64.444347925
3720,0.375604967752,64.536630943
3730,0.375604967752,64.643921111
3740,0.375604967752,64.776689581
3750,0.375604967752,64.812536709
3760,0.375604967752,64.895108292
3770,0.375604967752,64.986349437
3780,0.375604967752,65.094149983
3790,0.375604967752,65.166424239
3800,0.375604967752,65.269229456
3810,0.375604967752,65.360642957
3820,0.375604967752,65.418785141
3830,0.375604967752,65.514996199
3840,0.375604967752,65.615292957
3850,0.375604967752,65.699322427
3860,0.375604967752,65.759309984
3870,0.375604967752,65.864254364
3880,0.375604967752,65.946181697
3890,0.375604967752,66.023693462
3900,0.375604967752,66.110277878
3910,0.375604967752,66.188834222
3920,0.375604967752,66.267897119
3930,0.375604967752,66.344223175
3940,0.375604967752,66.416130305
3950,0.375604967752,66.473908175
3960,0.375604967752,66.534126547
3970,0.375604967752,66.623093543
3980,0.375604967752,66.703198639
3990,0.375604967752,66.773061682
4000,0.375604967752,66.832399882
