iterations,fitness,time
0,0.150241987101,0.017258993
10,0.150241987101,0.045470684
20,0.150241987101,0.077785045
30,0.150241987101,0.099212863
40,0.150241987101,0.286220493
50,0.150241987101,0.331586368
60,0.143087606763,0.593184847
70,0.150241987101,0.776728512
80,0.150241987101,0.92110104
90,0.158149460106,1.139424579
100,0.158149460106,1.218514655
110,0.158149460106,1.422452779
120,0.158149460106,1.505298181
130,0.166935541223,1.73235542
140,0.158149460106,1.774656873
150,0.158149460106,1.956077093
160,0.166935541223,2.146097356
170,0.166935541223,2.311480685
180,0.176755278942,2.429165019
190,0.166935541223,2.676143985
200,0.176755278942,2.702309899
210,0.187802483876,2.928816283
220,0.176755278942,3.156555728
230,0.176755278942,3.306865164
240,0.166935541223,3.389971267
250,0.166935541223,3.529146792
260,0.166935541223,3.718926404
270,0.166935541223,3.818553439
280,0.166935541223,3.979304575
290,0.176755278942,4.081576848
300,0.176755278942,4.255701985
310,0.176755278942,4.512705302
320,0.176755278942,4.692457296
330,0.176755278942,4.969846456
340,0.187802483876,5.060220924
350,0.187802483876,5.168078549
360,0.200322649468,5.176760667
370,0.200322649468,5.346299765
380,0.200322649468,5.356569762
390,0.214631410144,5.542123279
400,0.214631410144,5.66298606
410,0.214631410144,6.018857576
420,0.214631410144,6.097311725
430,0.231141518617,6.107630656
440,0.200322649468,6.330440054
450,0.214631410144,6.553540889
460,0.214631410144,6.670286524
470,0.214631410144,6.697838719
480,0.214631410144,6.724700527
490,0.231141518617,6.76148711
500,0.231141518617,6.78502816
510,0.214631410144,6.820241861
520,0.214631410144,6.98932497
530,0.231141518617,7.152346589
540,0.231141518617,7.288864627
550,0.231141518617,7.418406575
560,0.231141518617,7.587180481
570,0.231141518617,7.750231383
580,0.231141518617,7.91381727
590,0.231141518617,8.053402198
600,0.231141518617,8.14773068
610,0.231141518617,8.354597136
620,0.250403311835,8.534298465
630,0.250403311835,8.700438367
640,0.250403311835,8.828203784
650,0.250403311835,9.015974527
660,0.273167249274,9.152448314
670,0.273167249274,9.327001103
680,0.273167249274,9.511007679
690,0.273167249274,9.645423419
700,0.273167249274,9.786309312
710,0.273167249274,9.986776825
720,0.273167249274,10.162883196
730,0.273167249274,10.37820811
740,0.273167249274,10.462718843
750,0.273167249274,10.619717133
760,0.273167249274,10.80613738
770,0.273167249274,11.041716958
780,0.273167249274,11.190514509
790,0.273167249274,11.343870795
800,0.273167249274,11.520874211
810,0.273167249274,11.534474482
820,0.273167249274,11.671467683
830,0.300483974202,11.888464074
840,0.273167249274,11.961746971
850,0.273167249274,12.099396471
860,0.300483974202,12.180413526
870,0.300483974202,12.269692224
880,0.273167249274,12.472800557
890,0.273167249274,12.651470534
900,0.273167249274,12.816347078
910,0.273167249274,13.001372433
920,0.273167249274,13.207012257
930,0.273167249274,13.329136257
940,0.273167249274,13.43471384
950,0.273167249274,13.534966558
960,0.273167249274,13.632040733
970,0.300483974202,13.809430135
980,0.300483974202,13.927295299
990,0.300483974202,14.096098451
1000,0.333871082446,14.321238973
1010,0.300483974202,14.519180218
1020,0.300483974202,14.70244486
1030,0.300483974202,14.949302819
1040,0.300483974202,15.017666595
1050,0.300483974202,15.13173063
1060,0.300483974202,15.332183895
1070,0.300483974202,15.524593456
1080,0.300483974202,15.684231104
1090,0.300483974202,15.842196774
1100,0.300483974202,16.000914695
1110,0.300483974202,16.2554616
1120,0.333871082446,16.400494588
1130,0.300483974202,16.5564097
1140,0.300483974202,16.728889461
1150,0.300483974202,16.919506572
1160,0.300483974202,17.126907311
1170,0.300483974202,17.266531318
1180,0.300483974202,17.382768654
1190,0.333871082446,17.50492464
1200,0.333871082446,17.7244285
1210,0.333871082446,17.862729119
1220,0.333871082446,18.030104133
1230,0.333871082446,18.176190445
1240,0.333871082446,18.42627059
1250,0.333871082446,18.615596127
1260,0.333871082446,18.856825296
1270,0.333871082446,19.091356854
1280,0.333871082446,19.152613947
1290,0.333871082446,19.336221632
1300,0.333871082446,19.486392956
1310,0.333871082446,19.67070436
1320,0.333871082446,19.772529759
1330,0.333871082446,20.042583579
1340,0.333871082446,20.187880825
1350,0.333871082446,20.414493932
1360,0.333871082446,20.617914559
1370,0.333871082446,20.831440218
1380,0.333871082446,21.032469108
1390,0.333871082446,21.300943221
1400,0.333871082446,21.410544155
1410,0.333871082446,21.585322658
1420,0.333871082446,21.726293402
1430,0.375604967752,21.964688581
1440,0.375604967752,22.044577693
1450,0.375604967752,22.052835692
1460,0.375604967752,22.2648629
1470,0.375604967752,22.344174723
1480,0.375604967752,22.356392606
1490,0.375604967752,22.577605032
1500,0.375604967752,22.761562607
1510,0.375604967752,22.950607845
1520,0.375604967752,23.084565302
1530,0.375604967752,23.228159477
1540,0.375604967752,23.370341718
1550,0.375604967752,23.542215662
1560,0.375604967752,23.734070715
1570,0.375604967752,23.889564329
1580,0.375604967752,24.173773421
1590,0.375604967752,24.37790372
1600,0.375604967752,24.399811139
1610,0.375604967752,24.620869174
1620,0.375604967752,24.772950058
1630,0.375604967752,24.974649151
1640,0.375604967752,25.250926608
1650,0.375604967752,25.441528646
1660,0.375604967752,25.570380976
1670,0.375604967752,25.73086506
1680,0.375604967752,25.934069928
1690,0.375604967752,26.097929647
1700,0.375604967752,26.239780479
1710,0.375604967752,26.407081006
1720,0.375604967752,26.608214765
1730,0.375604967752,26.727478161
1740,0.375604967752,26.912293465
1750,0.375604967752,27.188123624
1760,0.429262820288,27.308630249
1770,0.429262820288,27.478326377
1780,0.429262820288,27.635918365
1790,0.429262820288,27.761970396
1800,0.429262820288,27.996864496
1810,0.429262820288,28.152770918
1820,0.429262820288,28.367290905
1830,0.429262820288,28.503809652
1840,0.429262820288,28.730449809
1850,0.429262820288,28.747609698
1860,0.429262820288,29.031132706
1870,0.429262820288,29.132495754
1880,0.429262820288,29.322861602
1890,0.500806623669,29.548968888
1900,0.500806623669,29.808150086
1910,0.500806623669,29.928331303
1920,0.500806623669,29.942569369
1930,0.500806623669,30.329447387
1940,0.500806623669,30.48276633
1950,0.500806623669,30.504303507
1960,0.500806623669,30.839973506
1970,0.500806623669,31.005345786
1980,0.500806623669,31.148700966
1990,0.500806623669,31.409023109
2000,0.500806623669,31.576922427
2010,0.500806623669,31.656598337
2020,0.500806623669,31.738289454
2030,0.500806623669,31.960007108
2040,0.500806623669,32.043894768
2050,0.500806623669,32.199892144
2060,0.500806623669,32.458115774
2070,0.500806623669,32.478414181
2080,0.500806623669,32.675015774
2090,0.500806623669,33.026018266
2100,0.500806623669,33.16107844
2110,0.500806623669,33.307096862
2120,0.500806623669,33.557994083
2130,0.500806623669,33.732798392
2140,0.500806623669,33.840024455
2150,0.500806623669,34.046290434
2160,0.500806623669,34.232064335
2170,0.500806623669,34.378263802
2180,0.500806623669,34.465029345
2190,0.500806623669,34.643518298
2200,0.500806623669,34.835692652
2210,0.500806623669,34.959535658
2220,0.500806623669,35.088967501
2230,0.500806623669,35.185854206
2240,0.500806623669,35.330923963
2250,0.500806623669,35.457298846
2260,0.500806623669,35.462934416
2270,0.500806623669,35.61686922
2280,0.500806623669,35.706907703
2290,0.500806623669,35.798805513
2300,0.500806623669,35.901949674
2310,0.500806623669,36.036908067
2320,0.500806623669,36.129724211
2330,0.500806623669,36.26205558
2340,0.500806623669,36.413500557
2350,0.500806623669,36.528605502
2360,0.500806623669,36.665578207
2370,0.500806623669,36.823509509
2380,0.500806623669,36.990250448
2390,0.500806623669,37.056780615
2400,0.500806623669,37.188284588
2410,0.500806623669,37.234748897
2420,0.500806623669,37.354405989
2430,0.500806623669,37.451837663
2440,0.500806623669,37.581842133
2450,0.500806623669,37.770568429
2460,0.500806623669,37.922297875
2470,0.500806623669,37.932515677
2480,0.500806623669,38.022003677
2490,0.500806623669,38.129201542
2500,0.500806623669,38.13815821
2510,0.500806623669,38.271374027
2520,0.500806623669,38.320734733
2530,0.500806623669,38.485421596
2540,0.500806623669,38.592921057
2550,0.500806623669,38.725387914
2560,0.500806623669,38.826453659
2570,0.500806623669,38.960243778
2580,0.500806623669,39.107258476
2590,0.500806623669,39.169341311
2600,0.500806623669,39.281435636
2610,0.500806623669,39.370370174
2620,0.500806623669,39.48077799
2630,0.500806623669,39.659341429
2640,0.500806623669,39.773578031
2650,0.500806623669,39.877598411
2660,0.500806623669,40.002454816
2670,0.500806623669,40.177396087
2680,0.500806623669,40.272854789
2690,0.500806623669,40.343400852
2700,0.500806623669,40.443408659
2710,0.500806623669,40.562156013
2720,0.500806623669,40.683519276
2730,0.500806623669,40.788805274
2740,0.500806623669,40.893914343
2750,0.500806623669,41.032856442
2760,0.500806623669,41.120778209
2770,0.500806623669,41.267967979
2780,0.500806623669,41.351197387
2790,0.500806623669,41.418521727
2800,0.500806623669,41.573929748
2810,0.500806623669,41.712797705
2820,0.500806623669,41.83745856
2830,0.500806623669,41.966679932
2840,0.500806623669,42.099702163
2850,0.500806623669,42.15164977
2860,0.500806623669,42.159263756
2870,0.500806623669,42.295481205
2880,0.500806623669,42.392079921
2890,0.500806623669,42.509822943
2900,0.500806623669,42.674810239
2910,0.500806623669,42.730514291
2920,0.500806623669,42.870341234
2930,0.500806623669,43.019610807
2940,0.500806623669,43.165192276
2950,0.500806623669,43.274128968
2960,0.500806623669,43.35841402
2970,0.500806623669,43.476843278
2980,0.500806623669,43.563301629
2990,0.500806623669,43.665756897
3000,0.500806623669,43.753418739
3010,0.500806623669,43.925579063
3020,0.500806623669,44.050555321
3030,0.500806623669,44.144407001
3040,0.500806623669,44.200137585
3050,0.500806623669,44.329105526
3060,0.500806623669,44.442449499
3070,0.500806623669,44.596547587
3080,0.500806623669,44.703685845
3090,0.500806623669,44.851854254
3100,0.500806623669,44.937502242
3110,0.500806623669,45.063375912
3120,0.500806623669,45.160318603
3130,0.500806623669,45.28000048
3140,0.500806623669,45.364189243
3150,0.500806623669,45.451108784
3160,0.500806623669,45.566573577
3170,0.500806623669,45.653113697
3180,0.500806623669,45.790301305
3190,0.500806623669,45.936590224
3200,0.500806623669,46.035638715
3210,0.500806623669,46.091252543
3220,0.500806623669,46.197862773
3230,0.500806623669,46.330832285
3240,0.500806623669,46.460736466
3250,0.500806623669,46.568837672
3260,0.500806623669,46.696407575
3270,0.500806623669,46.847527981
3280,0.500806623669,46.968898431
3290,0.500806623669,47.094902873
3300,0.500806623669,47.207229443
3310,0.500806623669,47.337779977
3320,0.500806623669,47.489470557
3330,0.500806623669,47.62841939
3340,0.500806623669,47.737174872
3350,0.500806623669,47.906752029
3360,0.500806623669,48.048008443
3370,0.500806623669,48.171388476
3380,0.500806623669,48.292107172
3390,0.500806623669,48.423527786
3400,0.500806623669,48.586738077
3410,0.500806623669,48.654631642
3420,0.500806623669,48.817953592
3430,0.500806623669,48.946760303
3440,0.500806623669,49.085581072
3450,0.500806623669,49.215919454
3460,0.500806623669,49.388628693
3470,0.500806623669,49.505566366
3480,0.500806623669,49.646178792
3490,0.500806623669,49.770583289
3500,0.500806623669,49.859162502
3510,0.500806623669,50.016536264
3520,0.500806623669,50.127400231
3530,0.500806623669,50.278684751
3540,0.500806623669,50.406765728
3550,0.500806623669,50.560089572
3560,0.500806623669,50.666391034
3570,0.500806623669,50.716592083
3580,0.500806623669,50.873526045
3590,0.500806623669,51.002496683
3600,0.500806623669,51.118522715
3610,0.500806623669,51.236795903
3620,0.500806623669,51.319833427
3630,0.500806623669,51.447210038
3640,0.500806623669,51.573912863
3650,0.500806623669,51.704822577
3660,0.500806623669,51.807251902
3670,0.500806623669,51.968156376
3680,0.500806623669,52.09993478
3690,0.500806623669,52.223516209
3700,0.500806623669,52.303698657
3710,0.500806623669,52.47783392
3720,0.500806623669,52.604822999
3730,0.500806623669,52.734250185
3740,0.500806623669,52.862480411
3750,0.500806623669,52.985914163
3760,0.500806623669,53.119790424
3770,0.500806623669,53.233258981
3780,0.500806623669,53.349595784
3790,0.500806623669,53.482714423
3800,0.500806623669,53.621371633
3810,0.500806623669,53.717597397
3820,0.500806623669,53.8520865
3830,0.500806623669,53.960266193
3840,0.500806623669,54.095070285
3850,0.500806623669,54.161087228
3860,0.500806623669,54.190341487
3870,0.500806623669,54.443323349
3880,0.500806623669,54.531049738
3890,0.500806623669,54.557708508
3900,0.500806623669,54.701745961
3910,0.500806623669,54.789844268
3920,0.500806623669,54.995723282
3930,0.500806623669,55.095607139
3940,0.500806623669,55.238293055
3950,0.500806623669,55.378593707
3960,0.500806623669,55.463084366
3970,0.500806623669,55.619530363
3980,0.500806623669,55.728481184
3990,0.500806623669,55.804028357
4000,0.500806623669,55.92097797
