iterations,fitness,time
0,0.136583624637,0.035241814
10,0.143087606763,0.192907842
20,0.143087606763,0.424218266
30,0.143087606763,0.615291955
40,0.143087606763,0.895182308
50,0.150241987101,1.032739972
60,0.150241987101,1.23417638
70,0.150241987101,1.434912372
80,0.150241987101,1.739383667
90,0.158149460106,1.995260209
100,0.166935541223,2.188707299
110,0.158149460106,2.456430001
120,0.158149460106,2.786037496
130,0.166935541223,3.032591676
140,0.166935541223,3.193849995
150,0.166935541223,3.366636933
160,0.166935541223,3.542310353
170,0.166935541223,3.77124819
180,0.166935541223,3.948495884
190,0.176755278942,4.14052604
200,0.166935541223,4.275066363
210,0.166935541223,4.796184839
220,0.187802483876,4.984030067
230,0.176755278942,5.242890085
240,0.187802483876,5.472748011
250,0.166935541223,5.632622625
260,0.166935541223,5.880459647
270,0.166935541223,6.031779699
280,0.176755278942,6.274152193
290,0.166935541223,6.623060763
300,0.176755278942,6.890393433
310,0.176755278942,7.123311156
320,0.176755278942,7.322963871
330,0.176755278942,7.572503728
340,0.176755278942,7.738643261
350,0.176755278942,7.987729839
360,0.214631410144,8.153543401
370,0.214631410144,8.442967602
380,0.214631410144,8.646748888
390,0.214631410144,8.972900849
400,0.214631410144,9.151531255
410,0.214631410144,9.438028743
420,0.214631410144,9.694869034
430,0.214631410144,9.948015609
440,0.231141518617,10.187995404
450,0.231141518617,10.283990929
460,0.231141518617,10.536920771
470,0.250403311835,10.756240314
480,0.273167249274,11.049678864
490,0.250403311835,11.217822678
500,0.250403311835,11.532875693
510,0.273167249274,11.799735099
520,0.273167249274,11.922520067
530,0.273167249274,12.120381583
540,0.273167249274,12.217468676
550,0.273167249274,12.516825421
560,0.273167249274,12.592718964
570,0.273167249274,12.88790392
580,0.273167249274,13.058936769
590,0.273167249274,13.293022853
600,0.273167249274,13.404915168
610,0.273167249274,13.532940675
620,0.300483974202,13.806169116
630,0.273167249274,14.009999083
640,0.273167249274,14.17072645
650,0.273167249274,14.397824998
660,0.273167249274,14.561876158
670,0.273167249274,14.748801073
680,0.273167249274,15.112924927
690,0.273167249274,15.332723
700,0.300483974202,15.515725096
710,0.273167249274,15.743514821
720,0.273167249274,15.957039974
730,0.273167249274,16.275459687
740,0.273167249274,16.503809016
750,0.273167249274,16.726840825
760,0.273167249274,17.063937118
770,0.273167249274,17.322161412
780,0.273167249274,17.514810662
790,0.273167249274,17.663454273
800,0.273167249274,17.966772389
810,0.273167249274,18.159503473
820,0.300483974202,18.379182151
830,0.300483974202,18.70466553
840,0.300483974202,18.938105451
850,0.300483974202,19.319639613
860,0.375604967752,19.643897844
870,0.375604967752,19.885882597
880,0.375604967752,20.180510078
890,0.375604967752,20.489604766
900,0.375604967752,20.607190749
910,0.375604967752,20.936991151
920,0.375604967752,21.053654335
930,0.375604967752,21.365333909
940,0.375604967752,21.541869277
950,0.375604967752,21.828258354
960,0.375604967752,22.102310659
970,0.375604967752,22.365456678
980,0.375604967752,22.574765494
990,0.375604967752,22.779241545
1000,0.375604967752,23.061938425
1010,0.375604967752,23.281538343
1020,0.375604967752,23.409183437
1030,0.375604967752,23.749513348
1040,0.375604967752,23.939536093
1050,0.375604967752,24.289576863
1060,0.375604967752,24.456790201
1070,0.375604967752,24.673437808
1080,0.375604967752,25.050772361
1090,0.375604967752,25.307343075
1100,0.375604967752,25.620513373
1110,0.375604967752,25.859525885
1120,0.375604967752,26.148965429
1130,0.375604967752,26.450871996
1140,0.375604967752,26.644200208
1150,0.375604967752,26.921228889
1160,0.375604967752,27.236814238
1170,0.375604967752,27.41594143
1180,0.375604967752,27.687767821
1190,0.375604967752,27.999102248
1200,0.375604967752,28.136713724
1210,0.375604967752,28.424571676
1220,0.375604967752,28.729082992
1230,0.375604967752,28.976294425
1240,0.375604967752,29.159425651
1250,0.375604967752,29.437019038
1260,0.375604967752,29.732194093
1270,0.375604967752,30.032442327
1280,0.375604967752,30.224068014
1290,0.375604967752,30.25429085
1300,0.375604967752,30.520304196
1310,0.375604967752,30.838167176
1320,0.375604967752,31.016789338
1330,0.375604967752,31.316320204
1340,0.375604967752,31.596523534
1350,0.375604967752,31.939762052
1360,0.375604967752,32.233420747
1370,0.375604967752,32.479902363
1380,0.375604967752,32.867085031
1390,0.375604967752,33.02905154
1400,0.375604967752,33.205334959
1410,0.375604967752,33.254535829
1420,0.375604967752,33.451400237
1430,0.375604967752,33.59173837
1440,0.375604967752,33.827679835
1450,0.375604967752,33.96483896
1460,0.375604967752,34.20736869
1470,0.375604967752,34.45280755
1480,0.375604967752,34.618125083
1490,0.375604967752,34.825095558
1500,0.375604967752,35.003159287
1510,0.375604967752,35.229966782
1520,0.375604967752,35.445050786
1530,0.375604967752,35.58504213
1540,0.375604967752,35.782832773
1550,0.375604967752,35.908508915
1560,0.375604967752,36.056711956
1570,0.375604967752,36.196301674
1580,0.375604967752,36.426015358
1590,0.375604967752,36.612067631
1600,0.375604967752,36.740926021
1610,0.375604967752,36.893695772
1620,0.375604967752,37.018227123
1630,0.375604967752,37.175021451
1640,0.375604967752,37.339899008
1650,0.429262820288,37.510228782
1660,0.375604967752,37.705960395
1670,0.375604967752,37.870812433
1680,0.375604967752,38.070043444
1690,0.375604967752,38.215418361
1700,0.375604967752,38.449787778
1710,0.375604967752,38.597601024
1720,0.375604967752,38.841537549
1730,0.375604967752,38.995224158
1740,0.375604967752,39.163293687
1750,0.375604967752,39.36560227
1760,0.375604967752,39.374025728
1770,0.375604967752,39.524297666
1780,0.375604967752,39.695786114
1790,0.375604967752,39.862343039
1800,0.333871082446,40.042504983
1810,0.333871082446,40.240020113
1820,0.333871082446,40.441634584
1830,0.333871082446,40.689909242
1840,0.333871082446,40.780250553
1850,0.333871082446,40.952968573
1860,0.375604967752,41.14121396
1870,0.375604967752,41.325237824
1880,0.333871082446,41.518451596
1890,0.333871082446,41.605986751
1900,0.333871082446,41.680039491
1910,0.333871082446,41.771881137
1920,0.333871082446,41.979012614
1930,0.333871082446,42.200168441
1940,0.333871082446,42.397929312
1950,0.333871082446,42.621941694
1960,0.333871082446,42.806900795
1970,0.333871082446,42.990929682
1980,0.333871082446,43.133911265
1990,0.333871082446,43.406898517
2000,0.333871082446,43.54043615
2010,0.333871082446,43.721069196
2020,0.333871082446,43.863581232
2030,0.333871082446,44.062502583
2040,0.333871082446,44.162094882
2050,0.333871082446,44.235872001
2060,0.333871082446,44.410047409
2070,0.333871082446,44.574880721
2080,0.333871082446,44.760885473
2090,0.333871082446,44.91756111
2100,0.333871082446,45.076478064
2110,0.333871082446,45.276350177
2120,0.333871082446,45.418966834
2130,0.333871082446,45.573715234
2140,0.333871082446,45.727731101
2150,0.375604967752,45.852960232
2160,0.375604967752,46.062845309
2170,0.375604967752,46.262657333
2180,0.375604967752,46.394228945
2190,0.375604967752,46.488087168
2200,0.375604967752,46.72951472
2210,0.375604967752,46.914666739
2220,0.375604967752,47.060493287
2230,0.375604967752,47.278610319
2240,0.375604967752,47.445888698
2250,0.375604967752,47.598650944
2260,0.375604967752,47.782893945
2270,0.375604967752,47.979680356
2280,0.375604967752,48.16044476
2290,0.375604967752,48.370592547
2300,0.375604967752,48.484187518
2310,0.375604967752,48.649910692
2320,0.375604967752,48.822523893
2330,0.375604967752,49.026683234
2340,0.375604967752,49.236922098
2350,0.375604967752,49.442252307
2360,0.375604967752,49.633517873
2370,0.375604967752,49.775162602
2380,0.375604967752,49.99533302
2390,0.375604967752,50.173445209
2400,0.375604967752,50.384584892
2410,0.375604967752,50.594850049
2420,0.375604967752,50.773266459
2430,0.375604967752,50.973994331
2440,0.375604967752,51.177524438
2450,0.375604967752,51.285847762
2460,0.375604967752,51.487337068
2470,0.375604967752,51.678587476
2480,0.375604967752,51.898427463
2490,0.375604967752,52.09655487
2500,0.375604967752,52.28428963
2510,0.375604967752,52.448443622
2520,0.375604967752,52.572129367
2530,0.375604967752,52.735044983
2540,0.375604967752,52.989158523
2550,0.375604967752,53.137726214
2560,0.375604967752,53.359776363
2570,0.375604967752,53.555151201
2580,0.375604967752,53.708815479
2590,0.375604967752,53.8747349
2600,0.375604967752,54.04980272
2610,0.375604967752,54.304796577
2620,0.375604967752,54.476048565
2630,0.375604967752,54.572304785
2640,0.375604967752,54.744353064
2650,0.375604967752,54.898239633
2660,0.375604967752,55.048932983
2670,0.375604967752,55.270864277
2680,0.375604967752,55.484076629
2690,0.375604967752,55.599156884
2700,0.375604967752,55.789811889
2710,0.375604967752,56.011298006
2720,0.375604967752,56.081482434
2730,0.375604967752,56.204425906
2740,0.375604967752,56.319255171
2750,0.375604967752,56.461308332
2760,0.375604967752,56.566885997
2770,0.375604967752,56.706693832
2780,0.375604967752,56.763411726
2790,0.429262820288,56.874714332
2800,0.375604967752,56.932611135
2810,0.375604967752,57.055436757
2820,0.375604967752,57.143329799
2830,0.375604967752,57.221347879
2840,0.375604967752,57.293034919
2850,0.375604967752,57.388763086
2860,0.375604967752,57.471024949
2870,0.375604967752,57.523847287
2880,0.375604967752,57.620674701
2890,0.375604967752,57.729064252
2900,0.375604967752,57.832892775
2910,0.375604967752,57.92548123
2920,0.375604967752,58.030884696
2930,0.375604967752,58.097425826
2940,0.375604967752,58.184529408
2950,0.375604967752,58.265125049
2960,0.375604967752,58.35217531
2970,0.375604967752,58.423976124
2980,0.375604967752,58.48304602
2990,0.375604967752,58.547350778
3000,0.375604967752,58.658072962
3010,0.375604967752,58.730796808
3020,0.375604967752,58.805916369
3030,0.375604967752,58.879591349
3040,0.375604967752,58.976195438
3050,0.375604967752,59.038196633
3060,0.375604967752,59.112345136
3070,0.375604967752,59.182394282
3080,0.375604967752,59.292684469
3090,0.375604967752,59.364875716
3100,0.375604967752,59.446471964
3110,0.375604967752,59.517396518
3120,0.375604967752,59.633538023
3130,0.375604967752,59.715993093
3140,0.375604967752,59.785681351
3150,0.375604967752,59.816730674
3160,0.375604967752,59.880249883
3170,0.375604967752,59.972283171
3180,0.375604967752,60.061895817
3190,0.375604967752,60.115017301
3200,0.375604967752,60.202041383
3210,0.375604967752,60.292420347
3220,0.375604967752,60.348569696
3230,0.375604967752,60.429131994
3240,0.375604967752,60.506516243
3250,0.375604967752,60.5849141
3260,0.375604967752,60.711335049
3270,0.375604967752,60.790731591
3280,0.375604967752,60.856793691
3290,0.375604967752,60.934929047
3300,0.375604967752,61.032764131
3310,0.375604967752,61.119997013
3320,0.375604967752,61.21388505
3330,0.375604967752,61.311517359
3340,0.375604967752,61.423564943
3350,0.375604967752,61.505752631
3360,0.375604967752,61.578630082
3370,0.375604967752,61.689053062
3380,0.375604967752,61.759760304
3390,0.375604967752,61.850349372
3400,0.375604967752,61.936207497
3410,0.375604967752,62.055524008
3420,0.375604967752,62.138881498
3430,0.375604967752,62.247497992
3440,0.375604967752,62.330270298
3450,0.375604967752,62.399127239
3460,0.375604967752,62.488987209
3470,0.375604967752,62.592337762
3480,0.375604967752,62.678930751
3490,0.375604967752,62.769185233
3500,0.375604967752,62.841218045
3510,0.375604967752,62.963509264
3520,0.375604967752,63.043904161
3530,0.375604967752,63.12165522
3540,0.375604967752,63.208368713
3550,0.375604967752,63.300811935
3560,0.375604967752,63.407339761
3570,0.375604967752,63.480918237
3580,0.375604967752,63.570160709
3590,0.375604967752,63.663708564
3600,0.375604967752,63.757592296
3610,0.375604967752,63.855935311
3620,0.375604967752,63.955699953
3630,0.375604967752,64.029990503
3640,0.375604967752,64.131800448
3650,0.375604967752,64.187639184
3660,0.375604967752,64.247511573
3670,0.375604967752,64.344921452
3680,0.375604967752,64.407262495
3690,0.375604967752,64.49819889
3700,0.375604967752,64.607512824
3710,0.375604967752,64.690266036
3720,0.375604967752,64.746411511
3730,0.375604967752,64.84388419
3740,0.375604967752,64.926593599
3750,0.375604967752,65.01002937
3760,0.375604967752,65.152898827
3770,0.375604967752,65.223128693
3780,0.375604967752,65.319388178
3790,0.375604967752,65.405964027
3800,0.375604967752,65.518342743
3810,0.375604967752,65.571517068
3820,0.375604967752,65.634288514
3830,0.375604967752,65.71425666
3840,0.375604967752,65.797295553
3850,0.375604967752,65.899377013
3860,0.375604967752,65.997993418
3870,0.375604967752,66.073370562
3880,0.375604967752,66.151842719
3890,0.375604967752,66.233449996
3900,0.375604967752,66.329894196
3910,0.375604967752,66.42224493
3920,0.375604967752,66.494088715
3930,0.375604967752,66.577429276
3940,0.375604967752,66.629437922
3950,0.375604967752,66.694969465
3960,0.375604967752,66.773935564
3970,0.375604967752,66.809425645
3980,0.375604967752,66.85134214
3990,0.375604967752,66.889638611
4000,0.375604967752,66.921305244
