iterations,fitness,time
0,0.143087606763,0.017622945
10,0.143087606763,0.122719203
20,0.150241987101,0.231686824
30,0.150241987101,0.371616117
40,0.150241987101,0.513977559
50,0.150241987101,0.648277987
60,0.158149460106,0.814149869
70,0.158149460106,0.97560163
80,0.166935541223,1.1581301
90,0.158149460106,1.251702672
100,0.150241987101,1.327737058
110,0.150241987101,1.472728499
120,0.150241987101,1.650640834
130,0.158149460106,1.784328942
140,0.158149460106,1.898609325
150,0.158149460106,2.158031285
160,0.158149460106,2.305095475
170,0.158149460106,2.426654251
180,0.158149460106,2.590595354
190,0.158149460106,2.724679834
200,0.158149460106,2.836911622
210,0.150241987101,2.910887974
220,0.150241987101,3.02768739
230,0.166935541223,3.137603938
240,0.150241987101,3.290943163
250,0.158149460106,3.38743488
260,0.150241987101,3.608353347
270,0.150241987101,3.77399122
280,0.158149460106,3.93016909
290,0.158149460106,3.949794559
300,0.150241987101,4.108754038
310,0.150241987101,4.161820897
320,0.150241987101,4.301155447
330,0.158149460106,4.442507273
340,0.150241987101,4.540803566
350,0.166935541223,4.669570901
360,0.176755278942,4.865830661
370,0.176755278942,5.008952219
380,0.176755278942,5.216971614
390,0.176755278942,5.302215882
400,0.176755278942,5.495920274
410,0.176755278942,5.766723556
420,0.176755278942,5.903176391
430,0.176755278942,6.022510438
440,0.187802483876,6.330197936
450,0.187802483876,6.344539733
460,0.200322649468,6.534170518
470,0.200322649468,6.718777435
480,0.200322649468,6.857895477
490,0.200322649468,7.038822236
500,0.200322649468,7.223490569
510,0.231141518617,7.345569731
520,0.250403311835,7.526000914
530,0.231141518617,7.729660794
540,0.250403311835,7.841458146
550,0.250403311835,8.022374762
560,0.250403311835,8.194707035
570,0.250403311835,8.326576396
580,0.250403311835,8.423989895
590,0.250403311835,8.550477653
600,0.250403311835,8.664537105
610,0.250403311835,8.77462939
620,0.250403311835,8.925401291
630,0.231141518617,9.090315331
640,0.231141518617,9.316085725
650,0.231141518617,9.525093445
660,0.231141518617,9.590898889
670,0.214631410144,9.616895863
680,0.231141518617,9.980834137
690,0.231141518617,9.996886693
700,0.250403311835,10.221676235
710,0.250403311835,10.368604691
720,0.250403311835,10.496263555
730,0.250403311835,10.616745674
740,0.250403311835,10.730865565
750,0.273167249274,10.886419856
760,0.250403311835,11.115802248
770,0.250403311835,11.142362302
780,0.250403311835,11.549748767
790,0.250403311835,11.617427071
800,0.250403311835,11.715796098
810,0.250403311835,11.731825309
820,0.250403311835,11.889385013
830,0.250403311835,12.042868713
840,0.250403311835,12.206317632
850,0.250403311835,12.348277986
860,0.250403311835,12.477122379
870,0.250403311835,12.689238942
880,0.273167249274,12.928609574
890,0.273167249274,13.06132749
900,0.300483974202,13.254192079
910,0.300483974202,13.26580961
920,0.300483974202,13.510993137
930,0.300483974202,13.65351144
940,0.300483974202,13.873170908
950,0.300483974202,14.018212294
960,0.300483974202,14.083613293
970,0.300483974202,14.111167154
980,0.300483974202,14.406688752
990,0.300483974202,14.589708115
1000,0.333871082446,14.7748513
1010,0.300483974202,14.934889166
1020,0.300483974202,15.075942724
1030,0.300483974202,15.318944478
1040,0.300483974202,15.462038477
1050,0.300483974202,15.623869459
1060,0.300483974202,15.757736935
1070,0.300483974202,15.955323283
1080,0.300483974202,16.180931988
1090,0.300483974202,16.343020501
1100,0.333871082446,16.388549127
1110,0.333871082446,16.693891619
1120,0.333871082446,16.853462682
1130,0.333871082446,17.014621951
1140,0.333871082446,17.242256894
1150,0.333871082446,17.355460731
1160,0.333871082446,17.512470243
1170,0.375604967752,17.535684541
1180,0.333871082446,17.868409487
1190,0.333871082446,18.052737938
1200,0.333871082446,18.204705481
1210,0.333871082446,18.346401036
1220,0.333871082446,18.603329918
1230,0.333871082446,18.630231162
1240,0.333871082446,18.866102251
1250,0.333871082446,19.173252712
1260,0.333871082446,19.306591203
1270,0.333871082446,19.462419276
1280,0.333871082446,19.74958973
1290,0.375604967752,19.877771472
1300,0.375604967752,20.119933195
1310,0.375604967752,20.265196383
1320,0.375604967752,20.365691258
1330,0.375604967752,20.587080442
1340,0.375604967752,20.793921889
1350,0.375604967752,20.930681915
1360,0.375604967752,21.139981341
1370,0.375604967752,21.28601313
1380,0.375604967752,21.488949074
1390,0.375604967752,21.679539162
1400,0.375604967752,21.903150296
1410,0.375604967752,22.098292942
1420,0.375604967752,22.244713345
1430,0.375604967752,22.430058381
1440,0.375604967752,22.578177257
1450,0.375604967752,22.727575063
1460,0.375604967752,22.863378599
1470,0.375604967752,23.029652627
1480,0.375604967752,23.259224657
1490,0.375604967752,23.394203725
1500,0.375604967752,23.663069748
1510,0.375604967752,23.784236005
1520,0.375604967752,24.0609464
1530,0.375604967752,24.07683743
1540,0.375604967752,24.252544851
1550,0.375604967752,24.437344104
1560,0.375604967752,24.625918789
1570,0.375604967752,24.775911387
1580,0.375604967752,25.013319061
1590,0.375604967752,25.225822025
1600,0.375604967752,25.394737072
1610,0.375604967752,25.545245649
1620,0.375604967752,25.698235633
1630,0.375604967752,25.847696725
1640,0.375604967752,26.094420075
1650,0.375604967752,26.332354958
1660,0.375604967752,26.475884398
1670,0.375604967752,26.644194311
1680,0.375604967752,26.823796604
1690,0.375604967752,27.071151786
1700,0.375604967752,27.253098609
1710,0.375604967752,27.476157304
1720,0.375604967752,27.607496405
1730,0.375604967752,27.729037817
1740,0.375604967752,27.920060151
1750,0.375604967752,28.088019665
1760,0.375604967752,28.361201121
1770,0.375604967752,28.450448813
1780,0.375604967752,28.606440541
1790,0.375604967752,28.754175519
1800,0.375604967752,28.900832493
1810,0.375604967752,29.155979868
1820,0.375604967752,29.263960756
1830,0.375604967752,29.471569572
1840,0.375604967752,29.661993659
1850,0.375604967752,29.675283107
1860,0.375604967752,29.867577736
1870,0.375604967752,30.146964252
1880,0.375604967752,30.365036275
1890,0.375604967752,30.504467699
1900,0.375604967752,30.773721749
1910,0.375604967752,30.90548594
1920,0.375604967752,31.053401783
1930,0.375604967752,31.277921467
1940,0.375604967752,31.395042042
1950,0.375604967752,31.645067939
1960,0.375604967752,31.811578595
1970,0.375604967752,31.835180384
1980,0.375604967752,31.84759379
1990,0.375604967752,32.036817281
2000,0.375604967752,32.061362518
2010,0.375604967752,32.072838545
2020,0.375604967752,32.086715271
2030,0.375604967752,32.401598192
2040,0.375604967752,32.43457872
2050,0.375604967752,32.708930384
2060,0.375604967752,32.780106876
2070,0.375604967752,33.154289994
2080,0.375604967752,33.346564743
2090,0.375604967752,33.457996635
2100,0.375604967752,33.679039822
2110,0.375604967752,33.84196643
2120,0.375604967752,33.960714789
2130,0.375604967752,34.100129579
2140,0.375604967752,34.203135603
2150,0.375604967752,34.342882814
2160,0.375604967752,34.438453927
2170,0.375604967752,34.559043276
2180,0.375604967752,34.667950772
2190,0.375604967752,34.756462031
2200,0.375604967752,34.87448176
2210,0.375604967752,34.999285528
2220,0.375604967752,35.123634196
2230,0.375604967752,35.233799134
2240,0.375604967752,35.434174306
2250,0.375604967752,35.553349459
2260,0.375604967752,35.578649706
2270,0.375604967752,35.813310568
2280,0.375604967752,35.873020682
2290,0.375604967752,35.981084186
2300,0.375604967752,36.120862677
2310,0.375604967752,36.24097512
2320,0.429262820288,36.337175687
2330,0.375604967752,36.425477139
2340,0.375604967752,36.510362012
2350,0.375604967752,36.631992206
2360,0.375604967752,36.775306546
2370,0.375604967752,36.889612993
2380,0.375604967752,37.015691059
2390,0.375604967752,37.111702498
2400,0.375604967752,37.192419531
2410,0.375604967752,37.325560908
2420,0.375604967752,37.402893989
2430,0.375604967752,37.538515428
2440,0.375604967752,37.615624982
2450,0.375604967752,37.700529349
2460,0.375604967752,37.896366476
2470,0.375604967752,37.983444722
2480,0.375604967752,38.114294508
2490,0.375604967752,38.206957532
2500,0.375604967752,38.328279778
2510,0.375604967752,38.426367456
2520,0.375604967752,38.487486313
2530,0.375604967752,38.625062935
2540,0.375604967752,38.678890767
2550,0.375604967752,38.777776509
2560,0.375604967752,38.91304822
2570,0.375604967752,39.053720326
2580,0.375604967752,39.16090835
2590,0.375604967752,39.299262516
2600,0.375604967752,39.444678306
2610,0.375604967752,39.517876076
2620,0.375604967752,39.650031448
2630,0.375604967752,39.802726584
2640,0.375604967752,39.924361047
2650,0.375604967752,40.048726206
2660,0.375604967752,40.156251855
2670,0.375604967752,40.281352805
2680,0.375604967752,40.374028074
2690,0.375604967752,40.382602764
2700,0.375604967752,40.531032964
2710,0.375604967752,40.603274655
2720,0.375604967752,40.703807741
2730,0.375604967752,40.789172359
2740,0.375604967752,40.856893986
2750,0.375604967752,40.898984591
2760,0.375604967752,41.020796063
2770,0.375604967752,41.180692198
2780,0.375604967752,41.338953507
2790,0.375604967752,41.395910683
2800,0.375604967752,41.51326691
2810,0.375604967752,41.550985194
2820,0.375604967752,41.659739888
2830,0.375604967752,41.795003087
2840,0.375604967752,41.94538944
2850,0.375604967752,42.037354136
2860,0.375604967752,42.039207378
2870,0.375604967752,42.050149654
2880,0.375604967752,42.214789183
2890,0.375604967752,42.351137957
2900,0.375604967752,42.494953803
2910,0.375604967752,42.59467258
2920,0.375604967752,42.735542405
2930,0.375604967752,42.813714933
2940,0.375604967752,42.935729518
2950,0.375604967752,43.033606797
2960,0.375604967752,43.188724207
2970,0.375604967752,43.272610563
2980,0.375604967752,43.418187906
2990,0.375604967752,43.499353869
3000,0.375604967752,43.680226244
3010,0.375604967752,43.761154006
3020,0.375604967752,43.839779177
3030,0.429262820288,44.014146993
3040,0.429262820288,44.154751708
3050,0.429262820288,44.29522679
3060,0.429262820288,44.426284845
3070,0.429262820288,44.536386203
3080,0.429262820288,44.639272844
3090,0.429262820288,44.754993795
3100,0.429262820288,44.869761744
3110,0.429262820288,44.939902777
3120,0.429262820288,45.077929883
3130,0.429262820288,45.201030834
3140,0.429262820288,45.31676388
3150,0.429262820288,45.447113218
3160,0.429262820288,45.559134233
3170,0.429262820288,45.700843794
3180,0.429262820288,45.825583216
3190,0.429262820288,45.931517812
3200,0.429262820288,46.077352247
3210,0.429262820288,46.21194211
3220,0.429262820288,46.302025536
3230,0.429262820288,46.392900507
3240,0.429262820288,46.555092057
3250,0.429262820288,46.710265711
3260,0.429262820288,46.802920642
3270,0.429262820288,46.950953458
3280,0.429262820288,47.069361393
3290,0.429262820288,47.193890596
3300,0.429262820288,47.318804267
3310,0.429262820288,47.47248003
3320,0.429262820288,47.614290683
3330,0.429262820288,47.722095705
3340,0.429262820288,47.874120012
3350,0.429262820288,47.971090834
3360,0.429262820288,48.091895383
3370,0.429262820288,48.210755869
3380,0.429262820288,48.241491564
3390,0.429262820288,48.445015432
3400,0.429262820288,48.596296866
3410,0.429262820288,48.691529379
3420,0.429262820288,48.845705168
3430,0.429262820288,48.960429773
3440,0.429262820288,49.083730101
3450,0.429262820288,49.213040857
3460,0.429262820288,49.337083503
3470,0.429262820288,49.490955788
3480,0.429262820288,49.605914368
3490,0.429262820288,49.716541877
3500,0.429262820288,49.845437492
3510,0.429262820288,49.989863673
3520,0.429262820288,50.141239561
3530,0.429262820288,50.238324281
3540,0.429262820288,50.392916437
3550,0.429262820288,50.521364831
3560,0.429262820288,50.622844975
3570,0.429262820288,50.753377152
3580,0.429262820288,50.877198484
3590,0.429262820288,51.013466723
3600,0.429262820288,51.127846235
3610,0.429262820288,51.259316468
3620,0.429262820288,51.339777627
3630,0.429262820288,51.476268446
3640,0.429262820288,51.652527922
3650,0.429262820288,51.782059766
3660,0.429262820288,51.864194942
3670,0.429262820288,52.024755718
3680,0.429262820288,52.137642046
3690,0.429262820288,52.278949876
3700,0.429262820288,52.385756001
3710,0.429262820288,52.510398399
3720,0.429262820288,52.638272913
3730,0.429262820288,52.761189586
3740,0.429262820288,52.844691855
3750,0.429262820288,52.990207101
3760,0.429262820288,53.128515839
3770,0.429262820288,53.177463041
3780,0.429262820288,53.324606366
3790,0.429262820288,53.453913356
3800,0.429262820288,53.585133877
3810,0.429262820288,53.740224047
3820,0.429262820288,53.895811204
3830,0.429262820288,54.041201569
3840,0.429262820288,54.208516562
3850,0.429262820288,54.233986888
3860,0.429262820288,54.431248551
3870,0.429262820288,54.551093654
3880,0.429262820288,54.65828298
3890,0.429262820288,54.805011325
3900,0.429262820288,54.898463512
3910,0.429262820288,54.989214604
3920,0.429262820288,55.087768701
3930,0.429262820288,55.207552009
3940,0.429262820288,55.279434607
3950,0.429262820288,55.448468005
3960,0.429262820288,55.50776276
3970,0.429262820288,55.628297198
3980,0.429262820288,55.664111541
3990,0.429262820288,55.715175634
4000,0.429262820288,55.813753554
