iterations,fitness,time
0,0.145140368744,0.071875347
10,0.145140368744,0.520242718
20,0.145140368744,0.794373722
30,0.138543079256,1.035415127
40,0.145140368744,1.224848448
50,0.145140368744,1.482890861
60,0.132519467114,1.672200177
70,0.138543079256,1.6931519
80,0.145140368744,1.718079894
90,0.145140368744,1.978749761
100,0.145140368744,2.24426088
110,0.145140368744,2.540010746
120,0.145140368744,2.873870168
130,0.138543079256,2.999056338
140,0.145140368744,3.021621513
150,0.145140368744,3.036380889
160,0.152397387182,3.091511206
170,0.160418302296,3.343127051
180,0.160418302296,3.58442391
190,0.160418302296,3.741342649
200,0.169330430202,3.754491714
210,0.179291043743,4.133771221
220,0.179291043743,4.433344179
230,0.190496733977,4.531854638
240,0.190496733977,4.953324972
250,0.190496733977,5.22481069
260,0.190496733977,5.592242575
270,0.190496733977,5.84184574
280,0.203196516242,6.225841211
290,0.217710553116,6.460162547
300,0.234457518741,6.700812299
310,0.234457518741,7.009580296
320,0.253995645303,7.273654566
330,0.253995645303,7.517258635
340,0.234457518741,8.045795301
350,0.253995645303,8.268514243
360,0.253995645303,8.521092579
370,0.253995645303,8.911551038
380,0.253995645303,9.050049022
390,0.253995645303,9.45963755
400,0.253995645303,9.799180585
410,0.253995645303,10.002599326
420,0.253995645303,10.072999439
430,0.277086158512,10.388077872
440,0.253995645303,10.67762939
450,0.253995645303,10.843499266
460,0.253995645303,11.186508893
470,0.253995645303,11.454909568
480,0.253995645303,11.800120744
490,0.253995645303,12.104234615
500,0.253995645303,12.389763837
510,0.253995645303,12.720832048
520,0.234457518741,12.954601582
530,0.217710553116,13.085834727
540,0.217710553116,13.277825038
550,0.234457518741,13.639078303
560,0.234457518741,13.970585281
570,0.190496733977,14.241304223
580,0.190496733977,14.599883577
590,0.203196516242,14.885263291
600,0.190496733977,15.2657765
610,0.190496733977,15.49733834
620,0.190496733977,15.829231226
630,0.190496733977,16.144668769
640,0.179291043743,16.407446815
650,0.179291043743,16.765941972
660,0.179291043743,16.89669611
670,0.190496733977,17.228591847
680,0.190496733977,17.424977658
690,0.203196516242,17.595767442
700,0.203196516242,17.750463354
710,0.169330430202,18.027698988
720,0.169330430202,18.393496766
730,0.190496733977,18.744938917
740,0.190496733977,18.963079624
750,0.203196516242,19.273581315
760,0.203196516242,19.610218691
770,0.203196516242,20.016425768
780,0.217710553116,20.317964582
790,0.190496733977,20.52940348
800,0.190496733977,20.914517133
810,0.190496733977,21.252031813
820,0.190496733977,21.451614841
830,0.203196516242,21.818448589
840,0.190496733977,22.114695377
850,0.203196516242,22.478488028
860,0.203196516242,22.871780602
870,0.190496733977,23.176972032
880,0.203196516242,23.472607108
890,0.217710553116,23.772352639
900,0.217710553116,24.05359925
910,0.234457518741,24.354934761
920,0.234457518741,24.658725891
930,0.277086158512,25.071921904
940,0.277086158512,25.538955952
950,0.277086158512,25.74813741
960,0.304794774363,25.95176462
970,0.304794774363,26.252646679
980,0.304794774363,26.407682823
990,0.304794774363,26.792001064
1000,0.304794774363,27.093664847
1010,0.338660860403,27.285191296
1020,0.304794774363,27.605391282
1030,0.304794774363,27.762154298
1040,0.277086158512,28.108474974
1050,0.277086158512,28.509570991
1060,0.277086158512,28.828093874
1070,0.277086158512,28.953141846
1080,0.277086158512,29.392135251
1090,0.277086158512,29.654965541
1100,0.277086158512,29.968134297
1110,0.277086158512,30.086879357
1120,0.277086158512,30.419624107
1130,0.277086158512,30.602421977
1140,0.277086158512,30.961981155
1150,0.277086158512,31.171709462
1160,0.277086158512,31.389639938
1170,0.277086158512,31.557702579
1180,0.304794774363,31.90557938
1190,0.304794774363,32.120979146
1200,0.304794774363,32.377464552
1210,0.304794774363,32.615302017
1220,0.304794774363,32.89333657
1230,0.304794774363,33.203213534
1240,0.304794774363,33.533209468
1250,0.338660860403,33.78993574
1260,0.338660860403,34.076977331
1270,0.338660860403,34.326150784
1280,0.338660860403,34.601710077
1290,0.338660860403,34.787170736
1300,0.338660860403,35.041772883
1310,0.338660860403,35.446747674
1320,0.338660860403,35.702827265
1330,0.304794774363,35.836625882
1340,0.277086158512,36.132812782
1350,0.304794774363,36.46511437
1360,0.253995645303,36.746484074
1370,0.253995645303,36.935036606
1380,0.253995645303,37.229720404
1390,0.277086158512,37.55571612
1400,0.304794774363,37.924690967
1410,0.277086158512,38.294385972
1420,0.277086158512,38.615964607
1430,0.338660860403,38.751975788
1440,0.277086158512,39.225163951
1450,0.277086158512,39.442960662
1460,0.277086158512,39.80413977
1470,0.304794774363,40.053357022
1480,0.277086158512,40.376648268
1490,0.277086158512,40.518189033
1500,0.304794774363,40.79106352
1510,0.277086158512,41.020375289
1520,0.277086158512,41.391893467
1530,0.304794774363,41.699259544
1540,0.277086158512,42.026295761
1550,0.277086158512,42.454359033
1560,0.277086158512,42.751637783
1570,0.277086158512,43.050380091
1580,0.277086158512,43.257364718
1590,0.253995645303,43.471838174
1600,0.253995645303,43.860774629
1610,0.253995645303,44.131287889
1620,0.253995645303,44.45655339
1630,0.253995645303,44.774815403
1640,0.277086158512,44.989948483
1650,0.277086158512,45.351354926
1660,0.277086158512,45.743740126
1670,0.277086158512,46.098836304
1680,0.277086158512,46.394475959
1690,0.277086158512,46.625379566
1700,0.277086158512,46.8656019
1710,0.253995645303,47.306648574
1720,0.253995645303,47.437179085
1730,0.253995645303,47.625501104
1740,0.253995645303,47.998246678
1750,0.253995645303,48.254187492
1760,0.253995645303,48.547468611
1770,0.277086158512,48.783078586
1780,0.277086158512,48.968045248
1790,0.277086158512,49.299163241
1800,0.277086158512,49.724924459
1810,0.277086158512,49.972142515
1820,0.277086158512,50.178230915
1830,0.277086158512,50.434379459
1840,0.277086158512,50.811237829
1850,0.277086158512,51.147977704
1860,0.277086158512,51.44937157
1870,0.277086158512,51.927320687
1880,0.277086158512,52.307661725
1890,0.277086158512,52.712808035
1900,0.277086158512,53.016741585
1910,0.277086158512,53.331608963
1920,0.277086158512,53.611868518
1930,0.277086158512,53.931181316
1940,0.277086158512,54.207106217
1950,0.277086158512,54.259256605
1960,0.277086158512,54.41198684
1970,0.304794774363,54.765928144
1980,0.304794774363,54.966823958
1990,0.304794774363,55.403867143
2000,0.304794774363,55.63989951
2010,0.304794774363,55.993215282
2020,0.304794774363,56.305677191
2030,0.304794774363,56.61722167
2040,0.304794774363,57.106367566
2050,0.304794774363,57.346101503
2060,0.304794774363,57.683463985
2070,0.304794774363,58.102250782
2080,0.304794774363,58.270434317
2090,0.277086158512,58.574640992
2100,0.277086158512,58.850162132
2110,0.277086158512,59.177264013
2120,0.277086158512,59.555966192
2130,0.277086158512,59.895745014
2140,0.277086158512,60.205320085
2150,0.277086158512,60.555371535
2160,0.277086158512,60.766222994
2170,0.277086158512,61.125936553
2180,0.277086158512,61.29988984
2190,0.304794774363,61.640403854
2200,0.277086158512,61.91564359
2210,0.304794774363,61.991597302
2220,0.304794774363,62.199609023
2230,0.304794774363,62.457168932
2240,0.304794774363,62.702889375
2250,0.304794774363,62.946934202
2260,0.304794774363,63.080364475
2270,0.304794774363,63.218914524
2280,0.304794774363,63.433551811
2290,0.304794774363,63.57284053
2300,0.304794774363,63.712067153
2310,0.304794774363,63.806936493
2320,0.277086158512,63.811533268
2330,0.277086158512,64.057389285
2340,0.277086158512,64.217760043
2350,0.277086158512,64.431409646
2360,0.253995645303,64.564179914
2370,0.277086158512,64.727699194
2380,0.277086158512,64.781044456
2390,0.338660860403,64.940420071
2400,0.304794774363,65.012476804
2410,0.277086158512,65.136570257
2420,0.277086158512,65.186996758
2430,0.277086158512,65.31912093
2440,0.338660860403,65.464843403
2450,0.338660860403,65.647790139
2460,0.338660860403,65.777961337
2470,0.338660860403,65.970750728
2480,0.338660860403,65.993070852
2490,0.338660860403,66.266381062
2500,0.338660860403,66.461386607
2510,0.380993467954,66.640819051
2520,0.338660860403,66.6462251
2530,0.338660860403,66.786825553
2540,0.380993467954,66.905857806
2550,0.380993467954,67.042967599
2560,0.380993467954,67.236745656
2570,0.380993467954,67.355522029
2580,0.380993467954,67.510703604
2590,0.380993467954,67.767169033
2600,0.380993467954,68.06934353
2610,0.338660860403,68.074087723
2620,0.338660860403,68.293258053
2630,0.338660860403,68.410230554
2640,0.338660860403,68.60607608
2650,0.338660860403,68.774236004
2660,0.338660860403,68.948303388
2670,0.338660860403,68.956020733
2680,0.338660860403,69.190000324
2690,0.338660860403,69.507743194
2700,0.338660860403,69.70319429
2710,0.304794774363,69.946216188
2720,0.304794774363,69.998928205
2730,0.304794774363,70.181759294
2740,0.304794774363,70.287187149
2750,0.304794774363,70.408128709
2760,0.304794774363,70.690149899
2770,0.304794774363,70.86431666
2780,0.304794774363,71.007261028
2790,0.338660860403,71.073923783
2800,0.304794774363,71.224776592
2810,0.304794774363,71.322276904
2820,0.304794774363,71.40154887
2830,0.304794774363,71.683149235
2840,0.304794774363,71.866704508
2850,0.304794774363,72.072275524
2860,0.304794774363,72.258646686
2870,0.338660860403,72.414281259
2880,0.338660860403,72.672019392
2890,0.338660860403,72.880585003
2900,0.380993467954,72.996166311
2910,0.338660860403,73.086983957
2920,0.338660860403,73.290776862
2930,0.380993467954,73.514182788
2940,0.338660860403,73.639067542
2950,0.338660860403,73.845017135
2960,0.338660860403,74.014382459
2970,0.338660860403,74.172917602
2980,0.380993467954,74.362611611
2990,0.380993467954,74.471428257
3000,0.380993467954,74.553146449
3010,0.380993467954,74.760012645
3020,0.380993467954,74.846757854
3030,0.380993467954,75.069761773
3040,0.380993467954,75.267031749
3050,0.380993467954,75.446086086
3060,0.380993467954,75.595525218
3070,0.380993467954,75.683721485
3080,0.380993467954,75.933501519
3090,0.380993467954,76.077149552
3100,0.380993467954,76.306667938
3110,0.380993467954,76.312045053
3120,0.380993467954,76.516770964
3130,0.380993467954,76.700370167
3140,0.380993467954,76.882379579
3150,0.380993467954,77.183014974
3160,0.380993467954,77.376885101
3170,0.380993467954,77.531981224
3180,0.380993467954,77.660510662
3190,0.380993467954,77.792799452
3200,0.380993467954,77.881864132
3210,0.380993467954,78.011165778
3220,0.380993467954,78.132287814
3230,0.380993467954,78.235469764
3240,0.380993467954,78.394238161
3250,0.380993467954,78.45897844
3260,0.380993467954,78.774111371
3270,0.380993467954,78.870816841
3280,0.380993467954,79.204343899
3290,0.380993467954,79.399284101
3300,0.380993467954,79.56522285
3310,0.380993467954,79.669173179
3320,0.380993467954,79.8978038
3330,0.338660860403,79.907784279
3340,0.338660860403,80.156821836
3350,0.338660860403,80.273319472
3360,0.338660860403,80.376847279
3370,0.380993467954,80.438041696
3380,0.380993467954,80.54615929
3390,0.338660860403,80.589190105
3400,0.380993467954,80.828392493
3410,0.380993467954,81.02980635
3420,0.380993467954,81.172803856
3430,0.435421106233,81.341583493
3440,0.435421106233,81.558345411
3450,0.435421106233,81.651655164
3460,0.435421106233,81.797347737
3470,0.435421106233,81.949685799
3480,0.435421106233,82.037301641
3490,0.435421106233,82.042574799
3500,0.435421106233,82.315250319
3510,0.435421106233,82.563607227
3520,0.435421106233,82.77810456
3530,0.435421106233,82.936459636
3540,0.435421106233,83.06714355
3550,0.435421106233,83.185951713
3560,0.435421106233,83.380319386
3570,0.435421106233,83.442194206
3580,0.435421106233,83.590838057
3590,0.435421106233,83.705134622
3600,0.435421106233,83.748426827
3610,0.435421106233,83.922176902
3620,0.435421106233,84.08344636
3630,0.435421106233,84.23662865
3640,0.435421106233,84.289779257
3650,0.435421106233,84.494018211
3660,0.435421106233,84.667732815
3670,0.435421106233,84.80999052
3680,0.435421106233,84.889643794
3690,0.435421106233,84.896371359
3700,0.435421106233,85.062128454
3710,0.435421106233,85.232218608
3720,0.435421106233,85.454955053
3730,0.435421106233,85.502279521
3740,0.435421106233,85.544015818
3750,0.435421106233,85.695378614
3760,0.435421106233,85.875266748
3770,0.435421106233,86.043329307
3780,0.435421106233,86.291929823
3790,0.435421106233,86.462773011
3800,0.435421106233,86.651093367
3810,0.435421106233,86.896545817
3820,0.435421106233,86.959714303
3830,0.435421106233,87.04079056
3840,0.435421106233,87.128826871
3850,0.435421106233,87.340635032
3860,0.435421106233,87.540049923
3870,0.435421106233,87.669969344
3880,0.435421106233,87.804982802
3890,0.435421106233,88.059149658
3900,0.435421106233,88.169549457
3910,0.435421106233,88.386691827
3920,0.435421106233,88.537196349
3930,0.435421106233,88.673811061
3940,0.435421106233,88.686544303
3950,0.435421106233,88.698510495
3960,0.435421106233,88.888144362
3970,0.435421106233,89.026993847
3980,0.435421106233,89.233760205
3990,0.435421106233,89.326197132
4000,0.435421106233,89.430456327
