iterations,fitness,time
0,0.143087606763,0.020840109
10,0.150241987101,0.036014064
20,0.150241987101,0.129367281
30,0.187802483876,0.140978969
40,0.187802483876,0.238012584
50,0.200322649468,0.247694633
60,0.187802483876,0.265697992
70,0.200322649468,0.385219042
80,0.187802483876,0.470829849
90,0.187802483876,0.481156357
100,0.214631410144,0.628660813
110,0.200322649468,0.709348958
120,0.187802483876,0.786964841
130,0.187802483876,0.856588074
140,0.187802483876,0.954837579
150,0.187802483876,1.028265902
160,0.187802483876,1.120593682
170,0.187802483876,1.131978476
180,0.200322649468,1.274367337
190,0.200322649468,1.350578925
200,0.214631410144,1.453471807
210,0.214631410144,1.466439759
220,0.200322649468,1.474427016
230,0.214631410144,1.593292451
240,0.214631410144,1.686036105
250,0.231141518617,1.697957938
260,0.231141518617,1.811407895
270,0.214631410144,1.994498281
280,0.214631410144,2.052514588
290,0.214631410144,2.135701328
300,0.214631410144,2.166812018
310,0.231141518617,2.33243579
320,0.231141518617,2.406918735
330,0.231141518617,2.494029864
340,0.231141518617,2.542242145
350,0.231141518617,2.615768305
360,0.231141518617,2.78641162
370,0.231141518617,2.939421863
380,0.231141518617,2.987794176
390,0.231141518617,3.04424286
400,0.231141518617,3.175449471
410,0.231141518617,3.295496869
420,0.231141518617,3.364780706
430,0.231141518617,3.428583347
440,0.250403311835,3.540383257
450,0.273167249274,3.630203955
460,0.273167249274,3.750379324
470,0.273167249274,3.823380001
480,0.273167249274,3.89434867
490,0.273167249274,4.058793291
500,0.273167249274,4.147873022
510,0.273167249274,4.238116922
520,0.300483974202,4.329426769
530,0.273167249274,4.609272127
540,0.273167249274,4.737445007
550,0.273167249274,4.794882478
560,0.300483974202,4.866404986
570,0.300483974202,4.985784512
580,0.300483974202,5.093351014
590,0.300483974202,5.113675204
600,0.273167249274,5.135170863
610,0.273167249274,5.165733632
620,0.273167249274,5.294002617
630,0.273167249274,5.301939808
640,0.273167249274,5.410898717
650,0.273167249274,5.428236317
660,0.273167249274,5.469970866
670,0.273167249274,5.479316278
680,0.273167249274,5.663167696
690,0.273167249274,5.747016695
700,0.273167249274,5.756220988
710,0.273167249274,5.774075618
720,0.273167249274,5.897131786
730,0.273167249274,5.914168727
740,0.273167249274,6.065904039
750,0.273167249274,6.130679739
760,0.273167249274,6.230727098
770,0.273167249274,6.31402812
780,0.300483974202,6.535149844
790,0.273167249274,6.647590319
800,0.300483974202,6.727736435
810,0.300483974202,6.789415908
820,0.300483974202,6.94672708
830,0.300483974202,7.028343968
840,0.333871082446,7.156304567
850,0.333871082446,7.209732714
860,0.333871082446,7.331210984
870,0.333871082446,7.375999911
880,0.333871082446,7.440410476
890,0.333871082446,7.52989752
900,0.333871082446,7.659935528
910,0.333871082446,7.76266072
920,0.333871082446,7.774751133
930,0.333871082446,7.930610285
940,0.333871082446,7.982018245
950,0.333871082446,8.185084584
960,0.333871082446,8.299372364
970,0.333871082446,8.366336012
980,0.333871082446,8.492205248
990,0.333871082446,8.557333207
1000,0.333871082446,8.655893227
1010,0.333871082446,8.665904388
1020,0.333871082446,8.737857082
1030,0.333871082446,8.807360248
1040,0.333871082446,8.94487638
1050,0.333871082446,8.958464789
1060,0.333871082446,9.126608027
1070,0.333871082446,9.138620744
1080,0.333871082446,9.29071207
1090,0.333871082446,9.36177348
1100,0.333871082446,9.414723274
1110,0.333871082446,9.427290726
1120,0.333871082446,9.56908425
1130,0.333871082446,9.63430847
1140,0.333871082446,9.782069551
1150,0.333871082446,9.885411983
1160,0.333871082446,9.929314708
1170,0.333871082446,9.983513458
1180,0.333871082446,10.141671842
1190,0.333871082446,10.206204217
1200,0.333871082446,10.358834708
1210,0.333871082446,10.369046926
1220,0.375604967752,10.378666216
1230,0.375604967752,10.391941354
1240,0.375604967752,10.608237061
1250,0.375604967752,10.680221141
1260,0.375604967752,10.730577903
1270,0.375604967752,10.738435973
1280,0.375604967752,10.817419156
1290,0.375604967752,10.961367943
1300,0.375604967752,10.972684733
1310,0.375604967752,10.982430662
1320,0.375604967752,10.991054207
1330,0.375604967752,11.138827634
1340,0.375604967752,11.163258141
1350,0.375604967752,11.169999744
1360,0.375604967752,11.376645558
1370,0.375604967752,11.463753952
1380,0.375604967752,11.554823954
1390,0.375604967752,11.594703091
1400,0.375604967752,11.601977893
1410,0.375604967752,11.761954065
1420,0.375604967752,11.767086584
1430,0.375604967752,11.783038015
1440,0.375604967752,11.912468468
1450,0.375604967752,11.982895034
1460,0.375604967752,12.004587077
1470,0.375604967752,12.272739878
1480,0.375604967752,12.27997972
1490,0.375604967752,12.424276322
1500,0.375604967752,12.451689956
1510,0.375604967752,12.459102345
1520,0.375604967752,12.468991724
1530,0.375604967752,12.693493471
1540,0.375604967752,12.701360715
1550,0.375604967752,12.814422285
1560,0.375604967752,12.909186618
1570,0.375604967752,13.011858766
1580,0.375604967752,13.090153557
1590,0.375604967752,13.215372906
1600,0.429262820288,13.314705103
1610,0.429262820288,13.330455365
1620,0.429262820288,13.519448513
1630,0.429262820288,13.53469694
1640,0.429262820288,13.547210152
1650,0.429262820288,13.722738174
1660,0.429262820288,13.737974725
1670,0.429262820288,13.901797033
1680,0.429262820288,14.101822878
1690,0.429262820288,14.149439335
1700,0.429262820288,14.1604561
1710,0.429262820288,14.317214711
1720,0.429262820288,14.428289641
1730,0.429262820288,14.463263336
1740,0.429262820288,14.476806024
1750,0.429262820288,14.479071698
1760,0.429262820288,14.485836092
1770,0.429262820288,14.49555014
1780,0.429262820288,14.508011567
1790,0.429262820288,14.605493125
1800,0.429262820288,14.666002331
1810,0.429262820288,14.78966796
1820,0.429262820288,14.927491937
1830,0.429262820288,15.006120037
1840,0.429262820288,15.015063408
1850,0.500806623669,15.102497871
1860,0.500806623669,15.181143252
1870,0.500806623669,15.316902054
1880,0.500806623669,15.446756336
1890,0.500806623669,15.541784356
1900,0.500806623669,15.60124872
1910,0.500806623669,15.759957138
1920,0.500806623669,15.823018283
1930,0.500806623669,15.879059625
1940,0.500806623669,15.941075562
1950,0.500806623669,16.005774502
1960,0.500806623669,16.012393438
1970,0.500806623669,16.025343997
1980,0.500806623669,16.039312788
1990,0.500806623669,16.23913899
2000,0.500806623669,16.323641633
2010,0.500806623669,16.418967974
2020,0.500806623669,16.557669268
2030,0.500806623669,16.639027611
2040,0.500806623669,16.648137118
2050,0.500806623669,16.804871035
2060,0.500806623669,16.883750728
2070,0.500806623669,16.988552372
2080,0.500806623669,17.005103609
2090,0.500806623669,17.123644481
2100,0.500806623669,17.134876204
2110,0.500806623669,17.146255137
2120,0.500806623669,17.312847105
2130,0.500806623669,17.465080428
2140,0.500806623669,17.543808439
2150,0.500806623669,17.623008657
2160,0.500806623669,17.63529877
2170,0.500806623669,17.77987642
2180,0.500806623669,17.791603882
2190,0.500806623669,17.947446574
2200,0.500806623669,18.013371722
2210,0.500806623669,18.16229517
2220,0.500806623669,18.281733738
2230,0.500806623669,18.353070513
2240,0.500806623669,18.420009131
2250,0.500806623669,18.562301144
2260,0.500806623669,18.66944762
2270,0.500806623669,18.742616296
2280,0.500806623669,18.88942974
2290,0.500806623669,18.971679425
2300,0.500806623669,18.993961639
2310,0.500806623669,19.009048795
2320,0.500806623669,19.21219613
2330,0.500806623669,19.225195984
2340,0.500806623669,19.233217223
2350,0.500806623669,19.452437071
2360,0.500806623669,19.470658618
2370,0.500806623669,19.589040099
2380,0.500806623669,19.600366923
2390,0.500806623669,19.610170894
2400,0.500806623669,19.795379854
2410,0.500806623669,19.866769933
2420,0.500806623669,19.982858592
2430,0.500806623669,19.988811306
2440,0.500806623669,20.091493241
2450,0.500806623669,20.105408283
2460,0.500806623669,20.258169879
2470,0.500806623669,20.4007784
2480,0.500806623669,20.496229401
2490,0.500806623669,20.565388427
2500,0.500806623669,20.643095351
2510,0.500806623669,20.650912074
2520,0.500806623669,20.822561529
2530,0.500806623669,20.919059816
2540,0.500806623669,20.983321773
2550,0.500806623669,21.116304067
2560,0.500806623669,21.217532569
2570,0.500806623669,21.28980363
2580,0.500806623669,21.41441172
2590,0.500806623669,21.489924871
2600,0.500806623669,21.635325722
2610,0.500806623669,21.701529822
2620,0.500806623669,21.860724247
2630,0.500806623669,21.955046244
2640,0.500806623669,22.066595227
2650,0.500806623669,22.187700551
2660,0.500806623669,22.286147583
2670,0.500806623669,22.364608987
2680,0.500806623669,22.480544814
2690,0.500806623669,22.492308017
2700,0.500806623669,22.652291341
2710,0.500806623669,22.750209486
2720,0.500806623669,22.806733922
2730,0.500806623669,22.915687303
2740,0.600967948403,23.009812348
2750,0.600967948403,23.166368955
2760,0.600967948403,23.172957698
2770,0.600967948403,23.282403755
2780,0.600967948403,23.351870422
2790,0.600967948403,23.532963323
2800,0.600967948403,23.542730008
2810,0.600967948403,23.554816722
2820,0.600967948403,23.70821768
2830,0.600967948403,23.766091546
2840,0.600967948403,23.863409718
2850,0.600967948403,23.988521706
2860,0.600967948403,24.071233584
2870,0.600967948403,24.086035306
2880,0.600967948403,24.184789212
2890,0.600967948403,24.330765545
2900,0.600967948403,24.371123627
2910,0.600967948403,24.437960487
2920,0.600967948403,24.52724287
2930,0.600967948403,24.663384407
2940,0.600967948403,24.758419913
2950,0.600967948403,24.86101834
2960,0.600967948403,24.935389265
2970,0.600967948403,25.090977625
2980,0.600967948403,25.155878489
2990,0.600967948403,25.168652601
3000,0.600967948403,25.184643841
3010,0.600967948403,25.294933202
3020,0.600967948403,25.439450645
3030,0.600967948403,25.554053081
3040,0.600967948403,25.656769644
3050,0.600967948403,25.770163231
3060,0.600967948403,25.85173084
3070,0.600967948403,25.946081421
3080,0.600967948403,25.960624709
3090,0.600967948403,25.972289422
3100,0.600967948403,26.155091584
3110,0.600967948403,26.21874763
3120,0.600967948403,26.425805851
3130,0.600967948403,26.533828589
3140,0.600967948403,26.702296327
3150,0.600967948403,26.811383553
3160,0.600967948403,26.82820759
3170,0.600967948403,26.958872371
3180,0.600967948403,27.031631626
3190,0.600967948403,27.066302678
3200,0.600967948403,27.224175435
3210,0.600967948403,27.397870602
3220,0.600967948403,27.413755444
3230,0.600967948403,27.604505458
3240,0.600967948403,27.617973738
3250,0.600967948403,27.729889833
3260,0.600967948403,27.742136501
3270,0.600967948403,27.759946356
3280,0.600967948403,27.830919103
3290,0.600967948403,27.890639608
3300,0.600967948403,27.95502941
3310,0.600967948403,28.068644171
3320,0.600967948403,28.129775815
3330,0.600967948403,28.24247442
3340,0.600967948403,28.408402022
3350,0.600967948403,28.420972687
3360,0.600967948403,28.606713337
3370,0.600967948403,28.619471036
3380,0.600967948403,28.77045724
3390,0.600967948403,28.86582921
3400,0.600967948403,28.961333506
3410,0.600967948403,29.080602244
3420,0.600967948403,29.171035686
3430,0.600967948403,29.280292033
3440,0.600967948403,29.378613962
3450,0.600967948403,29.390263408
3460,0.600967948403,29.529864394
3470,0.600967948403,29.537226163
3480,0.600967948403,29.551664993
3490,0.600967948403,29.56118766
3500,0.600967948403,29.571947139
3510,0.600967948403,29.829016438
3520,0.600967948403,29.837506807
3530,0.600967948403,29.847003199
3540,0.600967948403,30.17112697
3550,0.600967948403,30.318668467
3560,0.600967948403,30.326772075
3570,0.600967948403,30.338848723
3580,0.600967948403,30.353129103
3590,0.600967948403,30.505996102
3600,0.600967948403,30.57967939
3610,0.600967948403,30.68979026
3620,0.600967948403,30.781613902
3630,0.600967948403,30.899132332
3640,0.600967948403,30.968823313
3650,0.600967948403,31.074608642
3660,0.600967948403,31.099655428
3670,0.600967948403,31.278750791
3680,0.600967948403,31.297284046
3690,0.600967948403,31.313052606
3700,0.600967948403,31.523731125
3710,0.600967948403,31.557678553
3720,0.600967948403,31.685331938
3730,0.600967948403,31.748093156
3740,0.600967948403,31.767331044
3750,0.600967948403,31.955095372
3760,0.600967948403,31.963863257
3770,0.600967948403,32.16369062
3780,0.600967948403,32.383287284
3790,0.600967948403,32.395933243
3800,0.600967948403,32.408845977
3810,0.600967948403,32.569638439
3820,0.600967948403,32.586794079
3830,0.600967948403,32.750857529
3840,0.600967948403,32.979635471
3850,0.600967948403,32.996946374
3860,0.600967948403,33.117011752
3870,0.600967948403,33.123270299
3880,0.600967948403,33.305994276
3890,0.600967948403,33.318996891
3900,0.600967948403,33.499293603
3910,0.600967948403,33.548389422
3920,0.600967948403,33.563160187
3930,0.600967948403,33.578631021
3940,0.600967948403,33.59729732
3950,0.600967948403,33.611044832
3960,0.600967948403,33.851492914
3970,0.600967948403,33.933955985
3980,0.600967948403,33.983274139
3990,0.600967948403,34.001940073
4000,0.600967948403,34.156188345
