iterations,fitness,time
0,0.166935541223,0.020870151
10,0.166935541223,0.038140188
20,0.166935541223,0.170458618
30,0.166935541223,0.39703354
40,0.176755278942,0.522341023
50,0.166935541223,0.620246639
60,0.176755278942,0.753003753
70,0.176755278942,0.934966705
80,0.166935541223,1.075329979
90,0.176755278942,1.215949918
100,0.187802483876,1.431092735
110,0.176755278942,1.626642003
120,0.176755278942,1.778744221
130,0.176755278942,1.873451494
140,0.187802483876,2.019641175
150,0.187802483876,2.182811388
160,0.187802483876,2.383559086
170,0.187802483876,2.508362097
180,0.187802483876,2.736103485
190,0.200322649468,2.82191532
200,0.200322649468,3.160576925
210,0.200322649468,3.339857573
220,0.200322649468,3.44308772
230,0.200322649468,3.583535116
240,0.200322649468,3.721320705
250,0.200322649468,3.81679114
260,0.200322649468,4.018181334
270,0.200322649468,4.120673556
280,0.214631410144,4.325941687
290,0.200322649468,4.399218373
300,0.214631410144,4.472409139
310,0.214631410144,4.542994963
320,0.214631410144,4.560818405
330,0.214631410144,4.865203883
340,0.214631410144,5.079268788
350,0.214631410144,5.317074159
360,0.200322649468,5.419542158
370,0.200322649468,5.520557598
380,0.200322649468,5.661077039
390,0.214631410144,5.760742474
400,0.214631410144,5.974332123
410,0.231141518617,6.15628853
420,0.231141518617,6.262301742
430,0.231141518617,6.386845371
440,0.231141518617,6.542854372
450,0.231141518617,6.630083755
460,0.231141518617,6.808396305
470,0.231141518617,6.953597526
480,0.231141518617,7.123705539
490,0.231141518617,7.29483446
500,0.231141518617,7.44755219
510,0.250403311835,7.61663917
520,0.250403311835,7.804074561
530,0.300483974202,7.954212744
540,0.300483974202,8.064665059
550,0.333871082446,8.257152279
560,0.333871082446,8.317516233
570,0.300483974202,8.473208965
580,0.300483974202,8.606688986
590,0.300483974202,8.815230303
600,0.300483974202,8.936485305
610,0.300483974202,9.064814599
620,0.300483974202,9.271869457
630,0.300483974202,9.443772902
640,0.300483974202,9.555133806
650,0.300483974202,9.673986652
660,0.300483974202,9.926054357
670,0.300483974202,10.136417071
680,0.300483974202,10.298730618
690,0.300483974202,10.412972998
700,0.300483974202,10.544033175
710,0.300483974202,10.716081694
720,0.300483974202,10.911297809
730,0.300483974202,10.976373687
740,0.300483974202,11.252268313
750,0.300483974202,11.46424822
760,0.300483974202,11.621015429
770,0.300483974202,11.649424378
780,0.300483974202,11.974491703
790,0.300483974202,11.988280638
800,0.300483974202,12.017213107
810,0.300483974202,12.030168954
820,0.300483974202,12.069647892
830,0.300483974202,12.189837998
840,0.300483974202,12.306324081
850,0.300483974202,12.488014245
860,0.300483974202,12.517297917
870,0.300483974202,12.718475445
880,0.300483974202,12.883211555
890,0.333871082446,13.1862404
900,0.333871082446,13.329166109
910,0.333871082446,13.436418706
920,0.333871082446,13.642581404
930,0.333871082446,13.850444487
940,0.333871082446,13.867552288
950,0.333871082446,13.884371217
960,0.375604967752,14.174844461
970,0.333871082446,14.271896838
980,0.333871082446,14.431098807
990,0.333871082446,14.651754906
1000,0.333871082446,14.788812888
1010,0.333871082446,14.854948179
1020,0.333871082446,15.115783557
1030,0.333871082446,15.328617487
1040,0.333871082446,15.463638358
1050,0.333871082446,15.638757328
1060,0.375604967752,15.774645105
1070,0.375604967752,15.958904316
1080,0.375604967752,16.084659783
1090,0.375604967752,16.304960284
1100,0.375604967752,16.572375914
1110,0.375604967752,16.6351756
1120,0.375604967752,16.81515624
1130,0.375604967752,17.032579201
1140,0.375604967752,17.172230712
1150,0.375604967752,17.4335578
1160,0.375604967752,17.654309572
1170,0.375604967752,17.743251112
1180,0.375604967752,17.961560873
1190,0.375604967752,18.195470448
1200,0.375604967752,18.39348912
1210,0.375604967752,18.528040104
1220,0.375604967752,18.809127419
1230,0.375604967752,19.024621264
1240,0.375604967752,19.266099475
1250,0.375604967752,19.433043186
1260,0.375604967752,19.582866998
1270,0.375604967752,19.915811539
1280,0.375604967752,20.013616034
1290,0.375604967752,20.202932313
1300,0.375604967752,20.399178832
1310,0.375604967752,20.577034055
1320,0.375604967752,20.786671749
1330,0.375604967752,20.977568652
1340,0.375604967752,21.210752671
1350,0.375604967752,21.415841664
1360,0.375604967752,21.561452837
1370,0.333871082446,21.69962123
1380,0.333871082446,21.718545971
1390,0.333871082446,21.904205759
1400,0.333871082446,22.090346987
1410,0.333871082446,22.156649495
1420,0.300483974202,22.330338857
1430,0.300483974202,22.433592277
1440,0.300483974202,22.538874591
1450,0.300483974202,22.767629407
1460,0.300483974202,22.90429413
1470,0.300483974202,23.166906785
1480,0.300483974202,23.374463855
1490,0.300483974202,23.496844853
1500,0.300483974202,23.757360413
1510,0.300483974202,23.89329993
1520,0.300483974202,24.032269026
1530,0.300483974202,24.206750868
1540,0.273167249274,24.372396706
1550,0.273167249274,24.498531955
1560,0.273167249274,24.719008035
1570,0.300483974202,24.906067462
1580,0.333871082446,25.129281706
1590,0.333871082446,25.29006889
1600,0.333871082446,25.426351
1610,0.333871082446,25.533748499
1620,0.333871082446,25.561460854
1630,0.333871082446,25.850023917
1640,0.333871082446,26.029128397
1650,0.333871082446,26.2208759
1660,0.333871082446,26.429315418
1670,0.333871082446,26.610545098
1680,0.333871082446,26.799459737
1690,0.333871082446,26.923368317
1700,0.333871082446,27.07571145
1710,0.333871082446,27.240211328
1720,0.333871082446,27.471119951
1730,0.333871082446,27.654316271
1740,0.333871082446,27.792911931
1750,0.333871082446,28.073403796
1760,0.333871082446,28.247535211
1770,0.333871082446,28.337914667
1780,0.333871082446,28.486552297
1790,0.333871082446,28.709923101
1800,0.333871082446,28.879310399
1810,0.333871082446,29.014985668
1820,0.375604967752,29.108740541
1830,0.375604967752,29.422306021
1840,0.375604967752,29.583012186
1850,0.375604967752,29.621810129
1860,0.375604967752,29.810845308
1870,0.375604967752,29.995496427
1880,0.375604967752,30.013645481
1890,0.375604967752,30.032242419
1900,0.375604967752,30.462740675
1910,0.375604967752,30.584690941
1920,0.375604967752,30.603375563
1930,0.375604967752,30.609484963
1940,0.375604967752,30.621719902
1950,0.375604967752,30.888808945
1960,0.375604967752,31.086304992
1970,0.375604967752,31.163765772
1980,0.375604967752,31.346989477
1990,0.375604967752,31.481750508
2000,0.375604967752,31.64595322
2010,0.375604967752,31.928487683
2020,0.375604967752,32.126195941
2030,0.375604967752,32.319933715
2040,0.375604967752,32.333890524
2050,0.375604967752,32.542045431
2060,0.375604967752,32.753155784
2070,0.375604967752,32.877716627
2080,0.375604967752,32.996743497
2090,0.375604967752,33.135956313
2100,0.375604967752,33.39731355
2110,0.375604967752,33.649819359
2120,0.375604967752,33.776033176
2130,0.375604967752,33.991895477
2140,0.375604967752,34.195323657
2150,0.375604967752,34.356154208
2160,0.375604967752,34.51954031
2170,0.375604967752,34.605535144
2180,0.375604967752,34.798847014
2190,0.375604967752,34.910678294
2200,0.375604967752,35.028173691
2210,0.375604967752,35.131693494
2220,0.375604967752,35.256977911
2230,0.375604967752,35.405358145
2240,0.375604967752,35.553619943
2250,0.375604967752,35.695889873
2260,0.375604967752,35.724028884
2270,0.375604967752,35.874520547
2280,0.375604967752,36.042750318
2290,0.375604967752,36.190383984
2300,0.375604967752,36.311242732
2310,0.375604967752,36.437427258
2320,0.375604967752,36.572308593
2330,0.375604967752,36.755113238
2340,0.375604967752,36.85559385
2350,0.375604967752,36.934973768
2360,0.375604967752,37.161114502
2370,0.375604967752,37.296343177
2380,0.375604967752,37.465367028
2390,0.375604967752,37.597738611
2400,0.375604967752,37.714717457
2410,0.375604967752,37.802296256
2420,0.375604967752,37.942295519
2430,0.375604967752,38.093544322
2440,0.375604967752,38.272384266
2450,0.375604967752,38.414520593
2460,0.375604967752,38.54541616
2470,0.375604967752,38.646841717
2480,0.375604967752,38.767490673
2490,0.375604967752,38.91332441
2500,0.375604967752,39.012137626
2510,0.375604967752,39.179755111
2520,0.375604967752,39.277072851
2530,0.375604967752,39.392937488
2540,0.375604967752,39.514679738
2550,0.375604967752,39.610577885
2560,0.375604967752,39.770994145
2570,0.375604967752,39.874018091
2580,0.375604967752,39.881594362
2590,0.375604967752,40.022242798
2600,0.375604967752,40.141999306
2610,0.429262820288,40.282257999
2620,0.375604967752,40.402139679
2630,0.375604967752,40.518479461
2640,0.375604967752,40.642638403
2650,0.375604967752,40.692943661
2660,0.429262820288,40.832848636
2670,0.429262820288,40.981104412
2680,0.429262820288,41.084232882
2690,0.429262820288,41.181428542
2700,0.429262820288,41.352837465
2710,0.429262820288,41.44216997
2720,0.429262820288,41.568086755
2730,0.429262820288,41.687156012
2740,0.429262820288,41.799706735
2750,0.429262820288,41.946354744
2760,0.429262820288,42.054802208
2770,0.429262820288,42.23985271
2780,0.429262820288,42.342167408
2790,0.429262820288,42.522623363
2800,0.429262820288,42.655623912
2810,0.429262820288,42.784330204
2820,0.429262820288,42.897425021
2830,0.429262820288,43.035212827
2840,0.429262820288,43.082748007
2850,0.429262820288,43.224069896
2860,0.429262820288,43.312418028
2870,0.429262820288,43.440557697
2880,0.429262820288,43.459119731
2890,0.429262820288,43.571175735
2900,0.429262820288,43.631443004
2910,0.429262820288,43.771411434
2920,0.429262820288,43.935168049
2930,0.429262820288,44.046689321
2940,0.429262820288,44.140042787
2950,0.429262820288,44.284140461
2960,0.429262820288,44.410143022
2970,0.429262820288,44.54310162
2980,0.429262820288,44.661684951
2990,0.429262820288,44.761340854
3000,0.429262820288,44.898141607
3010,0.429262820288,45.009972653
3020,0.429262820288,45.099789711
3030,0.429262820288,45.213778219
3040,0.429262820288,45.26053077
3050,0.429262820288,45.409859393
3060,0.429262820288,45.489246735
3070,0.429262820288,45.571492583
3080,0.429262820288,45.653058846
3090,0.429262820288,45.804056453
3100,0.429262820288,45.934799625
3110,0.429262820288,46.053790513
3120,0.429262820288,46.145836569
3130,0.429262820288,46.214214377
3140,0.429262820288,46.334596595
3150,0.429262820288,46.491686775
3160,0.429262820288,46.583202062
3170,0.429262820288,46.756089863
3180,0.429262820288,46.884151952
3190,0.429262820288,47.016805864
3200,0.429262820288,47.171480973
3210,0.429262820288,47.305386919
3220,0.429262820288,47.422476558
3230,0.429262820288,47.50651775
3240,0.429262820288,47.621443758
3250,0.429262820288,47.748579145
3260,0.429262820288,47.85633634
3270,0.429262820288,47.92398531
3280,0.429262820288,48.017553733
3290,0.429262820288,48.133178084
3300,0.429262820288,48.294046112
3310,0.429262820288,48.427526685
3320,0.429262820288,48.552916505
3330,0.429262820288,48.669035422
3340,0.429262820288,48.795788383
3350,0.429262820288,48.872463255
3360,0.429262820288,49.016072473
3370,0.429262820288,49.161162508
3380,0.429262820288,49.245502253
3390,0.429262820288,49.366303262
3400,0.429262820288,49.481365243
3410,0.429262820288,49.557078607
3420,0.429262820288,49.717538053
3430,0.429262820288,49.859146869
3440,0.429262820288,49.975918345
3450,0.429262820288,50.102466686
3460,0.429262820288,50.224725624
3470,0.429262820288,50.370840645
3480,0.429262820288,50.514105862
3490,0.429262820288,50.612182924
3500,0.429262820288,50.752659678
3510,0.429262820288,50.799833174
3520,0.429262820288,50.96466913
3530,0.429262820288,51.117364215
3540,0.429262820288,51.236693269
3550,0.429262820288,51.345019018
3560,0.429262820288,51.472795862
3570,0.429262820288,51.615162252
3580,0.429262820288,51.749619294
3590,0.429262820288,51.87553207
3600,0.429262820288,51.994208285
3610,0.429262820288,52.102505564
3620,0.429262820288,52.26521955
3630,0.429262820288,52.395580705
3640,0.429262820288,52.51286871
3650,0.429262820288,52.63300184
3660,0.429262820288,52.718683197
3670,0.429262820288,52.857812098
3680,0.429262820288,52.994835492
3690,0.429262820288,53.126585543
3700,0.429262820288,53.237083896
3710,0.429262820288,53.369341759
3720,0.429262820288,53.464755569
3730,0.429262820288,53.625546997
3740,0.429262820288,53.728077167
3750,0.429262820288,53.877980614
3760,0.429262820288,53.973396499
3770,0.429262820288,54.146360787
3780,0.429262820288,54.2274801
3790,0.429262820288,54.372936451
3800,0.429262820288,54.503907837
3810,0.429262820288,54.570015402
3820,0.429262820288,54.749187519
3830,0.429262820288,54.829374838
3840,0.429262820288,54.952694346
3850,0.429262820288,54.997047243
3860,0.429262820288,55.100207477
3870,0.429262820288,55.313785757
3880,0.429262820288,55.41767889
3890,0.429262820288,55.556982793
3900,0.429262820288,55.682326036
3910,0.429262820288,55.786061278
3920,0.429262820288,55.851805311
3930,0.429262820288,55.94176468
3940,0.429262820288,56.015360631
3950,0.429262820288,56.117997221
3960,0.429262820288,56.218098568
3970,0.429262820288,56.291319785
3980,0.429262820288,56.392740862
3990,0.429262820288,56.488837088
4000,0.429262820288,56.536194706
