iterations,fitness,time
0,0.150241987101,0.028466042
10,0.150241987101,0.14010267
20,0.143087606763,0.356823953
30,0.158149460106,0.495650021
40,0.158149460106,0.7063081
50,0.158149460106,0.940980234
60,0.158149460106,1.155991644
70,0.158149460106,1.319995082
80,0.150241987101,1.586949419
90,0.150241987101,1.721136698
100,0.166935541223,1.913301393
110,0.158149460106,2.166069067
120,0.150241987101,2.412974358
130,0.150241987101,2.664802866
140,0.158149460106,3.04336818
150,0.158149460106,3.278780961
160,0.150241987101,3.547518108
170,0.150241987101,3.815038518
180,0.158149460106,4.06291533
190,0.158149460106,4.278638066
200,0.166935541223,4.484708154
210,0.158149460106,4.674075875
220,0.166935541223,4.712215082
230,0.158149460106,4.749166882
240,0.158149460106,4.832885714
250,0.158149460106,5.056345827
260,0.158149460106,5.308447735
270,0.158149460106,5.503779221
280,0.158149460106,5.724305466
290,0.166935541223,5.779007205
300,0.176755278942,6.024016469
310,0.176755278942,6.203900371
320,0.187802483876,6.439579668
330,0.176755278942,6.640322
340,0.176755278942,6.996599416
350,0.176755278942,7.333610263
360,0.176755278942,7.599712189
370,0.187802483876,7.796543855
380,0.176755278942,8.039146318
390,0.176755278942,8.157287606
400,0.176755278942,8.403369036
410,0.176755278942,8.761061773
420,0.176755278942,9.001335173
430,0.187802483876,9.307679887
440,0.187802483876,9.496381399
450,0.187802483876,9.677387983
460,0.187802483876,9.928735136
470,0.187802483876,10.198839731
480,0.187802483876,10.419928878
490,0.187802483876,10.613194461
500,0.187802483876,11.029225925
510,0.187802483876,11.213019093
520,0.187802483876,11.372529845
530,0.200322649468,11.706963912
540,0.200322649468,11.908578693
550,0.187802483876,12.115205103
560,0.187802483876,12.348850765
570,0.187802483876,12.501226577
580,0.187802483876,12.592861402
590,0.187802483876,12.883264436
600,0.187802483876,13.144439902
610,0.187802483876,13.415074852
620,0.187802483876,13.540971932
630,0.187802483876,13.807708159
640,0.187802483876,14.008076723
650,0.187802483876,14.140141604
660,0.187802483876,14.163995114
670,0.187802483876,14.600924019
680,0.187802483876,14.756488857
690,0.187802483876,15.022097653
700,0.200322649468,15.194892013
710,0.200322649468,15.576331041
720,0.200322649468,15.828983749
730,0.200322649468,16.014685666
740,0.200322649468,16.354851489
750,0.200322649468,16.629726597
760,0.200322649468,16.913577536
770,0.187802483876,17.176946882
780,0.187802483876,17.457955308
790,0.187802483876,17.60276607
800,0.187802483876,17.8838739
810,0.187802483876,18.028593873
820,0.187802483876,18.393450335
830,0.187802483876,18.727603247
840,0.187802483876,18.985324953
850,0.200322649468,19.20813567
860,0.187802483876,19.505082505
870,0.187802483876,19.677228198
880,0.187802483876,19.866168003
890,0.187802483876,20.190359852
900,0.200322649468,20.401853742
910,0.200322649468,20.701818302
920,0.200322649468,20.929009753
930,0.200322649468,21.181293364
940,0.200322649468,21.413183318
950,0.214631410144,21.50522908
960,0.214631410144,21.825639555
970,0.214631410144,22.105209008
980,0.214631410144,22.414228343
990,0.214631410144,22.651460822
1000,0.214631410144,22.917696879
1010,0.214631410144,23.22985384
1020,0.214631410144,23.504447438
1030,0.231141518617,23.751823481
1040,0.214631410144,24.079265876
1050,0.214631410144,24.294199992
1060,0.231141518617,24.3259334
1070,0.214631410144,24.682326813
1080,0.214631410144,24.941670264
1090,0.214631410144,25.25209389
1100,0.214631410144,25.532263593
1110,0.214631410144,25.752860839
1120,0.231141518617,26.040658472
1130,0.231141518617,26.369065338
1140,0.231141518617,26.62018888
1150,0.214631410144,26.817885098
1160,0.214631410144,27.168604778
1170,0.214631410144,27.348748643
1180,0.214631410144,27.649953378
1190,0.231141518617,27.912370653
1200,0.214631410144,28.140760014
1210,0.214631410144,28.400948473
1220,0.214631410144,28.666485648
1230,0.214631410144,28.91946311
1240,0.231141518617,29.137502236
1250,0.214631410144,29.366286586
1260,0.214631410144,29.753628387
1270,0.214631410144,29.996930235
1280,0.214631410144,30.272708639
1290,0.214631410144,30.356942985
1300,0.214631410144,30.654690086
1310,0.214631410144,30.675562308
1320,0.214631410144,31.006135524
1330,0.214631410144,31.32521248
1340,0.214631410144,31.539320827
1350,0.214631410144,31.859145334
1360,0.214631410144,32.114598578
1370,0.214631410144,32.311723069
1380,0.214631410144,32.66377563
1390,0.231141518617,32.861619231
1400,0.231141518617,33.114705263
1410,0.231141518617,33.299494461
1420,0.231141518617,33.550239576
1430,0.231141518617,33.934099063
1440,0.231141518617,34.289850421
1450,0.231141518617,34.671331192
1460,0.231141518617,34.871322212
1470,0.231141518617,34.950208749
1480,0.231141518617,35.246414927
1490,0.231141518617,35.317262884
1500,0.231141518617,35.5335241
1510,0.231141518617,35.839599693
1520,0.231141518617,35.844200576
1530,0.231141518617,35.964535213
1540,0.231141518617,36.11971269
1550,0.231141518617,36.289306763
1560,0.231141518617,36.503771197
1570,0.231141518617,36.649649374
1580,0.231141518617,36.858548757
1590,0.231141518617,36.98908064
1600,0.231141518617,37.127832562
1610,0.231141518617,37.153530526
1620,0.231141518617,37.287551664
1630,0.231141518617,37.447644586
1640,0.231141518617,37.621550004
1650,0.231141518617,37.713796768
1660,0.231141518617,37.982663653
1670,0.231141518617,38.077224536
1680,0.231141518617,38.124301673
1690,0.231141518617,38.305411988
1700,0.231141518617,38.543156143
1710,0.231141518617,38.775400884
1720,0.231141518617,38.902392871
1730,0.231141518617,39.048070026
1740,0.231141518617,39.196179959
1750,0.231141518617,39.386949194
1760,0.231141518617,39.582711569
1770,0.231141518617,39.766671594
1780,0.231141518617,39.884440798
1790,0.231141518617,40.066946214
1800,0.231141518617,40.221590657
1810,0.250403311835,40.432954308
1820,0.231141518617,40.65533693
1830,0.231141518617,40.845873427
1840,0.231141518617,41.043746491
1850,0.231141518617,41.174117852
1860,0.231141518617,41.411562802
1870,0.250403311835,41.609788867
1880,0.250403311835,41.788267197
1890,0.250403311835,41.977371105
1900,0.250403311835,42.163819497
1910,0.250403311835,42.350751392
1920,0.250403311835,42.56938949
1930,0.250403311835,42.786897669
1940,0.250403311835,42.87604423
1950,0.250403311835,43.054633737
1960,0.250403311835,43.155117606
1970,0.250403311835,43.391898649
1980,0.250403311835,43.569995538
1990,0.250403311835,43.761031734
2000,0.250403311835,43.912485404
2010,0.250403311835,44.186764973
2020,0.250403311835,44.342656375
2030,0.250403311835,44.439032194
2040,0.250403311835,44.629468674
2050,0.250403311835,44.785087859
2060,0.250403311835,44.945391564
2070,0.250403311835,45.107895339
2080,0.250403311835,45.274843846
2090,0.250403311835,45.377132341
2100,0.273167249274,45.538217286
2110,0.273167249274,45.684467119
2120,0.273167249274,45.869553214
2130,0.273167249274,46.027276727
2140,0.273167249274,46.19075314
2150,0.273167249274,46.402390428
2160,0.273167249274,46.574701155
2170,0.273167249274,46.766051165
2180,0.273167249274,46.943856682
2190,0.273167249274,47.151200248
2200,0.273167249274,47.342172553
2210,0.273167249274,47.472714638
2220,0.273167249274,47.656122606
2230,0.273167249274,47.86079028
2240,0.273167249274,48.07220928
2250,0.273167249274,48.241861604
2260,0.273167249274,48.422104999
2270,0.273167249274,48.55597064
2280,0.273167249274,48.7156244
2290,0.273167249274,48.872048225
2300,0.273167249274,49.059207865
2310,0.273167249274,49.233866068
2320,0.273167249274,49.4223194
2330,0.273167249274,49.598785425
2340,0.273167249274,49.785111758
2350,0.273167249274,49.982619604
2360,0.273167249274,50.174127678
2370,0.273167249274,50.366846139
2380,0.273167249274,50.583171993
2390,0.273167249274,50.751182002
2400,0.273167249274,50.967283971
2410,0.273167249274,51.151425761
2420,0.273167249274,51.347639826
2430,0.273167249274,51.470213093
2440,0.273167249274,51.629662903
2450,0.300483974202,51.824097603
2460,0.273167249274,51.9710666
2470,0.273167249274,52.13604526
2480,0.273167249274,52.334223234
2490,0.273167249274,52.459710868
2500,0.273167249274,52.694473916
2510,0.273167249274,52.889306857
2520,0.300483974202,53.056934043
2530,0.300483974202,53.241465554
2540,0.300483974202,53.421947957
2550,0.300483974202,53.620272086
2560,0.300483974202,53.824446393
2570,0.300483974202,54.003147311
2580,0.300483974202,54.171126672
2590,0.300483974202,54.363964847
2600,0.300483974202,54.518113776
2610,0.300483974202,54.690270155
2620,0.300483974202,54.837755101
2630,0.300483974202,54.98414128
2640,0.300483974202,55.18260528
2650,0.300483974202,55.342175776
2660,0.300483974202,55.559088202
2670,0.300483974202,55.605417012
2680,0.300483974202,55.925289399
2690,0.300483974202,56.078391437
2700,0.300483974202,56.170158096
2710,0.300483974202,56.30187701
2720,0.300483974202,56.495454701
2730,0.300483974202,56.648668198
2740,0.300483974202,56.816053879
2750,0.300483974202,56.94983236
2760,0.300483974202,57.093646286
2770,0.300483974202,57.215394431
2780,0.300483974202,57.355167846
2790,0.300483974202,57.44281831
2800,0.300483974202,57.54176822
2810,0.300483974202,57.658128464
2820,0.300483974202,57.770436388
2830,0.300483974202,57.834859811
2840,0.300483974202,57.889576547
2850,0.300483974202,57.906614329
2860,0.300483974202,57.997320223
2870,0.300483974202,58.119106821
2880,0.300483974202,58.166466069
2890,0.300483974202,58.257459245
2900,0.300483974202,58.332514244
2910,0.300483974202,58.436398437
2920,0.300483974202,58.503058678
2930,0.300483974202,58.59796705
2940,0.300483974202,58.6837346
2950,0.300483974202,58.7566534
2960,0.300483974202,58.877481234
2970,0.300483974202,58.963917502
2980,0.300483974202,59.045512259
2990,0.300483974202,59.134153019
3000,0.300483974202,59.214511962
3010,0.300483974202,59.354884107
3020,0.300483974202,59.39734475
3030,0.300483974202,59.47165395
3040,0.300483974202,59.533151317
3050,0.300483974202,59.603906249
3060,0.300483974202,59.705900473
3070,0.300483974202,59.772205923
3080,0.300483974202,59.84086881
3090,0.300483974202,59.901839777
3100,0.300483974202,60.012408623
3110,0.300483974202,60.081329093
3120,0.300483974202,60.157753007
3130,0.300483974202,60.244393951
3140,0.300483974202,60.321657546
3150,0.300483974202,60.415249656
3160,0.300483974202,60.485234024
3170,0.300483974202,60.605451955
3180,0.300483974202,60.693365506
3190,0.300483974202,60.718895662
3200,0.300483974202,60.844982507
3210,0.300483974202,60.901087234
3220,0.300483974202,60.98795125
3230,0.300483974202,61.05757005
3240,0.300483974202,61.150601818
3250,0.300483974202,61.216195667
3260,0.300483974202,61.296153667
3270,0.300483974202,61.385469363
3280,0.300483974202,61.467132928
3290,0.300483974202,61.559736157
3300,0.300483974202,61.624826249
3310,0.300483974202,61.70957623
3320,0.300483974202,61.808157886
3330,0.300483974202,61.900668328
3340,0.300483974202,61.999080868
3350,0.300483974202,62.081959063
3360,0.300483974202,62.176878054
3370,0.300483974202,62.26982942
3380,0.300483974202,62.347747801
3390,0.300483974202,62.456023825
3400,0.300483974202,62.54617413
3410,0.300483974202,62.633107342
3420,0.300483974202,62.731370892
3430,0.300483974202,62.826950082
3440,0.300483974202,62.917781945
3450,0.300483974202,63.014809448
3460,0.300483974202,63.121977898
3470,0.300483974202,63.201958547
3480,0.300483974202,63.30925982
3490,0.300483974202,63.390131884
3500,0.300483974202,63.480469815
3510,0.300483974202,63.547847424
3520,0.300483974202,63.62534934
3530,0.300483974202,63.707594102
3540,0.300483974202,63.823471999
3550,0.300483974202,63.911939169
3560,0.300483974202,63.966435052
3570,0.300483974202,64.080154589
3580,0.300483974202,64.182886081
3590,0.300483974202,64.278546332
3600,0.300483974202,64.36828298
3610,0.300483974202,64.46883699
3620,0.300483974202,64.545149115
3630,0.300483974202,64.624460756
3640,0.300483974202,64.710335709
3650,0.300483974202,64.789769288
3660,0.300483974202,64.88172819
3670,0.300483974202,64.987851333
3680,0.300483974202,65.043247036
3690,0.300483974202,65.135286207
3700,0.300483974202,65.260844201
3710,0.300483974202,65.334580739
3720,0.300483974202,65.414955551
3730,0.300483974202,65.496683753
3740,0.300483974202,65.572113161
3750,0.300483974202,65.664367324
3760,0.300483974202,65.750638538
3770,0.300483974202,65.834937831
3780,0.300483974202,65.917095535
3790,0.333871082446,66.013303759
3800,0.300483974202,66.088266353
3810,0.300483974202,66.184927411
3820,0.300483974202,66.31392072
3830,0.300483974202,66.406365144
3840,0.300483974202,66.483837611
3850,0.300483974202,66.507338837
3860,0.300483974202,66.610434806
3870,0.300483974202,66.727439176
3880,0.300483974202,66.786580072
3890,0.300483974202,66.87970046
3900,0.300483974202,66.948168301
3910,0.300483974202,67.022815389
3920,0.300483974202,67.129157636
3930,0.300483974202,67.192139136
3940,0.300483974202,67.248130349
3950,0.300483974202,67.295586295
3960,0.300483974202,67.377885649
3970,0.300483974202,67.444945314
3980,0.300483974202,67.514541554
3990,0.300483974202,67.568599615
4000,0.300483974202,67.630806752
