iterations,fitness,time
0,0.166935541223,0.016551682
10,0.166935541223,0.027801281
20,0.166935541223,0.041033057
30,0.166935541223,0.166816383
40,0.166935541223,0.223262868
50,0.166935541223,0.274013925
60,0.166935541223,0.342412476
70,0.166935541223,0.39536504
80,0.166935541223,0.46641575
90,0.166935541223,0.569289298
100,0.166935541223,0.636999101
110,0.187802483876,0.713974761
120,0.176755278942,0.773471057
130,0.166935541223,0.867040878
140,0.176755278942,0.974989652
150,0.176755278942,1.053207342
160,0.176755278942,1.132207516
170,0.176755278942,1.146325067
180,0.176755278942,1.257386219
190,0.187802483876,1.308155041
200,0.187802483876,1.391642097
210,0.187802483876,1.485336223
220,0.187802483876,1.593790949
230,0.187802483876,1.683851128
240,0.200322649468,1.695114436
250,0.187802483876,1.819786357
260,0.187802483876,1.891933274
270,0.187802483876,1.906934853
280,0.200322649468,2.058686387
290,0.200322649468,2.130321075
300,0.200322649468,2.261421157
310,0.200322649468,2.364283344
320,0.200322649468,2.447395537
330,0.200322649468,2.532384169
340,0.200322649468,2.599178585
350,0.200322649468,2.688375342
360,0.200322649468,2.710452169
370,0.200322649468,2.932051827
380,0.200322649468,3.072188816
390,0.200322649468,3.080642819
400,0.200322649468,3.174224307
410,0.200322649468,3.251580059
420,0.214631410144,3.343632692
430,0.231141518617,3.416355934
440,0.231141518617,3.543337786
450,0.231141518617,3.595589191
460,0.250403311835,3.751064231
470,0.250403311835,3.80251604
480,0.273167249274,3.922296026
490,0.300483974202,3.955080298
500,0.300483974202,4.016534397
510,0.300483974202,4.119677847
520,0.300483974202,4.223415086
530,0.300483974202,4.302026709
540,0.300483974202,4.423097207
550,0.300483974202,4.591121362
560,0.300483974202,4.623474275
570,0.300483974202,4.691915628
580,0.300483974202,4.697507848
590,0.300483974202,4.771160674
600,0.300483974202,4.918528158
610,0.300483974202,5.059905298
620,0.300483974202,5.166541081
630,0.333871082446,5.29516679
640,0.333871082446,5.300094473
650,0.333871082446,5.350681636
660,0.333871082446,5.455404207
670,0.333871082446,5.622754365
680,0.333871082446,5.63259851
690,0.333871082446,5.636887982
700,0.333871082446,5.952468416
710,0.333871082446,5.9623979
720,0.333871082446,6.104442161
730,0.333871082446,6.11686728
740,0.333871082446,6.2311948
750,0.333871082446,6.404869613
760,0.333871082446,6.418007017
770,0.333871082446,6.534385141
780,0.333871082446,6.738750075
790,0.333871082446,6.851064177
800,0.333871082446,6.927758587
810,0.333871082446,7.023806737
820,0.333871082446,7.086055079
830,0.333871082446,7.243488811
840,0.333871082446,7.316909838
850,0.333871082446,7.418401821
860,0.333871082446,7.469271284
870,0.333871082446,7.595524515
880,0.333871082446,7.703834706
890,0.333871082446,7.835137353
900,0.333871082446,7.851898883
910,0.333871082446,7.98294602
920,0.333871082446,7.988809282
930,0.333871082446,8.103753225
940,0.333871082446,8.277819275
950,0.333871082446,8.284359051
960,0.333871082446,8.361885571
970,0.333871082446,8.458647315
980,0.333871082446,8.5850905
990,0.333871082446,8.666498282
1000,0.333871082446,8.673730828
1010,0.333871082446,8.762837198
1020,0.333871082446,8.891488269
1030,0.333871082446,8.956629587
1040,0.333871082446,9.021992224
1050,0.333871082446,9.188965005
1060,0.333871082446,9.282566013
1070,0.333871082446,9.357391131
1080,0.333871082446,9.488213026
1090,0.333871082446,9.589181202
1100,0.333871082446,9.655250929
1110,0.333871082446,9.715909788
1120,0.333871082446,9.721594492
1130,0.333871082446,9.810262689
1140,0.333871082446,9.93122779
1150,0.333871082446,9.991038139
1160,0.333871082446,10.001469759
1170,0.333871082446,10.017291784
1180,0.333871082446,10.026466973
1190,0.333871082446,10.251216015
1200,0.333871082446,10.320355225
1210,0.333871082446,10.405651542
1220,0.333871082446,10.567661694
1230,0.333871082446,10.583124807
1240,0.333871082446,10.64843612
1250,0.333871082446,10.666406935
1260,0.333871082446,10.800917308
1270,0.333871082446,10.874930462
1280,0.333871082446,11.006259216
1290,0.333871082446,11.09656849
1300,0.333871082446,11.168321286
1310,0.333871082446,11.362934593
1320,0.333871082446,11.376539837
1330,0.333871082446,11.495219445
1340,0.333871082446,11.660667254
1350,0.333871082446,11.738648731
1360,0.333871082446,11.827917351
1370,0.333871082446,11.983466149
1380,0.333871082446,12.057778145
1390,0.333871082446,12.083577232
1400,0.333871082446,12.093090109
1410,0.333871082446,12.175328226
1420,0.333871082446,12.210240976
1430,0.333871082446,12.372115523
1440,0.333871082446,12.384164292
1450,0.333871082446,12.473936703
1460,0.333871082446,12.487512428
1470,0.333871082446,12.640097967
1480,0.333871082446,12.649012577
1490,0.333871082446,12.773043248
1500,0.333871082446,12.831836894
1510,0.333871082446,12.978285786
1520,0.333871082446,13.036499958
1530,0.333871082446,13.080473472
1540,0.333871082446,13.173317874
1550,0.333871082446,13.238183069
1560,0.333871082446,13.336181826
1570,0.333871082446,13.458066888
1580,0.333871082446,13.474671851
1590,0.333871082446,13.491543778
1600,0.333871082446,13.514465988
1610,0.333871082446,13.655236715
1620,0.333871082446,13.667230039
1630,0.333871082446,13.814545978
1640,0.333871082446,13.832155699
1650,0.333871082446,13.973178627
1660,0.333871082446,13.980408527
1670,0.333871082446,14.026200679
1680,0.333871082446,14.042359889
1690,0.333871082446,14.223702971
1700,0.333871082446,14.24140106
1710,0.333871082446,14.426935941
1720,0.333871082446,14.48073232
1730,0.333871082446,14.580150447
1740,0.333871082446,14.597678103
1750,0.333871082446,14.748558009
1760,0.333871082446,14.832719524
1770,0.333871082446,14.928329124
1780,0.333871082446,14.995336728
1790,0.333871082446,15.012890458
1800,0.333871082446,15.132128873
1810,0.333871082446,15.238039585
1820,0.333871082446,15.349181951
1830,0.333871082446,15.476001378
1840,0.333871082446,15.487591405
1850,0.333871082446,15.600196291
1860,0.333871082446,15.729861591
1870,0.333871082446,15.797888328
1880,0.333871082446,15.866728576
1890,0.333871082446,15.994394235
1900,0.333871082446,16.098045845
1910,0.333871082446,16.110998924
1920,0.333871082446,16.232432573
1930,0.333871082446,16.420239191
1940,0.333871082446,16.553864965
1950,0.333871082446,16.563397905
1960,0.333871082446,16.582018468
1970,0.333871082446,16.757306748
1980,0.333871082446,16.770261571
1990,0.333871082446,16.784306071
2000,0.333871082446,17.029786451
2010,0.333871082446,17.045078837
2020,0.333871082446,17.179293299
2030,0.333871082446,17.221028093
2040,0.333871082446,17.326029473
2050,0.333871082446,17.341191795
2060,0.333871082446,17.509626746
2070,0.333871082446,17.524191478
2080,0.333871082446,17.684495344
2090,0.333871082446,17.696145584
2100,0.333871082446,17.865256203
2110,0.333871082446,17.878363356
2120,0.333871082446,17.994225003
2130,0.333871082446,18.055061776
2140,0.333871082446,18.070936864
2150,0.333871082446,18.225322617
2160,0.333871082446,18.246819606
2170,0.333871082446,18.382626966
2180,0.333871082446,18.481985328
2190,0.333871082446,18.556953197
2200,0.333871082446,18.764365931
2210,0.333871082446,18.829773562
2220,0.333871082446,18.900950209
2230,0.333871082446,19.025712783
2240,0.333871082446,19.195453475
2250,0.333871082446,19.295791973
2260,0.333871082446,19.314373198
2270,0.333871082446,19.428856109
2280,0.333871082446,19.475635755
2290,0.333871082446,19.493125504
2300,0.333871082446,19.507396387
2310,0.333871082446,19.792938407
2320,0.333871082446,19.8058516
2330,0.333871082446,19.914813825
2340,0.333871082446,20.066779029
2350,0.333871082446,20.14045953
2360,0.333871082446,20.219855818
2370,0.333871082446,20.310298799
2380,0.333871082446,20.422356373
2390,0.333871082446,20.51450694
2400,0.333871082446,20.587085173
2410,0.333871082446,20.692770611
2420,0.333871082446,20.787985608
2430,0.333871082446,20.944440583
2440,0.333871082446,21.001997029
2450,0.333871082446,21.055945056
2460,0.333871082446,21.154396742
2470,0.333871082446,21.337828111
2480,0.333871082446,21.353393666
2490,0.333871082446,21.520495866
2500,0.333871082446,21.600374231
2510,0.333871082446,21.746406814
2520,0.333871082446,21.851173571
2530,0.333871082446,21.983557983
2540,0.333871082446,22.135375286
2550,0.333871082446,22.201237843
2560,0.333871082446,22.21454814
2570,0.333871082446,22.331039249
2580,0.333871082446,22.513391416
2590,0.333871082446,22.642812365
2600,0.333871082446,22.710805527
2610,0.333871082446,22.724412469
2620,0.333871082446,22.92760477
2630,0.333871082446,22.991773295
2640,0.333871082446,23.064261671
2650,0.333871082446,23.180533018
2660,0.333871082446,23.246366964
2670,0.333871082446,23.341575062
2680,0.333871082446,23.396219169
2690,0.333871082446,23.480340448
2700,0.333871082446,23.639685381
2710,0.333871082446,23.711099488
2720,0.333871082446,23.72113562
2730,0.333871082446,23.732650066
2740,0.333871082446,23.742078459
2750,0.333871082446,23.864821097
2760,0.333871082446,23.965071091
2770,0.333871082446,24.061328475
2780,0.333871082446,24.071256877
2790,0.333871082446,24.276075246
2800,0.333871082446,24.375433584
2810,0.333871082446,24.461394571
2820,0.333871082446,24.521065973
2830,0.333871082446,24.641895283
2840,0.333871082446,24.732836725
2850,0.333871082446,24.810709138
2860,0.333871082446,24.929298229
2870,0.333871082446,25.111594956
2880,0.333871082446,25.120233357
2890,0.333871082446,25.138993277
2900,0.333871082446,25.175812627
2910,0.333871082446,25.371714756
2920,0.333871082446,25.439504327
2930,0.333871082446,25.576486349
2940,0.333871082446,25.636082882
2950,0.333871082446,25.733642254
2960,0.333871082446,25.820016215
2970,0.333871082446,25.965083792
2980,0.333871082446,25.980131199
2990,0.333871082446,26.127123075
3000,0.333871082446,26.223995268
3010,0.333871082446,26.239464447
3020,0.333871082446,26.261590386
3030,0.333871082446,26.488657464
3040,0.333871082446,26.500765492
3050,0.333871082446,26.519006536
3060,0.333871082446,26.535968863
3070,0.333871082446,26.548531922
3080,0.333871082446,26.746610723
3090,0.333871082446,26.761417243
3100,0.333871082446,26.871916716
3110,0.333871082446,27.053232253
3120,0.333871082446,27.06922066
3130,0.333871082446,27.08285441
3140,0.333871082446,27.263608867
3150,0.333871082446,27.27646171
3160,0.333871082446,27.292261096
3170,0.333871082446,27.487644093
3180,0.333871082446,27.499390748
3190,0.333871082446,27.509788905
3200,0.333871082446,27.728705503
3210,0.333871082446,27.771454013
3220,0.333871082446,27.835364822
3230,0.333871082446,27.895606183
3240,0.333871082446,27.932961992
3250,0.333871082446,28.078839785
3260,0.333871082446,28.15383756
3270,0.333871082446,28.290410139
3280,0.333871082446,28.308307927
3290,0.333871082446,28.469212267
3300,0.333871082446,28.48713272
3310,0.333871082446,28.501400572
3320,0.333871082446,28.652802211
3330,0.333871082446,28.668748655
3340,0.333871082446,28.801458416
3350,0.333871082446,28.891212685
3360,0.333871082446,28.968383349
3370,0.333871082446,29.122859772
3380,0.333871082446,29.198173177
3390,0.333871082446,29.353059947
3400,0.333871082446,29.366153846
3410,0.333871082446,29.477511943
3420,0.333871082446,29.487589464
3430,0.333871082446,29.499187879
3440,0.333871082446,29.509134112
3450,0.333871082446,29.797920378
3460,0.333871082446,29.816179898
3470,0.333871082446,29.901351104
3480,0.333871082446,29.908750183
3490,0.333871082446,29.918531949
3500,0.333871082446,29.925170891
3510,0.333871082446,29.934494081
3520,0.333871082446,29.945205496
3530,0.333871082446,30.222744876
3540,0.333871082446,30.401493021
3550,0.333871082446,30.409858861
3560,0.333871082446,30.552300717
3570,0.333871082446,30.647644885
3580,0.333871082446,30.790160158
3590,0.333871082446,30.918057593
3600,0.333871082446,31.039425553
3610,0.333871082446,31.120918143
3620,0.333871082446,31.138896769
3630,0.333871082446,31.157002674
3640,0.333871082446,31.167542333
3650,0.333871082446,31.384161229
3660,0.333871082446,31.39483364
3670,0.333871082446,31.576685279
3680,0.333871082446,31.700491777
3690,0.333871082446,31.791492261
3700,0.333871082446,31.801615627
3710,0.333871082446,31.936027785
3720,0.333871082446,31.942769419
3730,0.333871082446,31.954877023
3740,0.333871082446,32.146622001
3750,0.333871082446,32.185640702
3760,0.333871082446,32.368015546
3770,0.333871082446,32.383086728
3780,0.333871082446,32.501226053
3790,0.333871082446,32.532735913
3800,0.333871082446,32.692457955
3810,0.333871082446,32.915076071
3820,0.333871082446,32.920992973
3830,0.333871082446,32.955785864
3840,0.333871082446,32.96528295
3850,0.333871082446,33.084405134
3860,0.333871082446,33.244691908
3870,0.333871082446,33.3178084
3880,0.333871082446,33.397666955
3890,0.333871082446,33.408962359
3900,0.333871082446,33.535680092
3910,0.333871082446,33.586442874
3920,0.333871082446,33.667426535
3930,0.333871082446,33.689730788
3940,0.333871082446,33.823198396
3950,0.333871082446,33.890221559
3960,0.333871082446,33.899949061
3970,0.333871082446,34.047848756
3980,0.333871082446,34.063333397
3990,0.333871082446,34.167218539
4000,0.333871082446,34.22768618
