iterations,fitness,time
0,0.138543079256,0.081932011
10,0.145140368744,0.121756544
20,0.152397387182,0.139897369
30,0.160418302296,0.432403365
40,0.160418302296,0.467671553
50,0.160418302296,0.494864007
60,0.169330430202,0.661220159
70,0.179291043743,0.979806766
80,0.190496733977,1.06798897
90,0.190496733977,1.108919116
100,0.203196516242,1.23877656
110,0.203196516242,1.429148599
120,0.203196516242,1.760002922
130,0.203196516242,2.124613652
140,0.203196516242,2.394821534
150,0.203196516242,2.74693427
160,0.203196516242,3.04782474
170,0.234457518741,3.36237606
180,0.253995645303,3.417084378
190,0.234457518741,3.558229384
200,0.234457518741,3.860110552
210,0.217710553116,3.87270204
220,0.217710553116,3.889576234
230,0.234457518741,4.162448475
240,0.234457518741,4.435597827
250,0.234457518741,4.762357151
260,0.234457518741,4.892874374
270,0.217710553116,4.971970625
280,0.234457518741,5.05070434
290,0.234457518741,5.343714484
300,0.217710553116,5.579736712
310,0.203196516242,5.918314622
320,0.203196516242,6.099631162
330,0.203196516242,6.374024201
340,0.217710553116,6.675106567
350,0.217710553116,7.022018615
360,0.203196516242,7.063565673
370,0.217710553116,7.494920448
380,0.203196516242,7.896935515
390,0.203196516242,8.129342011
400,0.203196516242,8.473043852
410,0.190496733977,8.579918607
420,0.234457518741,8.845935444
430,0.234457518741,9.197379992
440,0.234457518741,9.54071291
450,0.234457518741,9.789840984
460,0.234457518741,10.258832229
470,0.234457518741,10.608139377
480,0.234457518741,10.937920053
490,0.234457518741,11.1803038
500,0.234457518741,11.520284267
510,0.217710553116,11.82476316
520,0.203196516242,12.189433619
530,0.217710553116,12.480553582
540,0.203196516242,12.789025444
550,0.217710553116,12.99679384
560,0.190496733977,13.295217149
570,0.190496733977,13.457086789
580,0.179291043743,13.716845292
590,0.190496733977,14.052627882
600,0.190496733977,14.433636531
610,0.190496733977,14.684493037
620,0.190496733977,14.857517563
630,0.179291043743,15.004211114
640,0.179291043743,15.15891656
650,0.217710553116,15.492772553
660,0.179291043743,15.826955603
670,0.179291043743,16.200209472
680,0.190496733977,16.648772823
690,0.203196516242,17.052552554
700,0.203196516242,17.272802892
710,0.217710553116,17.419221458
720,0.217710553116,17.83289381
730,0.234457518741,17.946083278
740,0.217710553116,18.256880816
750,0.217710553116,18.511589437
760,0.203196516242,18.891062873
770,0.217710553116,19.13757606
780,0.190496733977,19.520547254
790,0.179291043743,19.801120577
800,0.179291043743,20.077883784
810,0.190496733977,20.39698668
820,0.160418302296,20.711333672
830,0.169330430202,20.842963293
840,0.179291043743,21.081083988
850,0.190496733977,21.383865141
860,0.190496733977,21.626237042
870,0.190496733977,21.930776349
880,0.179291043743,21.938276721
890,0.160418302296,22.335607182
900,0.179291043743,22.513185897
910,0.160418302296,22.952592194
920,0.160418302296,23.300942881
930,0.160418302296,23.659743177
940,0.160418302296,23.969867164
950,0.160418302296,24.236488965
960,0.152397387182,24.28796681
970,0.160418302296,24.470406559
980,0.179291043743,24.732404463
990,0.160418302296,24.977647016
1000,0.169330430202,25.255547128
1010,0.190496733977,25.369167587
1020,0.190496733977,25.627922997
1030,0.190496733977,25.907311926
1040,0.203196516242,26.160831162
1050,0.190496733977,26.169865714
1060,0.190496733977,26.493570718
1070,0.190496733977,26.896891998
1080,0.190496733977,27.060865072
1090,0.203196516242,27.432963865
1100,0.203196516242,27.486904884
1110,0.203196516242,27.726783616
1120,0.217710553116,27.973777803
1130,0.203196516242,28.261884128
1140,0.203196516242,28.469466907
1150,0.203196516242,28.741720896
1160,0.190496733977,29.121672445
1170,0.190496733977,29.39200845
1180,0.179291043743,29.696468353
1190,0.190496733977,30.078902015
1200,0.190496733977,30.26829906
1210,0.190496733977,30.370546649
1220,0.190496733977,30.667794592
1230,0.190496733977,31.086359175
1240,0.190496733977,31.342879737
1250,0.203196516242,31.626999664
1260,0.190496733977,31.884478172
1270,0.190496733977,32.051895096
1280,0.190496733977,32.434064946
1290,0.190496733977,32.619794935
1300,0.190496733977,32.888961065
1310,0.190496733977,33.281065817
1320,0.190496733977,33.489643332
1330,0.190496733977,33.623984306
1340,0.169330430202,33.973971474
1350,0.169330430202,34.337760942
1360,0.190496733977,34.792883224
1370,0.203196516242,34.976191748
1380,0.203196516242,35.299080275
1390,0.190496733977,35.64813972
1400,0.203196516242,35.914170806
1410,0.190496733977,36.171450831
1420,0.190496733977,36.56552903
1430,0.190496733977,36.957715267
1440,0.190496733977,37.22472474
1450,0.179291043743,37.578181214
1460,0.179291043743,37.940385633
1470,0.190496733977,38.279620788
1480,0.217710553116,38.737687866
1490,0.203196516242,38.986839187
1500,0.190496733977,39.292534695
1510,0.190496733977,39.525366727
1520,0.190496733977,39.886101418
1530,0.203196516242,40.101918803
1540,0.217710553116,40.399311051
1550,0.217710553116,40.54215646
1560,0.217710553116,40.907222288
1570,0.234457518741,41.117538504
1580,0.217710553116,41.414444938
1590,0.217710553116,41.503997315
1600,0.253995645303,41.816519477
1610,0.253995645303,42.090922809
1620,0.253995645303,42.350787216
1630,0.234457518741,42.709838909
1640,0.253995645303,43.059800938
1650,0.253995645303,43.451974152
1660,0.234457518741,43.457912619
1670,0.234457518741,43.626085123
1680,0.234457518741,43.957966006
1690,0.234457518741,44.313035921
1700,0.234457518741,44.711340437
1710,0.253995645303,44.960305419
1720,0.253995645303,45.145921686
1730,0.234457518741,45.375865348
1740,0.217710553116,45.687693792
1750,0.253995645303,45.907051145
1760,0.253995645303,46.129170234
1770,0.253995645303,46.498018174
1780,0.277086158512,46.781595715
1790,0.253995645303,46.861545584
1800,0.253995645303,47.220745827
1810,0.234457518741,47.499973087
1820,0.253995645303,47.656289618
1830,0.234457518741,48.02068195
1840,0.234457518741,48.296761085
1850,0.234457518741,48.501781609
1860,0.234457518741,48.671388079
1870,0.234457518741,48.944445437
1880,0.234457518741,49.285376849
1890,0.253995645303,49.604669865
1900,0.253995645303,49.841808639
1910,0.253995645303,50.192452081
1920,0.253995645303,50.544284238
1930,0.253995645303,50.865911569
1940,0.253995645303,51.232080555
1950,0.253995645303,51.423138103
1960,0.253995645303,51.773835801
1970,0.253995645303,52.027118075
1980,0.253995645303,52.410234662
1990,0.277086158512,52.705381417
2000,0.277086158512,52.87724422
2010,0.304794774363,53.298072097
2020,0.277086158512,53.68151681
2030,0.277086158512,53.97983107
2040,0.277086158512,54.241147678
2050,0.277086158512,54.349880839
2060,0.217710553116,54.743736906
2070,0.234457518741,55.103449241
2080,0.277086158512,55.473857332
2090,0.277086158512,55.863925461
2100,0.277086158512,56.163601722
2110,0.253995645303,56.407576368
2120,0.234457518741,56.682915037
2130,0.277086158512,56.700139091
2140,0.253995645303,57.010150009
2150,0.234457518741,57.477407246
2160,0.253995645303,57.718563171
2170,0.277086158512,57.888286408
2180,0.277086158512,58.29142049
2190,0.277086158512,58.420343116
2200,0.277086158512,58.617690403
2210,0.277086158512,58.873926016
2220,0.277086158512,59.01940173
2230,0.277086158512,59.277871239
2240,0.277086158512,59.609956648
2250,0.277086158512,59.890190309
2260,0.234457518741,60.236431787
2270,0.234457518741,60.486599527
2280,0.234457518741,60.842597989
2290,0.217710553116,61.123306787
2300,0.217710553116,61.331559845
2310,0.217710553116,61.541377983
2320,0.234457518741,61.659159739
2330,0.253995645303,61.877010112
2340,0.253995645303,62.042169719
2350,0.253995645303,62.294030184
2360,0.253995645303,62.464981438
2370,0.253995645303,62.485835941
2380,0.234457518741,62.744786609
2390,0.253995645303,62.863957098
2400,0.277086158512,63.069610849
2410,0.277086158512,63.272586527
2420,0.277086158512,63.462691359
2430,0.277086158512,63.588965328
2440,0.277086158512,63.634966313
2450,0.277086158512,63.913651009
2460,0.277086158512,64.080192699
2470,0.304794774363,64.270219945
2480,0.277086158512,64.455271605
2490,0.277086158512,64.602326132
2500,0.277086158512,64.691268227
2510,0.277086158512,64.770383016
2520,0.277086158512,64.933692244
2530,0.277086158512,65.10112633
2540,0.304794774363,65.236260302
2550,0.277086158512,65.242351206
2560,0.253995645303,65.321372101
2570,0.253995645303,65.515997431
2580,0.253995645303,65.616859274
2590,0.253995645303,65.821017167
2600,0.253995645303,65.967061369
2610,0.253995645303,66.289080858
2620,0.253995645303,66.39805525
2630,0.253995645303,66.48301568
2640,0.253995645303,66.536315952
2650,0.253995645303,66.700708816
2660,0.253995645303,66.869379731
2670,0.253995645303,67.024656895
2680,0.253995645303,67.032492023
2690,0.234457518741,67.157459138
2700,0.234457518741,67.380719558
2710,0.253995645303,67.44229524
2720,0.234457518741,67.695737904
2730,0.253995645303,67.752114101
2740,0.234457518741,67.890499764
2750,0.234457518741,67.894455922
2760,0.234457518741,67.960782967
2770,0.234457518741,68.212514476
2780,0.234457518741,68.49972207
2790,0.234457518741,68.529977959
2800,0.234457518741,68.620284661
2810,0.234457518741,68.80954912
2820,0.234457518741,69.025628271
2830,0.217710553116,69.03256878
2840,0.217710553116,69.127262056
2850,0.217710553116,69.41034189
2860,0.217710553116,69.557903087
2870,0.217710553116,69.741643394
2880,0.217710553116,69.938605756
2890,0.217710553116,70.10601392
2900,0.217710553116,70.111815079
2910,0.217710553116,70.341311509
2920,0.203196516242,70.375746214
2930,0.234457518741,70.426029265
2940,0.217710553116,70.56836571
2950,0.217710553116,70.805363143
2960,0.234457518741,70.943476921
2970,0.234457518741,71.127781268
2980,0.234457518741,71.211472277
2990,0.253995645303,71.43178667
3000,0.253995645303,71.700256747
3010,0.277086158512,71.852150758
3020,0.277086158512,71.954889947
3030,0.304794774363,72.161695279
3040,0.338660860403,72.413467385
3050,0.338660860403,72.578498594
3060,0.338660860403,72.690273311
3070,0.338660860403,72.953819496
3080,0.338660860403,73.042375701
3090,0.338660860403,73.166058432
3100,0.338660860403,73.174888148
3110,0.338660860403,73.211112742
3120,0.338660860403,73.38751501
3130,0.338660860403,73.568018618
3140,0.304794774363,73.687776646
3150,0.304794774363,73.759637323
3160,0.277086158512,74.002699173
3170,0.277086158512,74.213646485
3180,0.304794774363,74.336389628
3190,0.304794774363,74.435661658
3200,0.304794774363,74.745893164
3210,0.304794774363,74.989319173
3220,0.304794774363,75.062814311
3230,0.304794774363,75.267196845
3240,0.304794774363,75.405261071
3250,0.304794774363,75.516125758
3260,0.304794774363,75.63428946
3270,0.338660860403,75.659161642
3280,0.338660860403,75.821373899
3290,0.338660860403,76.011819218
3300,0.338660860403,76.070700168
3310,0.304794774363,76.353251549
3320,0.304794774363,76.520672362
3330,0.338660860403,76.743969518
3340,0.304794774363,76.924730858
3350,0.277086158512,77.072345381
3360,0.277086158512,77.262713215
3370,0.277086158512,77.364481032
3380,0.277086158512,77.534289738
3390,0.277086158512,77.740080663
3400,0.277086158512,77.861827589
3410,0.277086158512,78.075917624
3420,0.253995645303,78.205305817
3430,0.253995645303,78.456924703
3440,0.234457518741,78.636919392
3450,0.234457518741,78.74373554
3460,0.253995645303,78.79317005
3470,0.234457518741,78.802782971
3480,0.253995645303,78.985204422
3490,0.253995645303,79.089354622
3500,0.277086158512,79.273751857
3510,0.277086158512,79.548389017
3520,0.253995645303,79.759912408
3530,0.253995645303,79.967205174
3540,0.253995645303,80.172529049
3550,0.253995645303,80.231636035
3560,0.234457518741,80.407744558
3570,0.234457518741,80.519507215
3580,0.234457518741,80.760057229
3590,0.217710553116,80.993942792
3600,0.203196516242,81.021352188
3610,0.203196516242,81.069218476
3620,0.217710553116,81.324038905
3630,0.234457518741,81.44559807
3640,0.234457518741,81.533441
3650,0.234457518741,81.756943029
3660,0.234457518741,81.907194589
3670,0.253995645303,82.153994189
3680,0.234457518741,82.351850033
3690,0.234457518741,82.539533865
3700,0.234457518741,82.709969204
3710,0.234457518741,82.809845591
3720,0.234457518741,82.815957792
3730,0.217710553116,82.820756276
3740,0.277086158512,82.990585113
3750,0.217710553116,83.123065306
3760,0.234457518741,83.294548039
3770,0.234457518741,83.394149534
3780,0.234457518741,83.554079023
3790,0.234457518741,83.70771817
3800,0.234457518741,83.861580264
3810,0.234457518741,83.998282867
3820,0.253995645303,84.101532429
3830,0.277086158512,84.35038089
3840,0.253995645303,84.493122879
3850,0.253995645303,84.501014567
3860,0.253995645303,84.64955597
3870,0.304794774363,84.836879141
3880,0.304794774363,84.997288451
3890,0.304794774363,85.200434424
3900,0.304794774363,85.251083411
3910,0.304794774363,85.455284753
3920,0.253995645303,85.567816971
3930,0.277086158512,85.709870792
3940,0.277086158512,85.79080888
3950,0.234457518741,86.01095311
3960,0.253995645303,86.172473571
3970,0.253995645303,86.228258087
3980,0.234457518741,86.374443767
3990,0.234457518741,86.37877735
4000,0.234457518741,86.452858157
