iterations,fitness,time
0,0.049947311521,0.012818524
10,0.0454066468372,0.026186745
20,0.049947311521,0.045260044
30,0.0475688681152,0.061040217
40,0.0454066468372,0.077265967
50,0.0475688681152,0.092822838
60,0.0475688681152,0.106756272
70,0.0554970128011,0.126365639
80,0.049947311521,0.139378553
90,0.049947311521,0.159855077
100,0.049947311521,0.179930382
110,0.0525761173905,0.196546888
120,0.0525761173905,0.223416704
130,0.0525761173905,0.227877397
140,0.0525761173905,0.230532281
150,0.0525761173905,0.235213012
160,0.0525761173905,0.256017429
170,0.049947311521,0.264286476
180,0.0525761173905,0.285853422
190,0.0525761173905,0.29254099
200,0.0525761173905,0.330494435
210,0.0554970128011,0.336331173
220,0.0525761173905,0.336899744
230,0.0525761173905,0.339416573
240,0.0525761173905,0.342260919
250,0.0525761173905,0.356379461
260,0.0525761173905,0.378793437
270,0.0525761173905,0.380899968
280,0.0525761173905,0.395495433
290,0.0554970128011,0.41774136
300,0.0554970128011,0.436452888
310,0.0554970128011,0.445622115
320,0.0587615429658,0.45117925
330,0.0554970128011,0.464853534
340,0.0587615429658,0.474738174
350,0.0587615429658,0.510592651
360,0.0554970128011,0.539448638
370,0.0554970128011,0.555958089
380,0.0554970128011,0.562062548
390,0.0624341394012,0.569845735
400,0.0587615429658,0.574771891
410,0.0554970128011,0.596043062
420,0.0624341394012,0.606465396
430,0.0554970128011,0.624834135
440,0.0554970128011,0.646458793
450,0.0554970128011,0.664075336
460,0.0587615429658,0.682336316
470,0.0587615429658,0.690045318
480,0.0587615429658,0.694775725
490,0.0587615429658,0.711739948
500,0.0554970128011,0.732308061
510,0.0587615429658,0.75512253
520,0.0587615429658,0.761654864
530,0.0665964153613,0.768320334
540,0.0665964153613,0.791038978
550,0.0624341394012,0.799091206
560,0.0587615429658,0.802615749
570,0.0624341394012,0.807369595
580,0.0665964153613,0.844568797
590,0.0665964153613,0.86109877
600,0.0713533021728,0.880085468
610,0.0713533021728,0.903675405
620,0.0713533021728,0.926032617
630,0.0832455192016,0.936134668
640,0.0832455192016,0.944842396
650,0.0832455192016,0.958616288
660,0.0908132936745,0.996728756
670,0.0832455192016,1.001074111
680,0.0832455192016,1.017350576
690,0.0832455192016,1.04094587
700,0.0908132936745,1.050317331
710,0.0832455192016,1.082408159
720,0.0998946230419,1.105796955
730,0.0998946230419,1.114977187
740,0.0998946230419,1.137909791
750,0.0998946230419,1.161515099
760,0.0998946230419,1.184779431
770,0.110994025602,1.193368917
780,0.110994025602,1.208313829
790,0.110994025602,1.226118725
800,0.110994025602,1.256371058
810,0.124868278802,1.272262962
820,0.124868278802,1.289947274
830,0.124868278802,1.30851181
840,0.124868278802,1.319141877
850,0.124868278802,1.336899313
860,0.124868278802,1.354726869
870,0.142706604346,1.373986496
880,0.124868278802,1.391950637
890,0.124868278802,1.418804274
900,0.124868278802,1.434514073
910,0.124868278802,1.458597371
920,0.124868278802,1.482160563
930,0.142706604346,1.500877305
940,0.142706604346,1.516756105
950,0.142706604346,1.537190999
960,0.142706604346,1.56022752
970,0.142706604346,1.571612505
980,0.142706604346,1.594971403
990,0.142706604346,1.607279677
1000,0.142706604346,1.631605951
1010,0.142706604346,1.645735088
1020,0.142706604346,1.660787915
1030,0.142706604346,1.689115263
1040,0.142706604346,1.696258876
1050,0.142706604346,1.712810528
1060,0.142706604346,1.727209621
1070,0.142706604346,1.748186788
1080,0.142706604346,1.777521437
1090,0.142706604346,1.793955363
1100,0.142706604346,1.818406659
1110,0.142706604346,1.841214451
1120,0.142706604346,1.857911849
1130,0.142706604346,1.875000915
1140,0.142706604346,1.887733874
1150,0.142706604346,1.900615197
1160,0.142706604346,1.929445942
1170,0.142706604346,1.94975912
1180,0.142706604346,1.965874422
1190,0.142706604346,1.986386961
1200,0.142706604346,2.019188001
1210,0.142706604346,2.025108238
1220,0.142706604346,2.035912959
1230,0.142706604346,2.044230781
1240,0.142706604346,2.047408995
1250,0.142706604346,2.051832328
1260,0.142706604346,2.084381861
1270,0.142706604346,2.092132857
1280,0.142706604346,2.107328367
1290,0.142706604346,2.1277
1300,0.142706604346,2.144467888
1310,0.142706604346,2.15785174
1320,0.142706604346,2.185664158
1330,0.142706604346,2.196364139
1340,0.142706604346,2.2010945
1350,0.142706604346,2.213495768
1360,0.142706604346,2.243513107
1370,0.142706604346,2.255360198
1380,0.142706604346,2.270441619
1390,0.142706604346,2.280695736
1400,0.142706604346,2.305525085
1410,0.142706604346,2.321088528
1420,0.142706604346,2.34060168
1430,0.142706604346,2.356800014
1440,0.142706604346,2.38339023
1450,0.142706604346,2.40898678
1460,0.142706604346,2.42793787
1470,0.142706604346,2.449265172
1480,0.142706604346,2.465868969
1490,0.142706604346,2.487373749
1500,0.142706604346,2.510939381
1510,0.142706604346,2.526266708
1520,0.142706604346,2.547003569
1530,0.142706604346,2.562009821
1540,0.166491038403,2.569075768
1550,0.166491038403,2.575770744
1560,0.166491038403,2.598786329
1570,0.166491038403,2.620333262
1580,0.199789246084,2.636603326
1590,0.199789246084,2.658777816
1600,0.199789246084,2.680236882
1610,0.199789246084,2.695164566
1620,0.199789246084,2.715086086
1630,0.199789246084,2.736820196
1640,0.199789246084,2.756863554
1650,0.199789246084,2.785560792
1660,0.199789246084,2.805952817
1670,0.199789246084,2.825156365
1680,0.199789246084,2.847444324
1690,0.199789246084,2.86349551
1700,0.199789246084,2.875489964
1710,0.199789246084,2.888803194
1720,0.199789246084,2.920600841
1730,0.199789246084,2.946241885
1740,0.199789246084,2.97140309
1750,0.199789246084,2.987381684
1760,0.199789246084,3.019834954
1770,0.199789246084,3.033370629
1780,0.199789246084,3.060290893
1790,0.199789246084,3.080723346
1800,0.199789246084,3.088650603
1810,0.199789246084,3.114002731
1820,0.199789246084,3.131976652
1830,0.199789246084,3.153031319
1840,0.199789246084,3.171795574
1850,0.199789246084,3.184004055
1860,0.199789246084,3.202783208
1870,0.199789246084,3.215328695
1880,0.199789246084,3.22698063
1890,0.199789246084,3.240746288
1900,0.199789246084,3.251322651
1910,0.199789246084,3.276942107
1920,0.199789246084,3.29568946
1930,0.199789246084,3.314294181
1940,0.199789246084,3.335795206
1950,0.199789246084,3.368011071
1960,0.199789246084,3.387944617
1970,0.199789246084,3.409567493
1980,0.199789246084,3.432166357
1990,0.199789246084,3.446452012
2000,0.199789246084,3.461610854
2010,0.199789246084,3.496943166
2020,0.199789246084,3.509340081
2030,0.199789246084,3.532341047
2040,0.199789246084,3.537918871
2050,0.199789246084,3.545025314
2060,0.199789246084,3.55023418
2070,0.199789246084,3.556677586
2080,0.199789246084,3.588720578
2090,0.199789246084,3.602003061
2100,0.199789246084,3.607696608
2110,0.199789246084,3.643911539
2120,0.199789246084,3.66049247
2130,0.199789246084,3.673686128
2140,0.199789246084,3.702187909
2150,0.249736557605,3.723594146
2160,0.199789246084,3.729555951
2170,0.199789246084,3.771943365
2180,0.199789246084,3.778593986
2190,0.199789246084,3.80663208
2200,0.199789246084,3.81332098
2210,0.199789246084,3.834839298
2220,0.199789246084,3.84798789
2230,0.249736557605,3.886123555
2240,0.249736557605,3.901277816
2250,0.249736557605,3.916063792
2260,0.249736557605,3.953615709
2270,0.249736557605,3.961534117
2280,0.249736557605,3.987610382
2290,0.249736557605,4.003537678
2300,0.249736557605,4.018962206
2310,0.249736557605,4.042392373
2320,0.249736557605,4.063911021
2330,0.249736557605,4.072089652
2340,0.249736557605,4.079217597
2350,0.249736557605,4.098447729
2360,0.249736557605,4.131470819
2370,0.249736557605,4.156900529
2380,0.249736557605,4.17466722
2390,0.249736557605,4.197304919
2400,0.249736557605,4.208161509
2410,0.249736557605,4.22134833
2420,0.249736557605,4.238136334
2430,0.249736557605,4.260803424
2440,0.249736557605,4.275783187
2450,0.249736557605,4.28606938
2460,0.249736557605,4.308050676
2470,0.249736557605,4.332853691
2480,0.249736557605,4.355565418
2490,0.249736557605,4.381174971
2500,0.249736557605,4.405413606
2510,0.249736557605,4.429693339
2520,0.249736557605,4.442899184
2530,0.249736557605,4.449796705
2540,0.249736557605,4.457460825
2550,0.249736557605,4.475183062
2560,0.249736557605,4.501293477
2570,0.249736557605,4.521662783
2580,0.249736557605,4.552138531
2590,0.249736557605,4.576927381
2600,0.249736557605,4.59513038
2610,0.249736557605,4.612366782
2620,0.249736557605,4.627423079
2630,0.249736557605,4.638493507
2640,0.249736557605,4.664999257
2650,0.249736557605,4.685320131
2660,0.249736557605,4.712760764
2670,0.249736557605,4.748249225
2680,0.249736557605,4.757962092
2690,0.249736557605,4.784095187
2700,0.249736557605,4.797176571
2710,0.249736557605,4.819149642
2720,0.249736557605,4.823867394
2730,0.249736557605,4.831445483
2740,0.249736557605,4.861866107
2750,0.249736557605,4.870570498
2760,0.249736557605,4.883175721
2770,0.249736557605,4.890691332
2780,0.249736557605,4.897327276
2790,0.249736557605,4.920996798
2800,0.249736557605,4.93278303
2810,0.249736557605,4.946968264
2820,0.249736557605,4.95737285
2830,0.249736557605,4.962039298
2840,0.249736557605,4.964647123
2850,0.249736557605,4.966056888
2860,0.249736557605,4.968269337
2870,0.249736557605,4.971635637
2880,0.249736557605,4.978593499
2890,0.249736557605,5.053087067
2900,0.249736557605,5.075347992
2910,0.249736557605,5.090502736
2920,0.249736557605,5.112741163
2930,0.249736557605,5.118341234
2940,0.249736557605,5.13160559
2950,0.249736557605,5.155425162
2960,0.249736557605,5.168976616
2970,0.249736557605,5.188143117
2980,0.249736557605,5.219345246
2990,0.249736557605,5.246043996
3000,0.249736557605,5.259461227
3010,0.249736557605,5.27921846
3020,0.249736557605,5.308000742
3030,0.249736557605,5.321601386
3040,0.249736557605,5.348235168
3050,0.249736557605,5.376699583
3060,0.249736557605,5.398767076
3070,0.249736557605,5.416450357
3080,0.249736557605,5.424807156
3090,0.249736557605,5.441277627
3100,0.249736557605,5.456967334
3110,0.249736557605,5.477899688
3120,0.249736557605,5.497739366
3130,0.249736557605,5.519704656
3140,0.249736557605,5.535220662
3150,0.249736557605,5.550814666
3160,0.249736557605,5.572629875
3170,0.249736557605,5.591198246
3180,0.249736557605,5.613809127
3190,0.249736557605,5.629398738
3200,0.249736557605,5.644632227
3210,0.249736557605,5.664055852
3220,0.249736557605,5.683619276
3230,0.249736557605,5.69540379
3240,0.249736557605,5.700477034
3250,0.249736557605,5.707474853
3260,0.249736557605,5.715727541
3270,0.249736557605,5.736252891
3280,0.249736557605,5.758452571
3290,0.249736557605,5.787689429
3300,0.249736557605,5.816986809
3310,0.249736557605,5.829853374
3320,0.249736557605,5.849638571
3330,0.249736557605,5.872579941
3340,0.249736557605,5.893284775
3350,0.249736557605,5.913159183
3360,0.249736557605,5.927625864
3370,0.249736557605,5.948334452
3380,0.249736557605,5.964880883
3390,0.249736557605,5.976236792
3400,0.249736557605,6.007913366
3410,0.249736557605,6.021099902
3420,0.249736557605,6.043562753
3430,0.249736557605,6.055332076
3440,0.249736557605,6.079036696
3450,0.249736557605,6.099366264
3460,0.249736557605,6.110675809
3470,0.249736557605,6.13684071
3480,0.249736557605,6.155553601
3490,0.249736557605,6.172851674
3500,0.249736557605,6.184255268
3510,0.249736557605,6.20432124
3520,0.249736557605,6.229633307
3530,0.249736557605,6.245551658
3540,0.249736557605,6.274214571
3550,0.249736557605,6.289261353
3560,0.249736557605,6.297043054
3570,0.249736557605,6.31050346
3580,0.249736557605,6.321644769
3590,0.249736557605,6.331299249
3600,0.249736557605,6.344212173
3610,0.249736557605,6.373124519
3620,0.249736557605,6.380749093
3630,0.249736557605,6.398197586
3640,0.249736557605,6.41453257
3650,0.249736557605,6.426921717
3660,0.249736557605,6.447016175
3670,0.249736557605,6.46610803
3680,0.249736557605,6.484430333
3690,0.249736557605,6.493586287
3700,0.249736557605,6.50838699
3710,0.249736557605,6.526079183
3720,0.249736557605,6.547219854
3730,0.249736557605,6.566980082
3740,0.249736557605,6.587895769
3750,0.249736557605,6.602425472
3760,0.249736557605,6.622071267
3770,0.249736557605,6.637789757
3780,0.249736557605,6.659730826
3790,0.249736557605,6.691755044
3800,0.249736557605,6.706556417
3810,0.249736557605,6.722889828
3820,0.249736557605,6.737039613
3830,0.249736557605,6.755164558
3840,0.249736557605,6.77014063
3850,0.249736557605,6.793851398
3860,0.249736557605,6.8214376
3870,0.249736557605,6.837611655
3880,0.249736557605,6.850607649
3890,0.249736557605,6.871503486
3900,0.249736557605,6.891240416
3910,0.249736557605,6.908465927
3920,0.249736557605,6.935930546
3930,0.249736557605,6.956260282
3940,0.249736557605,6.968601937
3950,0.249736557605,6.978589069
3960,0.249736557605,6.997294019
3970,0.249736557605,7.014695239
3980,0.249736557605,7.034578961
3990,0.249736557605,7.064555609
4000,0.249736557605,7.090166732
4010,0.249736557605,7.109393422
4020,0.249736557605,7.129420713
4030,0.249736557605,7.158314683
4040,0.249736557605,7.164016133
4050,0.249736557605,7.181567133
4060,0.249736557605,7.210472332
4070,0.249736557605,7.229491886
4080,0.249736557605,7.246066659
4090,0.249736557605,7.260345883
4100,0.249736557605,7.277550809
4110,0.249736557605,7.302261322
4120,0.249736557605,7.325303574
4130,0.249736557605,7.340825696
4140,0.249736557605,7.368589478
4150,0.249736557605,7.385521681
4160,0.249736557605,7.39946839
4170,0.249736557605,7.421675214
4180,0.249736557605,7.443421522
4190,0.249736557605,7.455149027
4200,0.249736557605,7.473669534
4210,0.249736557605,7.502454868
4220,0.249736557605,7.520307212
4230,0.249736557605,7.551045736
4240,0.249736557605,7.569346486
4250,0.249736557605,7.594897128
4260,0.249736557605,7.608690934
4270,0.249736557605,7.622857258
4280,0.249736557605,7.641153534
4290,0.249736557605,7.647747434
4300,0.249736557605,7.673924471
4310,0.249736557605,7.708070619
4320,0.249736557605,7.722009003
4330,0.249736557605,7.738501987
4340,0.249736557605,7.755272156
4350,0.249736557605,7.779221494
4360,0.249736557605,7.797176614
4370,0.249736557605,7.819549555
4380,0.249736557605,7.847041955
4390,0.249736557605,7.851731162
4400,0.249736557605,7.868774414
4410,0.249736557605,7.892965924
4420,0.249736557605,7.904847891
4430,0.249736557605,7.930897266
4440,0.249736557605,7.947918842
4450,0.249736557605,7.964164373
4460,0.249736557605,7.981342286
4470,0.249736557605,7.996331427
4480,0.249736557605,8.015082415
4490,0.249736557605,8.044275391
4500,0.249736557605,8.061078608
4510,0.249736557605,8.079696028
4520,0.249736557605,8.107209488
4530,0.249736557605,8.126554127
4540,0.249736557605,8.14528263
4550,0.249736557605,8.161426809
4560,0.249736557605,8.178288003
4570,0.249736557605,8.202677242
4580,0.249736557605,8.22022156
4590,0.249736557605,8.238440112
4600,0.249736557605,8.259326366
4610,0.249736557605,8.278817468
4620,0.249736557605,8.289424715
4630,0.249736557605,8.309853853
4640,0.249736557605,8.327818232
4650,0.249736557605,8.342438736
4660,0.249736557605,8.36842123
4670,0.249736557605,8.382135357
4680,0.249736557605,8.401377047
4690,0.249736557605,8.412075414
4700,0.249736557605,8.426914837
4710,0.249736557605,8.455845415
4720,0.249736557605,8.469739323
4730,0.249736557605,8.487285604
4740,0.249736557605,8.513668632
4750,0.249736557605,8.536591811
4760,0.249736557605,8.550029791
4770,0.249736557605,8.576572543
4780,0.249736557605,8.592793034
4790,0.249736557605,8.614309008
4800,0.249736557605,8.633313533
4810,0.249736557605,8.657436696
4820,0.249736557605,8.682506598
4830,0.249736557605,8.699949464
4840,0.249736557605,8.723437102
4850,0.249736557605,8.745000422
4860,0.249736557605,8.757994235
4870,0.249736557605,8.765741495
4880,0.249736557605,8.789253779
4890,0.249736557605,8.806742274
4900,0.249736557605,8.83164242
4910,0.249736557605,8.858247315
4920,0.249736557605,8.870048675
4930,0.249736557605,8.901663538
4940,0.249736557605,8.921078483
4950,0.249736557605,8.931733429
4960,0.249736557605,8.947350751
4970,0.249736557605,8.96527668
4980,0.249736557605,8.987305927
4990,0.249736557605,9.006238957
5000,0.249736557605,9.013533362
5010,0.249736557605,9.043847413
5020,0.249736557605,9.050838532
5030,0.249736557605,9.063317476
5040,0.249736557605,9.069545023
5050,0.249736557605,9.096449604
5060,0.249736557605,9.111612964
5070,0.249736557605,9.121343924
5080,0.249736557605,9.127111735
5090,0.249736557605,9.162470207
5100,0.249736557605,9.175444038
5110,0.249736557605,9.18350892
5120,0.249736557605,9.211495074
5130,0.249736557605,9.232177366
5140,0.249736557605,9.256373797
5150,0.249736557605,9.265038169
5160,0.249736557605,9.285771949
5170,0.249736557605,9.302457568
5180,0.249736557605,9.318620599
5190,0.249736557605,9.326309828
5200,0.249736557605,9.329937549
5210,0.249736557605,9.336716546
5220,0.249736557605,9.3455605
5230,0.249736557605,9.352815884
5240,0.249736557605,9.411128174
5250,0.249736557605,9.419104439
5260,0.249736557605,9.43048899
5270,0.249736557605,9.454201693
5280,0.249736557605,9.465194389
5290,0.249736557605,9.484479371
5300,0.249736557605,9.503000833
5310,0.249736557605,9.516657165
5320,0.249736557605,9.529489089
5330,0.249736557605,9.542369189
5340,0.249736557605,9.552177663
5350,0.249736557605,9.571766607
5360,0.249736557605,9.600394722
5370,0.249736557605,9.610263613
5380,0.249736557605,9.613623712
5390,0.249736557605,9.614740934
5400,0.249736557605,9.617292556
5410,0.249736557605,9.623183268
5420,0.249736557605,9.740103642
5430,0.249736557605,9.749713697
5440,0.249736557605,9.756969631
5450,0.249736557605,9.764198968
5460,0.249736557605,9.771140233
5470,0.249736557605,9.777741057
5480,0.249736557605,9.783120126
5490,0.249736557605,9.794195358
5500,0.249736557605,9.801686881
5510,0.249736557605,9.807113543
5520,0.249736557605,9.809789002
5530,0.249736557605,9.861463196
5540,0.249736557605,9.869397661
5550,0.249736557605,9.888447443
5560,0.249736557605,9.891854629
5570,0.249736557605,9.896441133
5580,0.249736557605,9.902986291
5590,0.249736557605,9.909148972
5600,0.249736557605,9.960271855
5610,0.249736557605,9.967760874
5620,0.249736557605,9.969729177
5630,0.249736557605,9.972050352
5640,0.249736557605,9.995370008
5650,0.249736557605,10.013328976
5660,0.249736557605,10.037876142
5670,0.249736557605,10.046746843
5680,0.249736557605,10.050173513
5690,0.249736557605,10.053154549
5700,0.249736557605,10.06340748
5710,0.249736557605,10.082726751
5720,0.249736557605,10.096070348
5730,0.249736557605,10.106066057
5740,0.249736557605,10.139179236
5750,0.249736557605,10.149009739
5760,0.249736557605,10.178394529
5770,0.249736557605,10.197067115
5780,0.249736557605,10.209112645
5790,0.249736557605,10.223623256
5800,0.249736557605,10.242826935
5810,0.249736557605,10.260014672
5820,0.249736557605,10.275977361
5830,0.249736557605,10.305084379
5840,0.249736557605,10.325334049
5850,0.249736557605,10.329665082
5860,0.249736557605,10.340811354
5870,0.249736557605,10.353492868
5880,0.249736557605,10.3677008
5890,0.249736557605,10.379668261
5900,0.249736557605,10.394890082
5910,0.249736557605,10.39948062
5920,0.249736557605,10.407134222
5930,0.249736557605,10.41246886
5940,0.249736557605,10.421002086
5950,0.249736557605,10.426076829
5960,0.249736557605,10.430949397
5970,0.249736557605,10.43697697
5980,0.249736557605,10.439265339
5990,0.249736557605,10.443239589
6000,0.249736557605,10.446564309
