iterations,fitness,time
0,0.166935541223,0.02154455
10,0.166935541223,0.040465176
20,0.166935541223,0.189973684
30,0.176755278942,0.344699173
40,0.176755278942,0.368095656
50,0.176755278942,0.662140994
60,0.214631410144,0.792121671
70,0.214631410144,0.925203019
80,0.231141518617,1.086373954
90,0.250403311835,1.297612939
100,0.250403311835,1.408154721
110,0.250403311835,1.52394934
120,0.250403311835,1.788630021
130,0.250403311835,1.928561571
140,0.250403311835,2.057932102
150,0.250403311835,2.224690892
160,0.250403311835,2.4034119
170,0.250403311835,2.596065368
180,0.250403311835,2.77330843
190,0.273167249274,2.914161311
200,0.273167249274,3.242008769
210,0.273167249274,3.416368146
220,0.250403311835,3.586485075
230,0.250403311835,3.727113
240,0.250403311835,3.865557345
250,0.250403311835,4.064084757
260,0.273167249274,4.19770053
270,0.273167249274,4.384363134
280,0.273167249274,4.535190653
290,0.273167249274,4.718189961
300,0.273167249274,4.795843473
310,0.300483974202,4.93051238
320,0.300483974202,5.072071443
330,0.300483974202,5.181358615
340,0.300483974202,5.32742276
350,0.300483974202,5.439356367
360,0.300483974202,5.661893677
370,0.300483974202,5.792275144
380,0.300483974202,5.823708553
390,0.333871082446,5.983124399
400,0.333871082446,6.137167022
410,0.333871082446,6.238295819
420,0.333871082446,6.423538435
430,0.333871082446,6.624955478
440,0.333871082446,6.965534983
450,0.333871082446,7.181979957
460,0.333871082446,7.312983361
470,0.333871082446,7.519975088
480,0.333871082446,7.722012052
490,0.333871082446,7.899317026
500,0.333871082446,8.117690989
510,0.333871082446,8.302221833
520,0.333871082446,8.427067178
530,0.333871082446,8.547689334
540,0.333871082446,8.762757401
550,0.333871082446,8.946461863
560,0.333871082446,9.047338506
570,0.333871082446,9.286757695
580,0.333871082446,9.432136862
590,0.333871082446,9.528523966
600,0.333871082446,9.73141501
610,0.333871082446,9.948173295
620,0.333871082446,10.047751927
630,0.333871082446,10.337817411
640,0.333871082446,10.352002
650,0.333871082446,10.595865907
660,0.333871082446,10.834663618
670,0.333871082446,10.963305405
680,0.333871082446,11.097314923
690,0.333871082446,11.236816778
700,0.333871082446,11.427134265
710,0.333871082446,11.454946903
720,0.333871082446,11.668235344
730,0.333871082446,11.885632178
740,0.333871082446,12.097189303
750,0.333871082446,12.246465771
760,0.333871082446,12.37095737
770,0.333871082446,12.461346467
780,0.333871082446,12.488347824
790,0.333871082446,12.75741909
800,0.333871082446,12.784274358
810,0.333871082446,13.079161255
820,0.333871082446,13.222845483
830,0.300483974202,13.259403324
840,0.300483974202,13.496234985
850,0.300483974202,13.658834406
860,0.300483974202,13.894424646
870,0.300483974202,13.924131312
880,0.300483974202,14.112893436
890,0.300483974202,14.276996668
900,0.300483974202,14.361339538
910,0.300483974202,14.543086499
920,0.300483974202,14.566155952
930,0.333871082446,14.784848137
940,0.333871082446,14.939538561
950,0.300483974202,14.964678886
960,0.300483974202,15.25003921
970,0.300483974202,15.357088118
980,0.300483974202,15.522701775
990,0.300483974202,15.703971941
1000,0.300483974202,15.721810426
1010,0.300483974202,16.022228209
1020,0.333871082446,16.213620768
1030,0.300483974202,16.421244241
1040,0.300483974202,16.547302207
1050,0.300483974202,16.810852598
1060,0.300483974202,17.001088154
1070,0.300483974202,17.100707139
1080,0.300483974202,17.364589327
1090,0.300483974202,17.537480095
1100,0.300483974202,17.648334943
1110,0.300483974202,17.672317233
1120,0.300483974202,17.916483275
1130,0.333871082446,18.155711746
1140,0.300483974202,18.281470806
1150,0.300483974202,18.537152643
1160,0.300483974202,18.652736697
1170,0.300483974202,18.765716394
1180,0.300483974202,19.032295632
1190,0.300483974202,19.190799884
1200,0.300483974202,19.374106303
1210,0.300483974202,19.520342552
1220,0.300483974202,19.643992781
1230,0.300483974202,19.916893048
1240,0.300483974202,19.94680541
1250,0.300483974202,20.162434037
1260,0.333871082446,20.347311073
1270,0.333871082446,20.456956301
1280,0.333871082446,20.681343275
1290,0.333871082446,20.828825526
1300,0.333871082446,21.070642814
1310,0.333871082446,21.291218261
1320,0.333871082446,21.306341198
1330,0.333871082446,21.57862457
1340,0.333871082446,21.718529948
1350,0.333871082446,21.892384413
1360,0.333871082446,22.091206972
1370,0.333871082446,22.223431266
1380,0.333871082446,22.36527111
1390,0.333871082446,22.383041367
1400,0.375604967752,22.589219229
1410,0.375604967752,22.809085992
1420,0.375604967752,23.048197624
1430,0.375604967752,23.266618002
1440,0.375604967752,23.413612017
1450,0.375604967752,23.557547675
1460,0.375604967752,23.677488682
1470,0.375604967752,23.949839118
1480,0.375604967752,24.072426895
1490,0.375604967752,24.20787536
1500,0.375604967752,24.232711583
1510,0.375604967752,24.499171054
1520,0.375604967752,24.624404529
1530,0.375604967752,24.789174589
1540,0.375604967752,24.922266138
1550,0.375604967752,25.064180451
1560,0.375604967752,25.222995925
1570,0.375604967752,25.3088103
1580,0.375604967752,25.517538478
1590,0.375604967752,25.648478622
1600,0.375604967752,25.811545919
1610,0.375604967752,25.911160093
1620,0.375604967752,26.204029335
1630,0.375604967752,26.262664332
1640,0.375604967752,26.52619548
1650,0.375604967752,26.755713652
1660,0.375604967752,26.989387315
1670,0.375604967752,27.106862305
1680,0.375604967752,27.413781358
1690,0.375604967752,27.592098702
1700,0.375604967752,27.710924932
1710,0.375604967752,27.798106108
1720,0.375604967752,27.96387738
1730,0.375604967752,28.051214223
1740,0.375604967752,28.290378652
1750,0.429262820288,28.389681773
1760,0.429262820288,28.568468981
1770,0.375604967752,28.58922825
1780,0.375604967752,28.8131377
1790,0.375604967752,28.972207257
1800,0.375604967752,29.264644962
1810,0.375604967752,29.289919777
1820,0.375604967752,29.446649587
1830,0.375604967752,29.649813298
1840,0.375604967752,29.782258358
1850,0.375604967752,29.968900479
1860,0.375604967752,30.111497781
1870,0.375604967752,30.238701705
1880,0.375604967752,30.366061333
1890,0.429262820288,30.65180454
1900,0.429262820288,30.671219577
1910,0.429262820288,31.054411444
1920,0.429262820288,31.24744408
1930,0.429262820288,31.437774678
1940,0.429262820288,31.625298065
1950,0.429262820288,31.763094576
1960,0.429262820288,31.961477283
1970,0.429262820288,32.123211406
1980,0.429262820288,32.346240052
1990,0.429262820288,32.368626999
2000,0.429262820288,32.386330622
2010,0.429262820288,32.404024706
2020,0.429262820288,32.414559884
2030,0.429262820288,32.727679019
2040,0.429262820288,32.761531993
2050,0.429262820288,33.05498262
2060,0.429262820288,33.228539623
2070,0.429262820288,33.489090691
2080,0.429262820288,33.62909891
2090,0.429262820288,33.647841777
2100,0.429262820288,33.972507539
2110,0.429262820288,34.110951567
2120,0.429262820288,34.290667099
2130,0.429262820288,34.501630155
2140,0.429262820288,34.687346901
2150,0.429262820288,34.846482767
2160,0.429262820288,34.980525754
2170,0.429262820288,35.174987884
2180,0.429262820288,35.255339496
2190,0.429262820288,35.369171008
2200,0.429262820288,35.533946317
2210,0.429262820288,35.661022625
2220,0.429262820288,35.805945631
2230,0.429262820288,35.922628774
2240,0.429262820288,36.049699995
2250,0.429262820288,36.207668623
2260,0.429262820288,36.362130865
2270,0.429262820288,36.470336538
2280,0.429262820288,36.597625089
2290,0.429262820288,36.628637489
2300,0.429262820288,36.816968061
2310,0.429262820288,36.980207437
2320,0.429262820288,37.09526512
2330,0.500806623669,37.275764551
2340,0.500806623669,37.347696505
2350,0.500806623669,37.47310211
2360,0.500806623669,37.582823032
2370,0.500806623669,37.710559257
2380,0.500806623669,37.810400779
2390,0.500806623669,37.957436867
2400,0.500806623669,38.088049475
2410,0.500806623669,38.201715187
2420,0.500806623669,38.305475595
2430,0.500806623669,38.380068697
2440,0.500806623669,38.464476917
2450,0.500806623669,38.610739021
2460,0.500806623669,38.738936925
2470,0.500806623669,38.856056538
2480,0.500806623669,39.015864326
2490,0.500806623669,39.12505583
2500,0.500806623669,39.266357957
2510,0.500806623669,39.352882649
2520,0.500806623669,39.482279598
2530,0.500806623669,39.632046056
2540,0.500806623669,39.72846763
2550,0.500806623669,39.878735901
2560,0.500806623669,39.968469284
2570,0.500806623669,40.070805858
2580,0.500806623669,40.194829716
2590,0.500806623669,40.301308552
2600,0.500806623669,40.393878617
2610,0.500806623669,40.470474352
2620,0.500806623669,40.587593302
2630,0.500806623669,40.755428262
2640,0.500806623669,40.841037254
2650,0.500806623669,40.847008671
2660,0.500806623669,40.923445701
2670,0.500806623669,41.09486842
2680,0.500806623669,41.152002876
2690,0.500806623669,41.256326126
2700,0.500806623669,41.367878493
2710,0.500806623669,41.451273873
2720,0.500806623669,41.559105871
2730,0.500806623669,41.715787066
2740,0.500806623669,41.847324236
2750,0.500806623669,41.927332962
2760,0.500806623669,42.122099474
2770,0.500806623669,42.201568116
2780,0.500806623669,42.342778074
2790,0.500806623669,42.433705933
2800,0.500806623669,42.595726851
2810,0.500806623669,42.703227784
2820,0.500806623669,42.824782184
2830,0.500806623669,42.934626556
2840,0.500806623669,42.999522518
2850,0.500806623669,43.130029229
2860,0.500806623669,43.274913908
2870,0.500806623669,43.411603789
2880,0.500806623669,43.550861841
2890,0.500806623669,43.682289171
2900,0.500806623669,43.802695145
2910,0.500806623669,43.971063832
2920,0.500806623669,44.096719652
2930,0.500806623669,44.193117562
2940,0.500806623669,44.282787896
2950,0.500806623669,44.455135806
2960,0.500806623669,44.592710338
2970,0.500806623669,44.728833519
2980,0.500806623669,44.85345148
2990,0.500806623669,45.006052978
3000,0.500806623669,45.113743687
3010,0.500806623669,45.250187294
3020,0.500806623669,45.385209556
3030,0.500806623669,45.471603585
3040,0.500806623669,45.549733857
3050,0.500806623669,45.643712325
3060,0.500806623669,45.787868479
3070,0.500806623669,45.88447664
3080,0.500806623669,45.974567969
3090,0.500806623669,46.09686018
3100,0.500806623669,46.151372639
3110,0.500806623669,46.28586862
3120,0.500806623669,46.409551372
3130,0.500806623669,46.531691231
3140,0.500806623669,46.599228078
3150,0.500806623669,46.756655235
3160,0.500806623669,46.87538307
3170,0.500806623669,47.017475772
3180,0.500806623669,47.114239624
3190,0.500806623669,47.273103458
3200,0.500806623669,47.412640035
3210,0.500806623669,47.52910466
3220,0.500806623669,47.664045468
3230,0.500806623669,47.756851779
3240,0.500806623669,47.886309447
3250,0.500806623669,48.032033921
3260,0.500806623669,48.14420744
3270,0.500806623669,48.241939212
3280,0.500806623669,48.372377697
3290,0.500806623669,48.492973672
3300,0.500806623669,48.614713573
3310,0.500806623669,48.739206111
3320,0.500806623669,48.833360712
3330,0.500806623669,48.967389434
3340,0.500806623669,49.075728725
3350,0.500806623669,49.200398422
3360,0.500806623669,49.366882919
3370,0.500806623669,49.491424949
3380,0.500806623669,49.625248564
3390,0.500806623669,49.707740518
3400,0.500806623669,49.850582958
3410,0.500806623669,49.951468194
3420,0.500806623669,50.073901203
3430,0.500806623669,50.193162862
3440,0.500806623669,50.294080494
3450,0.500806623669,50.413026206
3460,0.500806623669,50.543924037
3470,0.500806623669,50.696039672
3480,0.500806623669,50.78936925
3490,0.500806623669,50.927740197
3500,0.500806623669,51.035207622
3510,0.500806623669,51.159951902
3520,0.500806623669,51.254002771
3530,0.500806623669,51.387892507
3540,0.500806623669,51.537571589
3550,0.500806623669,51.657097942
3560,0.500806623669,51.813079435
3570,0.500806623669,51.921648068
3580,0.500806623669,52.061318629
3590,0.500806623669,52.165635786
3600,0.500806623669,52.27060892
3610,0.500806623669,52.377739349
3620,0.500806623669,52.518802382
3630,0.500806623669,52.615415243
3640,0.500806623669,52.742404706
3650,0.500806623669,52.873124618
3660,0.500806623669,53.030907426
3670,0.500806623669,53.172047901
3680,0.500806623669,53.296800065
3690,0.500806623669,53.37396204
3700,0.500806623669,53.515897903
3710,0.500806623669,53.670869378
3720,0.500806623669,53.776200162
3730,0.500806623669,53.856764255
3740,0.500806623669,53.963829987
3750,0.500806623669,54.056847865
3760,0.500806623669,54.221884039
3770,0.500806623669,54.327704257
3780,0.500806623669,54.431882978
3790,0.500806623669,54.507934606
3800,0.500806623669,54.628588499
3810,0.500806623669,54.734838353
3820,0.500806623669,54.892964619
3830,0.500806623669,54.995500272
3840,0.500806623669,55.092609894
3850,0.500806623669,55.205308659
3860,0.500806623669,55.320183114
3870,0.500806623669,55.44890218
3880,0.500806623669,55.56162433
3890,0.500806623669,55.664428262
3900,0.500806623669,55.809377483
3910,0.500806623669,55.971127345
3920,0.500806623669,56.067036697
3930,0.500806623669,56.151087778
3940,0.500806623669,56.262244655
3950,0.500806623669,56.387519713
3960,0.500806623669,56.52536185
3970,0.500806623669,56.651998831
3980,0.500806623669,56.751482066
3990,0.500806623669,56.846279528
4000,0.500806623669,56.910734138
