iterations,fitness,time
0,0.138543079256,0.059406012
10,0.138543079256,0.299828092
20,0.145140368744,0.572815609
30,0.152397387182,0.809350658
40,0.169330430202,0.82367684
50,0.179291043743,0.837931765
60,0.169330430202,0.851586318
70,0.169330430202,0.927865987
80,0.169330430202,0.976343719
90,0.169330430202,1.275472957
100,0.179291043743,1.46133122
110,0.190496733977,1.684709762
120,0.190496733977,1.955095863
130,0.190496733977,2.12953765
140,0.179291043743,2.535661729
150,0.179291043743,2.779528092
160,0.179291043743,3.335368579
170,0.190496733977,3.483989687
180,0.190496733977,3.537435584
190,0.179291043743,3.936974423
200,0.190496733977,4.314780039
210,0.179291043743,4.818704746
220,0.203196516242,5.206760625
230,0.217710553116,5.529224415
240,0.234457518741,5.738416946
250,0.217710553116,5.899596571
260,0.234457518741,6.16340302
270,0.234457518741,6.421522591
280,0.234457518741,6.777627168
290,0.234457518741,7.072072386
300,0.234457518741,7.267453642
310,0.234457518741,7.566658926
320,0.234457518741,7.9762435
330,0.203196516242,8.259448096
340,0.217710553116,8.614451099
350,0.217710553116,8.911952877
360,0.234457518741,9.326836591
370,0.234457518741,9.591591941
380,0.217710553116,9.894971273
390,0.234457518741,10.258013729
400,0.234457518741,10.589857859
410,0.234457518741,10.690169634
420,0.234457518741,10.912583465
430,0.203196516242,11.065097863
440,0.203196516242,11.248715689
450,0.190496733977,11.638570239
460,0.203196516242,11.973671919
470,0.190496733977,12.282494432
480,0.203196516242,12.653624077
490,0.203196516242,13.02382568
500,0.190496733977,13.284037804
510,0.190496733977,13.487168184
520,0.217710553116,13.653626585
530,0.190496733977,13.953807991
540,0.190496733977,14.123324655
550,0.203196516242,14.321171891
560,0.217710553116,14.575268399
570,0.234457518741,14.910784997
580,0.217710553116,15.156192705
590,0.217710553116,15.428465594
600,0.217710553116,15.76283055
610,0.217710553116,15.88620433
620,0.203196516242,16.15213992
630,0.190496733977,16.487439189
640,0.217710553116,16.789625846
650,0.234457518741,17.059647034
660,0.234457518741,17.363244541
670,0.253995645303,17.692502142
680,0.277086158512,17.979305208
690,0.277086158512,18.348629016
700,0.277086158512,18.629873952
710,0.277086158512,18.774868069
720,0.253995645303,19.131457365
730,0.253995645303,19.380508468
740,0.304794774363,19.561244961
750,0.277086158512,19.901312585
760,0.253995645303,20.195690535
770,0.277086158512,20.605487694
780,0.277086158512,20.90354955
790,0.253995645303,21.301299567
800,0.253995645303,21.534734723
810,0.253995645303,21.922512061
820,0.217710553116,22.352046178
830,0.234457518741,22.530430222
840,0.234457518741,22.594488024
850,0.234457518741,22.795817673
860,0.253995645303,23.181284079
870,0.253995645303,23.323913558
880,0.234457518741,23.59677765
890,0.234457518741,23.922924493
900,0.253995645303,24.297595042
910,0.253995645303,24.585171185
920,0.253995645303,25.057589313
930,0.253995645303,25.320083921
940,0.253995645303,25.470612692
950,0.234457518741,25.761221913
960,0.217710553116,26.041751064
970,0.234457518741,26.332321632
980,0.234457518741,26.636563596
990,0.217710553116,27.023482651
1000,0.234457518741,27.283630459
1010,0.253995645303,27.420627438
1020,0.234457518741,27.747475067
1030,0.234457518741,28.12509974
1040,0.203196516242,28.3533757
1050,0.203196516242,28.559059992
1060,0.217710553116,28.876863493
1070,0.217710553116,29.207973623
1080,0.203196516242,29.551670714
1090,0.217710553116,29.888510895
1100,0.190496733977,30.151708758
1110,0.203196516242,30.350315792
1120,0.203196516242,30.668541799
1130,0.169330430202,30.778795141
1140,0.179291043743,31.074586313
1150,0.179291043743,31.385237721
1160,0.179291043743,31.616783377
1170,0.190496733977,31.894869308
1180,0.190496733977,32.159053773
1190,0.203196516242,32.393571009
1200,0.203196516242,32.587719134
1210,0.217710553116,32.910096178
1220,0.203196516242,33.252103644
1230,0.217710553116,33.62072512
1240,0.217710553116,33.949104545
1250,0.203196516242,34.259818677
1260,0.203196516242,34.589020545
1270,0.203196516242,35.020911803
1280,0.203196516242,35.053378868
1290,0.203196516242,35.330856406
1300,0.217710553116,35.837365136
1310,0.203196516242,36.268006578
1320,0.203196516242,36.56898064
1330,0.203196516242,37.011412364
1340,0.203196516242,37.40819136
1350,0.203196516242,37.719780217
1360,0.217710553116,38.02489967
1370,0.217710553116,38.323331635
1380,0.217710553116,38.642433073
1390,0.217710553116,38.846355975
1400,0.253995645303,39.139515746
1410,0.217710553116,39.447016814
1420,0.217710553116,39.550525217
1430,0.217710553116,39.963892265
1440,0.217710553116,40.276050976
1450,0.234457518741,40.543973134
1460,0.217710553116,40.789273165
1470,0.217710553116,41.134032056
1480,0.217710553116,41.443235991
1490,0.217710553116,41.782613807
1500,0.217710553116,42.132121776
1510,0.234457518741,42.502434008
1520,0.217710553116,42.858460694
1530,0.217710553116,43.164295061
1540,0.217710553116,43.302842489
1550,0.234457518741,43.634030264
1560,0.217710553116,43.86703801
1570,0.217710553116,44.120459478
1580,0.234457518741,44.195432948
1590,0.253995645303,44.426813801
1600,0.253995645303,44.568746349
1610,0.253995645303,44.777487906
1620,0.253995645303,44.889942065
1630,0.253995645303,45.04720464
1640,0.253995645303,45.281415857
1650,0.253995645303,45.459835664
1660,0.234457518741,45.795962345
1670,0.234457518741,46.104980395
1680,0.234457518741,46.269617247
1690,0.253995645303,46.659921051
1700,0.217710553116,46.938507016
1710,0.234457518741,47.212797301
1720,0.217710553116,47.699973679
1730,0.203196516242,48.123700454
1740,0.203196516242,48.461688997
1750,0.217710553116,48.810205612
1760,0.203196516242,49.206128241
1770,0.190496733977,49.512569843
1780,0.190496733977,49.89575289
1790,0.203196516242,50.228027218
1800,0.190496733977,50.524090898
1810,0.234457518741,50.856750227
1820,0.234457518741,51.088475855
1830,0.234457518741,51.493814644
1840,0.234457518741,51.662692621
1850,0.203196516242,52.083238021
1860,0.234457518741,52.383641238
1870,0.234457518741,52.656402042
1880,0.217710553116,52.938724138
1890,0.203196516242,53.159453258
1900,0.203196516242,53.520379994
1910,0.203196516242,53.769165071
1920,0.203196516242,53.924838353
1930,0.234457518741,54.061992603
1940,0.217710553116,54.47887517
1950,0.203196516242,54.730271076
1960,0.217710553116,55.114175078
1970,0.234457518741,55.414625847
1980,0.234457518741,55.792559715
1990,0.234457518741,56.276339469
2000,0.253995645303,56.471769047
2010,0.253995645303,56.911059664
2020,0.253995645303,57.20862156
2030,0.277086158512,57.474016269
2040,0.234457518741,57.758939088
2050,0.277086158512,58.134762141
2060,0.253995645303,58.516267502
2070,0.253995645303,58.855263933
2080,0.234457518741,59.005184891
2090,0.253995645303,59.297386178
2100,0.253995645303,59.591764534
2110,0.217710553116,59.9188075
2120,0.217710553116,60.299285748
2130,0.253995645303,60.598133244
2140,0.234457518741,60.890678316
2150,0.217710553116,61.157690168
2160,0.234457518741,61.40502814
2170,0.277086158512,61.585379229
2180,0.277086158512,61.825397034
2190,0.304794774363,62.117104455
2200,0.277086158512,62.285668356
2210,0.253995645303,62.429391439
2220,0.277086158512,62.729821086
2230,0.277086158512,62.94454624
2240,0.304794774363,63.111615379
2250,0.304794774363,63.285708
2260,0.277086158512,63.462154512
2270,0.277086158512,63.595971479
2280,0.304794774363,63.83915034
2290,0.304794774363,64.074980702
2300,0.304794774363,64.176876286
2310,0.304794774363,64.315051975
2320,0.304794774363,64.48872519
2330,0.304794774363,64.642023619
2340,0.304794774363,64.845327436
2350,0.304794774363,64.994512828
2360,0.304794774363,65.120096169
2370,0.304794774363,65.125602063
2380,0.304794774363,65.129908714
2390,0.304794774363,65.239775301
2400,0.338660860403,65.453164769
2410,0.304794774363,65.689791891
2420,0.338660860403,65.836750123
2430,0.338660860403,65.850672747
2440,0.338660860403,66.048628256
2450,0.338660860403,66.205249229
2460,0.380993467954,66.423317319
2470,0.338660860403,66.48401524
2480,0.338660860403,66.700620771
2490,0.338660860403,66.905660387
2500,0.338660860403,67.083972609
2510,0.338660860403,67.238185593
2520,0.338660860403,67.522597803
2530,0.304794774363,67.751030487
2540,0.304794774363,68.003262282
2550,0.304794774363,68.100311336
2560,0.338660860403,68.176748477
2570,0.338660860403,68.342278321
2580,0.338660860403,68.587468705
2590,0.304794774363,68.821485533
2600,0.277086158512,68.978988472
2610,0.277086158512,69.011644217
2620,0.277086158512,69.255758468
2630,0.277086158512,69.492653759
2640,0.277086158512,69.638759742
2650,0.277086158512,69.737935093
2660,0.277086158512,69.76049082
2670,0.277086158512,70.086830987
2680,0.304794774363,70.193589673
2690,0.338660860403,70.316537368
2700,0.338660860403,70.467673051
2710,0.380993467954,70.609572204
2720,0.338660860403,70.747983989
2730,0.338660860403,71.060412261
2740,0.338660860403,71.078333524
2750,0.338660860403,71.261182758
2760,0.338660860403,71.350089936
2770,0.338660860403,71.480416482
2780,0.338660860403,71.484259349
2790,0.304794774363,71.69375891
2800,0.338660860403,71.788282988
2810,0.304794774363,71.795392266
2820,0.304794774363,71.864016474
2830,0.304794774363,72.045284332
2840,0.304794774363,72.167247444
2850,0.304794774363,72.376982527
2860,0.338660860403,72.486080997
2870,0.338660860403,72.607935141
2880,0.338660860403,72.729532764
2890,0.338660860403,72.888795452
2900,0.338660860403,73.101919097
2910,0.338660860403,73.216997363
2920,0.338660860403,73.319997426
2930,0.338660860403,73.433424272
2940,0.338660860403,73.575654247
2950,0.338660860403,73.673584348
2960,0.338660860403,73.830591063
2970,0.338660860403,73.934364761
2980,0.304794774363,74.021672256
2990,0.253995645303,74.185540396
3000,0.253995645303,74.451370172
3010,0.253995645303,74.624435186
3020,0.277086158512,74.796853036
3030,0.253995645303,74.972727467
3040,0.277086158512,75.064173828
3050,0.253995645303,75.223873999
3060,0.234457518741,75.456055426
3070,0.253995645303,75.565050531
3080,0.234457518741,75.661692212
3090,0.253995645303,75.788847627
3100,0.253995645303,75.897593201
3110,0.253995645303,76.00769825
3120,0.234457518741,76.08441116
3130,0.234457518741,76.098827274
3140,0.234457518741,76.234535635
3150,0.217710553116,76.43098955
3160,0.217710553116,76.656641875
3170,0.217710553116,76.773640674
3180,0.234457518741,76.93055467
3190,0.234457518741,77.117935567
3200,0.253995645303,77.322089606
3210,0.253995645303,77.55127587
3220,0.253995645303,77.72323894
3230,0.253995645303,77.85956392
3240,0.253995645303,78.025264692
3250,0.253995645303,78.028994117
3260,0.253995645303,78.393199872
3270,0.277086158512,78.639843275
3280,0.253995645303,78.904876182
3290,0.253995645303,78.994205198
3300,0.253995645303,79.324166921
3310,0.277086158512,79.566568201
3320,0.277086158512,79.712728926
3330,0.277086158512,79.896805235
3340,0.277086158512,79.921849272
3350,0.277086158512,80.213428088
3360,0.277086158512,80.423029212
3370,0.277086158512,80.651643416
3380,0.277086158512,80.754370566
3390,0.277086158512,80.924216618
3400,0.277086158512,81.075407522
3410,0.253995645303,81.304014142
3420,0.277086158512,81.391652267
3430,0.277086158512,81.613442079
3440,0.253995645303,81.886505054
3450,0.253995645303,82.093209742
3460,0.253995645303,82.244131518
3470,0.277086158512,82.285660631
3480,0.234457518741,82.359501237
3490,0.217710553116,82.564312086
3500,0.217710553116,82.709412602
3510,0.217710553116,82.939466343
3520,0.217710553116,83.095913474
3530,0.217710553116,83.275505116
3540,0.217710553116,83.456329005
3550,0.217710553116,83.57869482
3560,0.203196516242,83.592459752
3570,0.217710553116,83.870081376
3580,0.203196516242,84.020844839
3590,0.253995645303,84.110867457
3600,0.253995645303,84.293274547
3610,0.253995645303,84.437823631
3620,0.253995645303,84.55698172
3630,0.253995645303,84.752079017
3640,0.253995645303,84.789789652
3650,0.253995645303,84.919585313
3660,0.253995645303,85.112124376
3670,0.253995645303,85.3178152
3680,0.253995645303,85.539410005
3690,0.253995645303,85.745524126
3700,0.253995645303,85.801745435
3710,0.253995645303,85.920566311
3720,0.253995645303,86.104075402
3730,0.234457518741,86.176356487
3740,0.253995645303,86.404224785
3750,0.234457518741,86.565837299
3760,0.234457518741,86.710366874
3770,0.234457518741,86.877552843
3780,0.234457518741,87.093163277
3790,0.234457518741,87.174932052
3800,0.234457518741,87.231986443
3810,0.217710553116,87.357760773
3820,0.190496733977,87.470562403
3830,0.203196516242,87.603005175
3840,0.203196516242,87.79858455
3850,0.190496733977,87.879724038
3860,0.179291043743,87.886883711
3870,0.179291043743,88.12882816
3880,0.190496733977,88.187463877
3890,0.190496733977,88.336781162
3900,0.190496733977,88.343091896
3910,0.179291043743,88.509832562
3920,0.190496733977,88.622128475
3930,0.169330430202,88.747496961
3940,0.169330430202,88.828415225
3950,0.160418302296,89.067568151
3960,0.179291043743,89.130407485
3970,0.190496733977,89.214308446
3980,0.179291043743,89.279002833
3990,0.190496733977,89.282066349
4000,0.190496733977,89.350844333
