iterations,fitness,time
0,0.152397387182,0.066174626
10,0.152397387182,0.301330993
20,0.160418302296,0.510614308
30,0.169330430202,0.889236615
40,0.169330430202,1.149869958
50,0.169330430202,1.181159491
60,0.179291043743,1.464965305
70,0.203196516242,1.666479632
80,0.179291043743,2.009970075
90,0.190496733977,2.280633958
100,0.169330430202,2.566494368
110,0.190496733977,2.916698545
120,0.190496733977,2.94918495
130,0.190496733977,2.966131701
140,0.179291043743,3.514716608
150,0.179291043743,3.787919497
160,0.190496733977,4.059256408
170,0.169330430202,4.227369977
180,0.169330430202,4.505734405
190,0.169330430202,4.887666715
200,0.169330430202,5.183195205
210,0.160418302296,5.475479697
220,0.169330430202,5.692002751
230,0.179291043743,6.087912432
240,0.160418302296,6.310631952
250,0.169330430202,6.501646955
260,0.179291043743,6.81492068
270,0.179291043743,6.886123599
280,0.169330430202,6.960791952
290,0.179291043743,7.274365575
300,0.179291043743,7.694490064
310,0.203196516242,7.981081632
320,0.203196516242,8.407262695
330,0.203196516242,8.777813385
340,0.203196516242,9.213023008
350,0.203196516242,9.50724685
360,0.217710553116,9.690320126
370,0.217710553116,10.140691552
380,0.217710553116,10.347755645
390,0.217710553116,10.615815816
400,0.203196516242,10.954586503
410,0.203196516242,11.212417514
420,0.217710553116,11.445032314
430,0.217710553116,11.73464799
440,0.234457518741,11.919044621
450,0.234457518741,12.378793276
460,0.234457518741,12.756046442
470,0.234457518741,13.138186844
480,0.253995645303,13.365196056
490,0.253995645303,13.774567669
500,0.253995645303,14.086149037
510,0.234457518741,14.100533401
520,0.234457518741,14.602962806
530,0.277086158512,14.640514223
540,0.253995645303,14.669684723
550,0.234457518741,15.034441575
560,0.234457518741,15.207056749
570,0.234457518741,15.536474082
580,0.234457518741,15.676604706
590,0.234457518741,15.833095735
600,0.234457518741,16.144214258
610,0.217710553116,16.463445401
620,0.217710553116,16.791537837
630,0.217710553116,17.150744516
640,0.234457518741,17.453815259
650,0.253995645303,17.725669087
660,0.253995645303,18.054882798
670,0.253995645303,18.36812421
680,0.234457518741,18.595177991
690,0.234457518741,18.823496031
700,0.234457518741,19.025408471
710,0.234457518741,19.286232776
720,0.234457518741,19.649462806
730,0.253995645303,19.965227293
740,0.253995645303,20.282907255
750,0.253995645303,20.583241445
760,0.253995645303,20.797024126
770,0.253995645303,21.168121352
780,0.277086158512,21.453678272
790,0.277086158512,21.770011577
800,0.253995645303,22.101877644
810,0.253995645303,22.424109693
820,0.277086158512,22.758069275
830,0.277086158512,23.112099784
840,0.277086158512,23.435948913
850,0.304794774363,23.743026437
860,0.304794774363,24.052647483
870,0.304794774363,24.347000525
880,0.304794774363,24.558835396
890,0.338660860403,25.076507921
900,0.338660860403,25.536932148
910,0.304794774363,25.859969136
920,0.304794774363,26.13839749
930,0.338660860403,26.530218162
940,0.338660860403,26.78688389
950,0.338660860403,26.982004944
960,0.338660860403,27.024512213
970,0.338660860403,27.581048796
980,0.338660860403,27.769777457
990,0.338660860403,27.991488432
1000,0.338660860403,28.326675577
1010,0.304794774363,28.534126398
1020,0.304794774363,28.893146782
1030,0.304794774363,29.222239065
1040,0.304794774363,29.489673988
1050,0.304794774363,29.724622396
1060,0.304794774363,30.094681953
1070,0.338660860403,30.234313853
1080,0.304794774363,30.408534225
1090,0.338660860403,30.67258478
1100,0.304794774363,30.894815577
1110,0.304794774363,31.210032787
1120,0.304794774363,31.381974702
1130,0.304794774363,31.696190512
1140,0.277086158512,32.01770065
1150,0.277086158512,32.315970343
1160,0.277086158512,32.677062722
1170,0.277086158512,33.005051504
1180,0.277086158512,33.345945087
1190,0.304794774363,33.596030101
1200,0.304794774363,33.962479922
1210,0.277086158512,34.368002953
1220,0.277086158512,34.749171222
1230,0.277086158512,35.182290388
1240,0.277086158512,35.563188976
1250,0.277086158512,35.880528416
1260,0.277086158512,36.367129707
1270,0.277086158512,36.65127525
1280,0.277086158512,36.970445297
1290,0.277086158512,37.269181108
1300,0.277086158512,37.54656677
1310,0.277086158512,37.956136578
1320,0.277086158512,38.22256108
1330,0.304794774363,38.434953403
1340,0.304794774363,38.764982444
1350,0.338660860403,39.127466688
1360,0.338660860403,39.438588102
1370,0.338660860403,39.712002401
1380,0.338660860403,40.067655464
1390,0.338660860403,40.473752366
1400,0.338660860403,40.670207216
1410,0.338660860403,40.91851531
1420,0.338660860403,41.16345056
1430,0.338660860403,41.430208344
1440,0.338660860403,41.831486902
1450,0.338660860403,42.207051296
1460,0.338660860403,42.596975548
1470,0.338660860403,42.864980275
1480,0.380993467954,43.21475728
1490,0.380993467954,43.627922166
1500,0.380993467954,43.820341032
1510,0.380993467954,44.15654218
1520,0.380993467954,44.353130834
1530,0.380993467954,44.743805056
1540,0.380993467954,45.09306856
1550,0.380993467954,45.246235597
1560,0.380993467954,45.366641271
1570,0.380993467954,45.71603514
1580,0.380993467954,46.059246465
1590,0.380993467954,46.4302878
1600,0.380993467954,46.731664843
1610,0.380993467954,47.013143298
1620,0.380993467954,47.373229972
1630,0.380993467954,47.704855733
1640,0.435421106233,48.073469423
1650,0.435421106233,48.469078713
1660,0.435421106233,48.696383285
1670,0.435421106233,49.069102879
1680,0.507991290605,49.212865334
1690,0.507991290605,49.488859193
1700,0.507991290605,49.735079353
1710,0.507991290605,49.984701337
1720,0.507991290605,50.416128059
1730,0.507991290605,50.755175971
1740,0.507991290605,51.067873732
1750,0.507991290605,51.444253358
1760,0.507991290605,51.813187596
1770,0.507991290605,52.11559254
1780,0.507991290605,52.443528565
1790,0.507991290605,52.65950624
1800,0.435421106233,52.971264044
1810,0.435421106233,53.21562433
1820,0.435421106233,53.614812197
1830,0.435421106233,53.966749277
1840,0.435421106233,54.228863824
1850,0.435421106233,54.457993066
1860,0.435421106233,54.638516029
1870,0.435421106233,54.838433773
1880,0.435421106233,55.134295269
1890,0.435421106233,55.347751906
1900,0.435421106233,55.574585317
1910,0.435421106233,55.899370095
1920,0.435421106233,56.181065533
1930,0.435421106233,56.399641296
1940,0.435421106233,56.671756577
1950,0.435421106233,56.84401272
1960,0.435421106233,57.011128184
1970,0.435421106233,57.477354085
1980,0.380993467954,57.709396883
1990,0.338660860403,57.94046003
2000,0.338660860403,58.343118893
2010,0.338660860403,58.67780467
2020,0.338660860403,59.012953333
2030,0.338660860403,59.30098217
2040,0.338660860403,59.612036049
2050,0.338660860403,59.73804711
2060,0.338660860403,60.108371594
2070,0.338660860403,60.405294472
2080,0.338660860403,60.643356599
2090,0.338660860403,60.949989376
2100,0.338660860403,61.066603343
2110,0.304794774363,61.242935726
2120,0.304794774363,61.530754356
2130,0.338660860403,61.80760072
2140,0.338660860403,61.995159142
2150,0.338660860403,62.215329392
2160,0.338660860403,62.437918103
2170,0.338660860403,62.739331897
2180,0.338660860403,62.908402046
2190,0.338660860403,63.088235617
2200,0.338660860403,63.111967711
2210,0.304794774363,63.127409033
2220,0.304794774363,63.316210632
2230,0.338660860403,63.537819188
2240,0.304794774363,63.595865067
2250,0.304794774363,63.762165712
2260,0.304794774363,63.909504065
2270,0.304794774363,64.084691647
2280,0.304794774363,64.235567609
2290,0.304794774363,64.474911826
2300,0.304794774363,64.655671473
2310,0.304794774363,64.723322402
2320,0.304794774363,64.84483734
2330,0.304794774363,65.05375693
2340,0.304794774363,65.20384062
2350,0.338660860403,65.317700696
2360,0.338660860403,65.464644219
2370,0.338660860403,65.767869604
2380,0.338660860403,65.826624949
2390,0.338660860403,65.833393961
2400,0.338660860403,66.039712833
2410,0.338660860403,66.243174973
2420,0.304794774363,66.451174055
2430,0.338660860403,66.664096033
2440,0.304794774363,66.825151662
2450,0.304794774363,66.832155622
2460,0.304794774363,66.946165429
2470,0.304794774363,67.010354296
2480,0.304794774363,67.202905994
2490,0.304794774363,67.417165939
2500,0.304794774363,67.662967227
2510,0.304794774363,67.693652875
2520,0.338660860403,67.882020939
2530,0.338660860403,68.076677429
2540,0.338660860403,68.291595622
2550,0.338660860403,68.376663235
2560,0.304794774363,68.486294836
2570,0.304794774363,68.663082395
2580,0.304794774363,68.929923269
2590,0.338660860403,69.05498246
2600,0.304794774363,69.15520811
2610,0.304794774363,69.427048498
2620,0.304794774363,69.631615208
2630,0.338660860403,69.82828672
2640,0.338660860403,70.07582521
2650,0.338660860403,70.293021226
2660,0.338660860403,70.51959402
2670,0.338660860403,70.541190081
2680,0.338660860403,70.854381265
2690,0.338660860403,70.958843575
2700,0.338660860403,71.119292257
2710,0.338660860403,71.132045933
2720,0.338660860403,71.195685636
2730,0.338660860403,71.426539562
2740,0.338660860403,71.630489233
2750,0.338660860403,71.826745407
2760,0.338660860403,71.940445585
2770,0.338660860403,72.007515179
2780,0.338660860403,72.129779679
2790,0.338660860403,72.336036598
2800,0.338660860403,72.571808747
2810,0.338660860403,72.750947795
2820,0.380993467954,72.970808596
2830,0.380993467954,73.215211668
2840,0.380993467954,73.3531531
2850,0.380993467954,73.504198485
2860,0.435421106233,73.688756153
2870,0.380993467954,73.946986398
2880,0.380993467954,74.121795731
2890,0.380993467954,74.214149088
2900,0.380993467954,74.46188235
2910,0.380993467954,74.605498248
2920,0.380993467954,74.734270444
2930,0.380993467954,74.912962661
2940,0.380993467954,75.059596459
2950,0.380993467954,75.181071146
2960,0.380993467954,75.423227704
2970,0.380993467954,75.646851951
2980,0.380993467954,75.914675486
2990,0.380993467954,76.039688598
3000,0.380993467954,76.248608875
3010,0.380993467954,76.303424564
3020,0.380993467954,76.456439012
3030,0.380993467954,76.692958435
3040,0.380993467954,76.846596428
3050,0.380993467954,77.013348528
3060,0.380993467954,77.200625581
3070,0.380993467954,77.41505798
3080,0.380993467954,77.581261596
3090,0.380993467954,77.650535135
3100,0.380993467954,77.936452322
3110,0.380993467954,78.095956596
3120,0.380993467954,78.172168675
3130,0.380993467954,78.365342947
3140,0.380993467954,78.487204473
3150,0.380993467954,78.659210407
3160,0.380993467954,78.824129894
3170,0.380993467954,79.0225701
3180,0.380993467954,79.186637237
3190,0.380993467954,79.191540884
3200,0.435421106233,79.305256221
3210,0.435421106233,79.384255988
3220,0.435421106233,79.597978422
3230,0.435421106233,79.772522818
3240,0.435421106233,79.98508645
3250,0.435421106233,80.1995825
3260,0.435421106233,80.482805773
3270,0.435421106233,80.550195661
3280,0.435421106233,80.805524448
3290,0.435421106233,80.999866949
3300,0.435421106233,81.296607874
3310,0.435421106233,81.566455629
3320,0.435421106233,81.707532123
3330,0.435421106233,81.791523757
3340,0.435421106233,82.002909403
3350,0.435421106233,82.22488807
3360,0.435421106233,82.376963212
3370,0.507991290605,82.559838979
3380,0.507991290605,82.799479041
3390,0.507991290605,82.956935402
3400,0.507991290605,83.126646662
3410,0.507991290605,83.179875452
3420,0.507991290605,83.349238169
3430,0.507991290605,83.546386027
3440,0.507991290605,83.663318587
3450,0.507991290605,83.914746152
3460,0.507991290605,84.095378179
3470,0.507991290605,84.378709745
3480,0.507991290605,84.626927337
3490,0.507991290605,84.675928008
3500,0.507991290605,84.929031717
3510,0.507991290605,85.181946996
3520,0.507991290605,85.321038456
3530,0.507991290605,85.531202566
3540,0.507991290605,85.724448691
3550,0.507991290605,85.899388389
3560,0.507991290605,86.11153879
3570,0.507991290605,86.33280069
3580,0.507991290605,86.498198017
3590,0.507991290605,86.701709246
3600,0.507991290605,86.793438217
3610,0.507991290605,86.887153389
3620,0.507991290605,87.089538251
3630,0.507991290605,87.27791538
3640,0.507991290605,87.532012945
3650,0.507991290605,87.698645393
3660,0.507991290605,87.761268331
3670,0.507991290605,88.025439001
3680,0.507991290605,88.119389628
3690,0.507991290605,88.299134651
3700,0.507991290605,88.387340717
3710,0.507991290605,88.639659934
3720,0.507991290605,88.71006385
3730,0.507991290605,88.837818837
3740,0.507991290605,88.95348968
3750,0.507991290605,89.013579548
3760,0.609589548726,89.112195591
3770,0.507991290605,89.185633841
3780,0.507991290605,89.234891116
3790,0.507991290605,89.253460547
3800,0.507991290605,89.331576656
3810,0.507991290605,89.378273307
3820,0.507991290605,89.448157038
3830,0.507991290605,89.532500009
3840,0.609589548726,89.620502977
3850,0.507991290605,89.728952062
3860,0.507991290605,89.779455127
3870,0.507991290605,89.840014572
3880,0.507991290605,89.885429595
3890,0.507991290605,89.962843776
3900,0.507991290605,90.001850099
3910,0.507991290605,90.076723294
3920,0.507991290605,90.107119468
3930,0.507991290605,90.16140188
3940,0.507991290605,90.19951533
3950,0.507991290605,90.252560899
3960,0.507991290605,90.273594593
3970,0.507991290605,90.433400044
3980,0.507991290605,90.511576393
3990,0.507991290605,90.521361561
4000,0.507991290605,90.61148371
