iterations,fitness,time
0,0.158149460106,0.027242211
10,0.166935541223,0.146996682
20,0.158149460106,0.220235359
30,0.158149460106,0.26639966
40,0.166935541223,0.485851805
50,0.166935541223,0.591799227
60,0.166935541223,0.820387663
70,0.166935541223,0.882275789
80,0.166935541223,1.046855357
90,0.187802483876,1.203528974
100,0.200322649468,1.297331071
110,0.214631410144,1.414943767
120,0.231141518617,1.577550331
130,0.200322649468,1.735694564
140,0.214631410144,1.971423588
150,0.231141518617,2.119091981
160,0.231141518617,2.27380258
170,0.250403311835,2.46588256
180,0.231141518617,2.625619589
190,0.231141518617,2.722989471
200,0.250403311835,2.904843743
210,0.231141518617,3.022888483
220,0.273167249274,3.158082952
230,0.231141518617,3.276381505
240,0.231141518617,3.488523778
250,0.250403311835,3.693391665
260,0.231141518617,3.874263892
270,0.214631410144,4.036438921
280,0.200322649468,4.276222704
290,0.214631410144,4.455883575
300,0.214631410144,4.664295997
310,0.214631410144,4.903502388
320,0.214631410144,4.991542251
330,0.231141518617,5.256772283
340,0.231141518617,5.30582996
350,0.214631410144,5.455016202
360,0.214631410144,5.602335957
370,0.214631410144,5.865931519
380,0.214631410144,5.988897745
390,0.200322649468,6.293436636
400,0.200322649468,6.4526732
410,0.214631410144,6.614898809
420,0.231141518617,6.752401639
430,0.231141518617,6.889897938
440,0.231141518617,7.129170338
450,0.250403311835,7.348775791
460,0.273167249274,7.563630884
470,0.273167249274,7.71609166
480,0.300483974202,7.964388703
490,0.300483974202,8.07980046
500,0.300483974202,8.253691463
510,0.300483974202,8.435396398
520,0.300483974202,8.544917099
530,0.300483974202,8.747761441
540,0.333871082446,8.948259821
550,0.333871082446,9.159072922
560,0.300483974202,9.287142899
570,0.300483974202,9.483228084
580,0.333871082446,9.61445531
590,0.333871082446,9.810162375
600,0.333871082446,9.83225819
610,0.333871082446,10.068369864
620,0.333871082446,10.191916098
630,0.375604967752,10.451749022
640,0.375604967752,10.52352868
650,0.375604967752,10.786654047
660,0.375604967752,10.882796846
670,0.375604967752,11.047403812
680,0.375604967752,11.19461128
690,0.429262820288,11.31291609
700,0.375604967752,11.558953629
710,0.375604967752,11.619644424
720,0.375604967752,11.644063011
730,0.375604967752,11.75105464
740,0.375604967752,11.796662312
750,0.375604967752,12.032807302
760,0.375604967752,12.173729128
770,0.375604967752,12.188830784
780,0.375604967752,12.370032298
790,0.375604967752,12.617184428
800,0.375604967752,12.687467505
810,0.375604967752,12.810166066
820,0.375604967752,12.898828354
830,0.375604967752,13.041930632
840,0.375604967752,13.100908018
850,0.375604967752,13.259076483
860,0.375604967752,13.529578292
870,0.375604967752,13.550574704
880,0.375604967752,13.777845019
890,0.375604967752,13.929366305
900,0.375604967752,14.059586548
910,0.375604967752,14.312628676
920,0.375604967752,14.454551387
930,0.375604967752,14.718651297
940,0.375604967752,14.871075485
950,0.375604967752,15.103061416
960,0.375604967752,15.286122289
970,0.375604967752,15.51459774
980,0.375604967752,15.630764079
990,0.375604967752,15.860226214
1000,0.375604967752,16.070431035
1010,0.375604967752,16.261704558
1020,0.375604967752,16.288773673
1030,0.375604967752,16.493184398
1040,0.375604967752,16.696577623
1050,0.375604967752,16.790438156
1060,0.375604967752,16.956525417
1070,0.375604967752,16.982433513
1080,0.375604967752,17.366230863
1090,0.375604967752,17.55304559
1100,0.375604967752,17.680447412
1110,0.375604967752,17.825477358
1120,0.375604967752,18.065042285
1130,0.333871082446,18.213916503
1140,0.375604967752,18.435808434
1150,0.333871082446,18.608741745
1160,0.333871082446,18.731312748
1170,0.333871082446,18.755977426
1180,0.333871082446,19.166902478
1190,0.333871082446,19.293536398
1200,0.333871082446,19.54173875
1210,0.333871082446,19.694392853
1220,0.333871082446,19.854111037
1230,0.300483974202,20.088208748
1240,0.300483974202,20.277629579
1250,0.300483974202,20.399763519
1260,0.300483974202,20.612391952
1270,0.300483974202,20.706251087
1280,0.300483974202,20.869655608
1290,0.300483974202,21.040667282
1300,0.300483974202,21.230278355
1310,0.300483974202,21.443945484
1320,0.300483974202,21.724834269
1330,0.300483974202,21.820276559
1340,0.333871082446,22.055204708
1350,0.333871082446,22.217998506
1360,0.333871082446,22.367070072
1370,0.333871082446,22.535273652
1380,0.333871082446,22.680353515
1390,0.333871082446,22.812767244
1400,0.333871082446,22.952822658
1410,0.333871082446,23.209191163
1420,0.375604967752,23.301510714
1430,0.375604967752,23.474959947
1440,0.375604967752,23.584295992
1450,0.375604967752,23.804705218
1460,0.375604967752,23.985345109
1470,0.375604967752,24.194953838
1480,0.375604967752,24.369291286
1490,0.375604967752,24.489197905
1500,0.333871082446,24.713893824
1510,0.333871082446,24.921636578
1520,0.333871082446,25.127265847
1530,0.333871082446,25.203832602
1540,0.333871082446,25.340520433
1550,0.333871082446,25.506528626
1560,0.333871082446,25.803178272
1570,0.333871082446,25.979033672
1580,0.333871082446,26.204139046
1590,0.333871082446,26.313142643
1600,0.333871082446,26.333309061
1610,0.333871082446,26.545300642
1620,0.375604967752,26.749658959
1630,0.375604967752,26.884203151
1640,0.333871082446,27.06480678
1650,0.333871082446,27.08935303
1660,0.333871082446,27.36302496
1670,0.333871082446,27.505104473
1680,0.333871082446,27.736194416
1690,0.375604967752,27.890611319
1700,0.375604967752,28.061528521
1710,0.375604967752,28.138529881
1720,0.375604967752,28.379505806
1730,0.375604967752,28.403414084
1740,0.375604967752,28.652662838
1750,0.375604967752,28.872123927
1760,0.375604967752,28.969952584
1770,0.375604967752,29.10896233
1780,0.375604967752,29.2429407
1790,0.375604967752,29.50969443
1800,0.375604967752,29.660685957
1810,0.375604967752,29.906109155
1820,0.375604967752,30.214320201
1830,0.375604967752,30.355084768
1840,0.375604967752,30.48911637
1850,0.375604967752,30.725732195
1860,0.375604967752,30.821553343
1870,0.375604967752,30.965763875
1880,0.375604967752,31.124455537
1890,0.375604967752,31.515113908
1900,0.375604967752,31.63322311
1910,0.375604967752,31.735832943
1920,0.375604967752,32.013873442
1930,0.333871082446,32.320743296
1940,0.333871082446,32.441413182
1950,0.333871082446,32.46812728
1960,0.333871082446,32.860622668
1970,0.333871082446,32.996970984
1980,0.333871082446,33.266178834
1990,0.333871082446,33.287991255
2000,0.333871082446,33.497701228
2010,0.375604967752,33.644053353
2020,0.375604967752,33.833734455
2030,0.429262820288,34.010846038
2040,0.429262820288,34.064563646
2050,0.429262820288,34.208965905
2060,0.429262820288,34.316537817
2070,0.429262820288,34.455398014
2080,0.429262820288,34.560503496
2090,0.429262820288,34.645105935
2100,0.429262820288,34.767259257
2110,0.429262820288,34.858839529
2120,0.429262820288,35.008350212
2130,0.429262820288,35.106561373
2140,0.429262820288,35.283739647
2150,0.429262820288,35.345687123
2160,0.429262820288,35.5294403
2170,0.429262820288,35.682716755
2180,0.429262820288,35.760601489
2190,0.429262820288,35.941533114
2200,0.429262820288,36.055241101
2210,0.429262820288,36.117883022
2220,0.429262820288,36.293595652
2230,0.429262820288,36.343496594
2240,0.429262820288,36.501766161
2250,0.429262820288,36.615634196
2260,0.429262820288,36.769579678
2270,0.429262820288,36.951837546
2280,0.429262820288,37.081840935
2290,0.429262820288,37.16079398
2300,0.429262820288,37.333475298
2310,0.429262820288,37.380984649
2320,0.429262820288,37.40067409
2330,0.429262820288,37.550705412
2340,0.429262820288,37.6335077
2350,0.429262820288,37.716211888
2360,0.429262820288,37.769027094
2370,0.429262820288,37.839653937
2380,0.429262820288,37.964355696
2390,0.429262820288,38.10353831
2400,0.429262820288,38.266057129
2410,0.429262820288,38.402730414
2420,0.500806623669,38.462984919
2430,0.500806623669,38.578143187
2440,0.500806623669,38.685490806
2450,0.500806623669,38.786060585
2460,0.500806623669,38.936821019
2470,0.500806623669,39.066105639
2480,0.500806623669,39.189931645
2490,0.500806623669,39.332058053
2500,0.500806623669,39.432630654
2510,0.500806623669,39.592487691
2520,0.500806623669,39.694289751
2530,0.500806623669,39.912177322
2540,0.500806623669,40.022146622
2550,0.500806623669,40.180985745
2560,0.500806623669,40.234794073
2570,0.500806623669,40.310388611
2580,0.500806623669,40.527247867
2590,0.500806623669,40.644387267
2600,0.500806623669,40.757051378
2610,0.500806623669,40.940380849
2620,0.500806623669,41.044266458
2630,0.500806623669,41.14007344
2640,0.500806623669,41.296096089
2650,0.500806623669,41.393841158
2660,0.500806623669,41.468588988
2670,0.500806623669,41.539215421
2680,0.500806623669,41.624989252
2690,0.500806623669,41.627365616
2700,0.500806623669,41.762030159
2710,0.500806623669,41.891256153
2720,0.500806623669,41.96879416
2730,0.500806623669,41.976935786
2740,0.500806623669,42.108965023
2750,0.500806623669,42.285848032
2760,0.500806623669,42.374866934
2770,0.500806623669,42.480659157
2780,0.500806623669,42.625285496
2790,0.500806623669,42.766819906
2800,0.500806623669,42.902193362
2810,0.500806623669,42.957337229
2820,0.500806623669,42.961005839
2830,0.500806623669,43.086046066
2840,0.500806623669,43.174170023
2850,0.500806623669,43.364493953
2860,0.500806623669,43.495998412
2870,0.500806623669,43.552441791
2880,0.500806623669,43.650467831
2890,0.500806623669,43.787464703
2900,0.500806623669,43.941465633
2910,0.500806623669,44.033440092
2920,0.500806623669,44.097689272
2930,0.500806623669,44.217423893
2940,0.500806623669,44.302536973
2950,0.500806623669,44.43215327
2960,0.500806623669,44.588625535
2970,0.500806623669,44.687231613
2980,0.500806623669,44.835044319
2990,0.500806623669,44.928060333
3000,0.500806623669,45.07336174
3010,0.500806623669,45.173279092
3020,0.500806623669,45.290326108
3030,0.500806623669,45.426616694
3040,0.500806623669,45.527749245
3050,0.500806623669,45.630595271
3060,0.500806623669,45.788273264
3070,0.500806623669,45.904549248
3080,0.500806623669,46.03613351
3090,0.500806623669,46.203484082
3100,0.500806623669,46.305491691
3110,0.500806623669,46.461186812
3120,0.500806623669,46.595278612
3130,0.500806623669,46.708757398
3140,0.500806623669,46.799717998
3150,0.500806623669,46.899210495
3160,0.500806623669,47.041282883
3170,0.500806623669,47.154007237
3180,0.500806623669,47.253065139
3190,0.500806623669,47.361500659
3200,0.500806623669,47.523457364
3210,0.500806623669,47.65147297
3220,0.500806623669,47.77350341
3230,0.500806623669,47.919361464
3240,0.500806623669,48.018100562
3250,0.500806623669,48.173725774
3260,0.500806623669,48.279466201
3270,0.500806623669,48.356104243
3280,0.500806623669,48.513011289
3290,0.500806623669,48.636369556
3300,0.500806623669,48.733083518
3310,0.500806623669,48.898485609
3320,0.500806623669,49.037856498
3330,0.500806623669,49.154921573
3340,0.500806623669,49.323795887
3350,0.500806623669,49.451074652
3360,0.500806623669,49.595155698
3370,0.500806623669,49.663761879
3380,0.500806623669,49.852100057
3390,0.500806623669,49.954012717
3400,0.500806623669,50.13494001
3410,0.500806623669,50.251451449
3420,0.500806623669,50.327037965
3430,0.500806623669,50.451628652
3440,0.500806623669,50.574549517
3450,0.500806623669,50.747864997
3460,0.500806623669,50.877021242
3470,0.500806623669,50.992799691
3480,0.500806623669,51.121013212
3490,0.500806623669,51.239063475
3500,0.500806623669,51.366710819
3510,0.500806623669,51.544515997
3520,0.500806623669,51.629103727
3530,0.500806623669,51.772783433
3540,0.500806623669,51.89918453
3550,0.500806623669,52.026238154
3560,0.500806623669,52.157141003
3570,0.500806623669,52.293448163
3580,0.500806623669,52.414824812
3590,0.500806623669,52.585495268
3600,0.500806623669,52.700796529
3610,0.500806623669,52.802870754
3620,0.500806623669,52.943215974
3630,0.500806623669,52.991524229
3640,0.500806623669,53.165723393
3650,0.500806623669,53.310339074
3660,0.500806623669,53.434183548
3670,0.500806623669,53.594869129
3680,0.500806623669,53.697720884
3690,0.500806623669,53.805626319
3700,0.500806623669,53.940841732
3710,0.500806623669,54.073408218
3720,0.500806623669,54.178120465
3730,0.500806623669,54.324063438
3740,0.500806623669,54.420018019
3750,0.600967948403,54.542429833
3760,0.600967948403,54.675346121
3770,0.600967948403,54.827436847
3780,0.600967948403,54.903461845
3790,0.600967948403,55.004290114
3800,0.600967948403,55.121761135
3810,0.600967948403,55.24136315
3820,0.600967948403,55.344633846
3830,0.600967948403,55.453579873
3840,0.600967948403,55.511985632
3850,0.600967948403,55.586561127
3860,0.600967948403,55.683661158
3870,0.600967948403,55.761719012
3880,0.600967948403,55.837956503
3890,0.600967948403,55.912438922
3900,0.600967948403,55.988078313
3910,0.600967948403,56.070715374
3920,0.600967948403,56.164773713
3930,0.600967948403,56.224257407
3940,0.600967948403,56.311655333
3950,0.600967948403,56.384031927
3960,0.600967948403,56.445928242
3970,0.600967948403,56.518251454
3980,0.600967948403,56.568763223
3990,0.600967948403,56.632479512
4000,0.600967948403,56.677811411
