iterations,fitness,time
0,0.150241987101,0.026115715
10,0.166935541223,0.162432916
20,0.166935541223,0.412383085
30,0.176755278942,0.637205378
40,0.166935541223,0.856780239
50,0.166935541223,1.066046395
60,0.176755278942,1.297695514
70,0.176755278942,1.600517606
80,0.176755278942,1.799016007
90,0.176755278942,1.999513357
100,0.187802483876,2.247573099
110,0.187802483876,2.513104044
120,0.200322649468,2.708750194
130,0.200322649468,3.102538887
140,0.200322649468,3.297396988
150,0.200322649468,3.56466209
160,0.176755278942,3.724880474
170,0.187802483876,3.918639151
180,0.187802483876,4.276762267
190,0.187802483876,4.489713857
200,0.187802483876,4.651383724
210,0.187802483876,4.688795818
220,0.187802483876,4.725300209
230,0.214631410144,4.877287267
240,0.214631410144,5.01796415
250,0.214631410144,5.259493182
260,0.231141518617,5.468257405
270,0.214631410144,5.545346303
280,0.214631410144,5.842434821
290,0.231141518617,6.099238338
300,0.231141518617,6.315384426
310,0.231141518617,6.515699771
320,0.250403311835,6.950278652
330,0.231141518617,7.038758052
340,0.250403311835,7.368763531
350,0.250403311835,7.628282485
360,0.300483974202,7.855498329
370,0.273167249274,8.053424467
380,0.273167249274,8.317073727
390,0.273167249274,8.526324291
400,0.273167249274,8.85000623
410,0.273167249274,9.067123523
420,0.273167249274,9.291598851
430,0.273167249274,9.641306678
440,0.273167249274,9.888283325
450,0.273167249274,10.14302546
460,0.300483974202,10.275948738
470,0.273167249274,10.57010032
480,0.300483974202,10.88087965
490,0.300483974202,11.024988657
500,0.300483974202,11.354952515
510,0.300483974202,11.663162748
520,0.273167249274,11.788954631
530,0.300483974202,11.94540563
540,0.300483974202,12.142181792
550,0.333871082446,12.405377447
560,0.333871082446,12.43760234
570,0.333871082446,12.774848834
580,0.333871082446,13.041615896
590,0.333871082446,13.200951332
600,0.333871082446,13.469914929
610,0.375604967752,13.67204554
620,0.375604967752,13.819383813
630,0.375604967752,14.128710725
640,0.375604967752,14.32468951
650,0.375604967752,14.487605228
660,0.375604967752,14.70387948
670,0.375604967752,14.980993749
680,0.375604967752,15.342981644
690,0.375604967752,15.630111702
700,0.375604967752,15.816271452
710,0.375604967752,16.075886422
720,0.375604967752,16.330228553
730,0.375604967752,16.589159014
740,0.375604967752,16.806069729
750,0.375604967752,17.13761065
760,0.375604967752,17.38271644
770,0.375604967752,17.489442495
780,0.375604967752,17.707220254
790,0.375604967752,18.022362036
800,0.375604967752,18.183458556
810,0.375604967752,18.475185657
820,0.375604967752,18.7444818
830,0.375604967752,18.971873404
840,0.375604967752,19.301593408
850,0.375604967752,19.614777682
860,0.375604967752,19.792040062
870,0.375604967752,20.148052123
880,0.375604967752,20.403079968
890,0.375604967752,20.658171497
900,0.375604967752,20.943717583
910,0.375604967752,21.132365393
920,0.375604967752,21.323756128
930,0.375604967752,21.482756275
940,0.375604967752,21.762473718
950,0.375604967752,21.955891867
960,0.375604967752,22.233787247
970,0.375604967752,22.557169511
980,0.375604967752,22.771258507
990,0.375604967752,23.016193062
1000,0.375604967752,23.237641333
1010,0.375604967752,23.519348682
1020,0.375604967752,23.88596272
1030,0.375604967752,24.182789998
1040,0.375604967752,24.417211532
1050,0.375604967752,24.613714157
1060,0.375604967752,24.861953529
1070,0.375604967752,25.138695955
1080,0.375604967752,25.393910943
1090,0.333871082446,25.689976744
1100,0.333871082446,25.946904702
1110,0.333871082446,26.243581447
1120,0.375604967752,26.490964795
1130,0.375604967752,26.827389051
1140,0.375604967752,26.972439934
1150,0.375604967752,27.11851054
1160,0.375604967752,27.285926098
1170,0.375604967752,27.615905554
1180,0.375604967752,27.804271722
1190,0.375604967752,28.056505121
1200,0.333871082446,28.283009682
1210,0.333871082446,28.597592722
1220,0.333871082446,28.763723605
1230,0.333871082446,29.011358299
1240,0.333871082446,29.281919768
1250,0.333871082446,29.42502666
1260,0.333871082446,29.732500279
1270,0.333871082446,29.988325054
1280,0.333871082446,30.279057179
1290,0.333871082446,30.555680944
1300,0.333871082446,30.70649329
1310,0.333871082446,31.127640603
1320,0.333871082446,31.266163681
1330,0.375604967752,31.586550804
1340,0.333871082446,31.841091659
1350,0.333871082446,32.102245226
1360,0.333871082446,32.533128553
1370,0.333871082446,32.819280875
1380,0.333871082446,33.052520231
1390,0.333871082446,33.362249312
1400,0.333871082446,33.584338577
1410,0.333871082446,33.828342851
1420,0.333871082446,33.889623712
1430,0.333871082446,34.011542168
1440,0.333871082446,34.138653402
1450,0.333871082446,34.425401807
1460,0.333871082446,34.680320535
1470,0.333871082446,34.845144384
1480,0.333871082446,34.966445907
1490,0.333871082446,35.205445644
1500,0.333871082446,35.28287572
1510,0.333871082446,35.494428419
1520,0.333871082446,35.718177309
1530,0.333871082446,35.814958989
1540,0.375604967752,36.029342657
1550,0.375604967752,36.21241258
1560,0.375604967752,36.383287836
1570,0.333871082446,36.629895335
1580,0.333871082446,36.729922238
1590,0.333871082446,36.895205903
1600,0.333871082446,37.035305289
1610,0.333871082446,37.124187189
1620,0.333871082446,37.341958585
1630,0.333871082446,37.578919802
1640,0.333871082446,37.737822773
1650,0.333871082446,37.91822965
1660,0.333871082446,38.137813697
1670,0.333871082446,38.317711491
1680,0.333871082446,38.4446647
1690,0.333871082446,38.677439205
1700,0.333871082446,38.923944842
1710,0.333871082446,39.092341202
1720,0.375604967752,39.280818458
1730,0.333871082446,39.46802216
1740,0.333871082446,39.6084119
1750,0.333871082446,39.801543671
1760,0.333871082446,39.976992701
1770,0.333871082446,40.173598833
1780,0.333871082446,40.385312608
1790,0.333871082446,40.533601929
1800,0.333871082446,40.740611296
1810,0.375604967752,40.942259827
1820,0.375604967752,41.129770412
1830,0.375604967752,41.24857943
1840,0.375604967752,41.344799661
1850,0.375604967752,41.524253473
1860,0.375604967752,41.738878699
1870,0.375604967752,41.978627453
1880,0.375604967752,42.141701906
1890,0.375604967752,42.331087042
1900,0.375604967752,42.527566882
1910,0.375604967752,42.749734159
1920,0.375604967752,42.911317315
1930,0.375604967752,43.122171505
1940,0.375604967752,43.289681137
1950,0.375604967752,43.523041954
1960,0.375604967752,43.710108281
1970,0.375604967752,43.841140736
1980,0.375604967752,43.946977363
1990,0.375604967752,44.11267991
2000,0.375604967752,44.251563541
2010,0.375604967752,44.464984337
2020,0.375604967752,44.625670023
2030,0.375604967752,44.738489062
2040,0.375604967752,44.962328956
2050,0.375604967752,45.107769302
2060,0.375604967752,45.245463214
2070,0.375604967752,45.350489371
2080,0.375604967752,45.608288987
2090,0.375604967752,45.776921244
2100,0.375604967752,45.909921098
2110,0.375604967752,46.07094288
2120,0.375604967752,46.288006466
2130,0.375604967752,46.471793105
2140,0.375604967752,46.62916836
2150,0.429262820288,46.831409785
2160,0.429262820288,46.975513362
2170,0.429262820288,47.178127857
2180,0.429262820288,47.329645629
2190,0.429262820288,47.513804305
2200,0.429262820288,47.677841912
2210,0.429262820288,47.863357471
2220,0.429262820288,48.044908675
2230,0.429262820288,48.190495114
2240,0.429262820288,48.432180739
2250,0.429262820288,48.619721202
2260,0.429262820288,48.744586423
2270,0.429262820288,48.900977767
2280,0.429262820288,49.031552716
2290,0.429262820288,49.20547086
2300,0.429262820288,49.347468255
2310,0.429262820288,49.557801728
2320,0.429262820288,49.728876474
2330,0.429262820288,49.891931142
2340,0.429262820288,50.037274292
2350,0.429262820288,50.221846006
2360,0.429262820288,50.395631726
2370,0.429262820288,50.555299489
2380,0.429262820288,50.744824824
2390,0.429262820288,50.945914278
2400,0.429262820288,51.124585748
2410,0.429262820288,51.342858935
2420,0.429262820288,51.501625912
2430,0.429262820288,51.690061289
2440,0.429262820288,51.905477904
2450,0.429262820288,52.083547831
2460,0.429262820288,52.268170097
2470,0.429262820288,52.429734024
2480,0.429262820288,52.633398288
2490,0.429262820288,52.81969243
2500,0.429262820288,53.008417875
2510,0.429262820288,53.214734389
2520,0.429262820288,53.39546757
2530,0.429262820288,53.616016079
2540,0.429262820288,53.77815585
2550,0.429262820288,53.976670051
2560,0.429262820288,54.145236411
2570,0.429262820288,54.355936832
2580,0.429262820288,54.545520826
2590,0.429262820288,54.744351977
2600,0.429262820288,54.871142513
2610,0.429262820288,55.149255602
2620,0.429262820288,55.331602013
2630,0.429262820288,55.508352271
2640,0.429262820288,55.706132689
2650,0.429262820288,55.859429983
2660,0.429262820288,56.006061788
2670,0.429262820288,56.241297944
2680,0.429262820288,56.406563104
2690,0.429262820288,56.594765201
2700,0.429262820288,56.739100207
2710,0.429262820288,56.860502397
2720,0.429262820288,56.978353585
2730,0.429262820288,57.153012663
2740,0.429262820288,57.198949713
2750,0.429262820288,57.346394799
2760,0.429262820288,57.427721432
2770,0.429262820288,57.547083686
2780,0.429262820288,57.607657838
2790,0.429262820288,57.728502561
2800,0.429262820288,57.801571342
2810,0.429262820288,57.90065754
2820,0.429262820288,57.968410611
2830,0.429262820288,58.031943518
2840,0.429262820288,58.120735914
2850,0.429262820288,58.209411451
2860,0.429262820288,58.279416805
2870,0.429262820288,58.358221232
2880,0.429262820288,58.459341478
2890,0.429262820288,58.568565808
2900,0.429262820288,58.653410035
2910,0.429262820288,58.730246876
2920,0.429262820288,58.79858334
2930,0.429262820288,58.873877723
2940,0.429262820288,58.978825035
2950,0.429262820288,59.04794324
2960,0.429262820288,59.136037392
2970,0.429262820288,59.180269758
2980,0.429262820288,59.304193648
2990,0.429262820288,59.385455455
3000,0.429262820288,59.460265764
3010,0.429262820288,59.535714457
3020,0.429262820288,59.624551999
3030,0.429262820288,59.71562204
3040,0.429262820288,59.81336868
3050,0.429262820288,59.921401857
3060,0.429262820288,59.984027665
3070,0.429262820288,60.092996279
3080,0.429262820288,60.171784297
3090,0.429262820288,60.219450776
3100,0.429262820288,60.317427626
3110,0.429262820288,60.430060907
3120,0.429262820288,60.471309727
3130,0.429262820288,60.584834656
3140,0.429262820288,60.665087529
3150,0.429262820288,60.775215516
3160,0.429262820288,60.852196024
3170,0.429262820288,60.946842036
3180,0.429262820288,61.000381878
3190,0.429262820288,61.116575875
3200,0.429262820288,61.218648725
3210,0.429262820288,61.296150115
3220,0.429262820288,61.392499542
3230,0.429262820288,61.469661561
3240,0.429262820288,61.558191133
3250,0.429262820288,61.627167649
3260,0.429262820288,61.734669849
3270,0.429262820288,61.831907885
3280,0.429262820288,61.921027549
3290,0.429262820288,62.001598449
3300,0.429262820288,62.10373454
3310,0.429262820288,62.197238375
3320,0.429262820288,62.279645659
3330,0.429262820288,62.375071547
3340,0.429262820288,62.472314356
3350,0.429262820288,62.545814109
3360,0.429262820288,62.612719531
3370,0.429262820288,62.726995397
3380,0.429262820288,62.788074581
3390,0.429262820288,62.871231405
3400,0.429262820288,62.997758399
3410,0.429262820288,63.076051367
3420,0.429262820288,63.17366879
3430,0.429262820288,63.273775628
3440,0.429262820288,63.351485467
3450,0.429262820288,63.410808735
3460,0.429262820288,63.525343471
3470,0.429262820288,63.603231225
3480,0.429262820288,63.726540725
3490,0.429262820288,63.806950184
3500,0.429262820288,63.915572368
3510,0.429262820288,63.989921871
3520,0.429262820288,64.098023054
3530,0.429262820288,64.18766078
3540,0.429262820288,64.279089937
3550,0.429262820288,64.363268335
3560,0.429262820288,64.429712097
3570,0.429262820288,64.525274866
3580,0.429262820288,64.598656667
3590,0.429262820288,64.696523038
3600,0.429262820288,64.797108096
3610,0.429262820288,64.885403858
3620,0.429262820288,64.985304334
3630,0.429262820288,65.077242799
3640,0.429262820288,65.164799891
3650,0.429262820288,65.231479443
3660,0.429262820288,65.31012743
3670,0.429262820288,65.423655969
3680,0.429262820288,65.508778363
3690,0.429262820288,65.562074603
3700,0.429262820288,65.66052572
3710,0.429262820288,65.744681793
3720,0.429262820288,65.844220697
3730,0.429262820288,65.962077918
3740,0.429262820288,66.053035051
3750,0.429262820288,66.179026753
3760,0.429262820288,66.262328005
3770,0.429262820288,66.348108994
3780,0.429262820288,66.443094362
3790,0.429262820288,66.513283772
3800,0.429262820288,66.623267336
3810,0.429262820288,66.699089356
3820,0.429262820288,66.773386937
3830,0.429262820288,66.843968779
3840,0.429262820288,66.904007694
3850,0.429262820288,66.998366644
3860,0.429262820288,67.065178173
3870,0.429262820288,67.152437351
3880,0.429262820288,67.225219174
3890,0.429262820288,67.286757128
3900,0.429262820288,67.384238838
3910,0.429262820288,67.426642332
3920,0.500806623669,67.46830697
3930,0.429262820288,67.503604906
3940,0.429262820288,67.540004447
3950,0.429262820288,67.573857941
3960,0.500806623669,67.60420602
3970,0.500806623669,67.617537944
3980,0.500806623669,67.630157825
3990,0.500806623669,67.643620343
4000,0.500806623669,67.650662549
