iterations,fitness,time
0,0.0475688681152,0.010130135
10,0.0525761173905,0.024076427
20,0.0554970128011,0.039228647
30,0.0525761173905,0.065169062
40,0.0554970128011,0.094354356
50,0.0554970128011,0.110933984
60,0.0554970128011,0.137954307
70,0.0587615429658,0.15241368
80,0.0587615429658,0.1642173
90,0.0587615429658,0.179044587
100,0.0624341394012,0.195651476
110,0.0665964153613,0.208776583
120,0.0713533021728,0.214877998
130,0.0713533021728,0.247974608
140,0.0713533021728,0.259713439
150,0.0665964153613,0.285958936
160,0.0713533021728,0.29429512
170,0.0713533021728,0.306605024
180,0.0768420177246,0.313528424
190,0.0713533021728,0.319642038
200,0.0713533021728,0.330844078
210,0.0768420177246,0.344465703
220,0.0768420177246,0.358256876
230,0.0768420177246,0.377602881
240,0.0768420177246,0.379646326
250,0.0768420177246,0.383027087
260,0.0832455192016,0.383795294
270,0.0768420177246,0.390416344
280,0.0768420177246,0.40668457
290,0.0768420177246,0.410363496
300,0.0768420177246,0.416433384
310,0.0832455192016,0.442373464
320,0.0832455192016,0.455034022
330,0.0832455192016,0.464234583
340,0.0768420177246,0.475389817
350,0.0768420177246,0.493637889
360,0.0832455192016,0.495306378
370,0.0832455192016,0.500742621
380,0.0908132936745,0.519894587
390,0.0908132936745,0.533278156
400,0.0832455192016,0.540933384
410,0.0908132936745,0.552568717
420,0.0998946230419,0.561276587
430,0.124868278802,0.570120113
440,0.110994025602,0.587998719
450,0.0998946230419,0.615454352
460,0.110994025602,0.623446682
470,0.0998946230419,0.628552065
480,0.0998946230419,0.642207832
490,0.110994025602,0.647347801
500,0.110994025602,0.668979984
510,0.110994025602,0.689381028
520,0.110994025602,0.707728532
530,0.110994025602,0.724711041
540,0.110994025602,0.731432087
550,0.110994025602,0.735116199
560,0.110994025602,0.761903501
570,0.124868278802,0.780547337
580,0.124868278802,0.785567011
590,0.124868278802,0.791711169
600,0.124868278802,0.797162627
610,0.124868278802,0.822428995
620,0.124868278802,0.850537411
630,0.124868278802,0.873946952
640,0.124868278802,0.886099226
650,0.124868278802,0.904221761
660,0.124868278802,0.917893542
670,0.124868278802,0.946028536
680,0.124868278802,0.962857097
690,0.124868278802,0.985840875
700,0.124868278802,0.997329523
710,0.124868278802,1.003183387
720,0.124868278802,1.021311345
730,0.124868278802,1.026881341
740,0.124868278802,1.054053651
750,0.124868278802,1.067857195
760,0.124868278802,1.079598238
770,0.124868278802,1.091962167
780,0.124868278802,1.105634335
790,0.124868278802,1.119263876
800,0.124868278802,1.127148626
810,0.124868278802,1.155121523
820,0.124868278802,1.183132525
830,0.124868278802,1.213799852
840,0.124868278802,1.225102548
850,0.124868278802,1.252704016
860,0.124868278802,1.272964009
870,0.124868278802,1.292349177
880,0.124868278802,1.309628645
890,0.124868278802,1.328483501
900,0.124868278802,1.35527683
910,0.124868278802,1.368179765
920,0.124868278802,1.385146983
930,0.124868278802,1.413650613
940,0.124868278802,1.437131005
950,0.124868278802,1.451760048
960,0.124868278802,1.481410466
970,0.124868278802,1.504428196
980,0.124868278802,1.513321886
990,0.124868278802,1.528360292
1000,0.124868278802,1.546873978
1010,0.124868278802,1.551861842
1020,0.124868278802,1.571849016
1030,0.124868278802,1.582467997
1040,0.124868278802,1.59176643
1050,0.124868278802,1.609030728
1060,0.124868278802,1.626912207
1070,0.124868278802,1.651090576
1080,0.124868278802,1.670946036
1090,0.124868278802,1.693777414
1100,0.124868278802,1.711663224
1110,0.124868278802,1.72602713
1120,0.124868278802,1.735893002
1130,0.124868278802,1.753544757
1140,0.124868278802,1.772148241
1150,0.124868278802,1.793092893
1160,0.124868278802,1.806109817
1170,0.124868278802,1.838006592
1180,0.124868278802,1.867501464
1190,0.124868278802,1.888301615
1200,0.124868278802,1.915755212
1210,0.124868278802,1.931513449
1220,0.124868278802,1.94663224
1230,0.110994025602,1.961179586
1240,0.110994025602,1.976945712
1250,0.124868278802,2.012183041
1260,0.110994025602,2.017384965
1270,0.110994025602,2.021505889
1280,0.110994025602,2.033124078
1290,0.110994025602,2.053106444
1300,0.110994025602,2.064647649
1310,0.110994025602,2.08530539
1320,0.110994025602,2.096758241
1330,0.110994025602,2.110164967
1340,0.110994025602,2.127815679
1350,0.110994025602,2.146392625
1360,0.110994025602,2.163965504
1370,0.110994025602,2.177811964
1380,0.110994025602,2.217610712
1390,0.110994025602,2.233879244
1400,0.110994025602,2.2449391
1410,0.124868278802,2.263718226
1420,0.110994025602,2.290600163
1430,0.124868278802,2.309731922
1440,0.110994025602,2.329304107
1450,0.142706604346,2.35489449
1460,0.142706604346,2.365179821
1470,0.142706604346,2.3816371
1480,0.142706604346,2.40188139
1490,0.142706604346,2.420992547
1500,0.142706604346,2.447679784
1510,0.166491038403,2.472486636
1520,0.166491038403,2.493513424
1530,0.166491038403,2.506804226
1540,0.166491038403,2.525020527
1550,0.166491038403,2.538172948
1560,0.166491038403,2.546382668
1570,0.166491038403,2.575074286
1580,0.166491038403,2.598951494
1590,0.166491038403,2.609951925
1600,0.166491038403,2.633889964
1610,0.166491038403,2.645272165
1620,0.166491038403,2.658994146
1630,0.166491038403,2.679686359
1640,0.166491038403,2.696020348
1650,0.166491038403,2.713853322
1660,0.166491038403,2.740257254
1670,0.199789246084,2.756944267
1680,0.166491038403,2.774450122
1690,0.166491038403,2.792070542
1700,0.166491038403,2.807318858
1710,0.166491038403,2.826397234
1720,0.166491038403,2.854296699
1730,0.166491038403,2.859682654
1740,0.166491038403,2.871923729
1750,0.166491038403,2.89572656
1760,0.166491038403,2.907515582
1770,0.199789246084,2.932075633
1780,0.166491038403,2.942290294
1790,0.166491038403,2.962753401
1800,0.166491038403,2.989919817
1810,0.166491038403,3.008184367
1820,0.166491038403,3.036634694
1830,0.166491038403,3.056824067
1840,0.166491038403,3.07340841
1850,0.166491038403,3.091249487
1860,0.166491038403,3.118169755
1870,0.166491038403,3.134229172
1880,0.166491038403,3.151671171
1890,0.166491038403,3.160122912
1900,0.166491038403,3.168339798
1910,0.166491038403,3.190219964
1920,0.166491038403,3.208969716
1930,0.166491038403,3.227894027
1940,0.166491038403,3.244834548
1950,0.166491038403,3.261133946
1960,0.166491038403,3.281713741
1970,0.166491038403,3.301219689
1980,0.166491038403,3.323231731
1990,0.166491038403,3.343617954
2000,0.166491038403,3.367859609
2010,0.166491038403,3.385699473
2020,0.166491038403,3.39987033
2030,0.166491038403,3.423172199
2040,0.166491038403,3.445424026
2050,0.166491038403,3.461577254
2060,0.166491038403,3.472092836
2070,0.166491038403,3.494693683
2080,0.166491038403,3.517333205
2090,0.166491038403,3.538278151
2100,0.166491038403,3.550908528
2110,0.166491038403,3.580443366
2120,0.166491038403,3.586202812
2130,0.166491038403,3.601859054
2140,0.166491038403,3.607527667
2150,0.166491038403,3.631478319
2160,0.199789246084,3.637546922
2170,0.166491038403,3.65448929
2180,0.166491038403,3.668044885
2190,0.166491038403,3.692386933
2200,0.166491038403,3.70986421
2210,0.166491038403,3.734034091
2220,0.166491038403,3.747521452
2230,0.166491038403,3.766225509
2240,0.166491038403,3.784850069
2250,0.166491038403,3.790363667
2260,0.199789246084,3.804797512
2270,0.199789246084,3.813248424
2280,0.249736557605,3.819900448
2290,0.249736557605,3.848213184
2300,0.249736557605,3.861134097
2310,0.249736557605,3.86894297
2320,0.249736557605,3.885877107
2330,0.249736557605,3.9151047
2340,0.249736557605,3.92846138
2350,0.249736557605,3.934869855
2360,0.249736557605,3.947758863
2370,0.249736557605,3.973931817
2380,0.249736557605,3.989037494
2390,0.249736557605,4.014885438
2400,0.249736557605,4.033163555
2410,0.249736557605,4.052386311
2420,0.249736557605,4.0643636
2430,0.249736557605,4.071651431
2440,0.249736557605,4.085112
2450,0.249736557605,4.103737494
2460,0.249736557605,4.125773241
2470,0.249736557605,4.162467002
2480,0.249736557605,4.185973381
2490,0.249736557605,4.199465084
2500,0.249736557605,4.20730988
2510,0.249736557605,4.233410787
2520,0.249736557605,4.258847877
2530,0.249736557605,4.280906829
2540,0.249736557605,4.293518329
2550,0.249736557605,4.316048322
2560,0.249736557605,4.330304519
2570,0.249736557605,4.337328375
2580,0.249736557605,4.357556803
2590,0.249736557605,4.377744582
2600,0.249736557605,4.400694841
2610,0.249736557605,4.432238868
2620,0.249736557605,4.447983754
2630,0.249736557605,4.46683927
2640,0.249736557605,4.478203897
2650,0.249736557605,4.493243755
2660,0.249736557605,4.523519432
2670,0.249736557605,4.5436533
2680,0.249736557605,4.561076143
2690,0.249736557605,4.583129384
2700,0.249736557605,4.598484603
2710,0.249736557605,4.626835889
2720,0.249736557605,4.647248583
2730,0.249736557605,4.660109645
2740,0.249736557605,4.685287069
2750,0.249736557605,4.700569726
2760,0.249736557605,4.711719167
2770,0.249736557605,4.728290446
2780,0.249736557605,4.74873651
2790,0.249736557605,4.759065812
2800,0.249736557605,4.775078085
2810,0.249736557605,4.78503644
2820,0.249736557605,4.7940273
2830,0.249736557605,4.798956359
2840,0.249736557605,4.805657448
2850,0.249736557605,4.83600836
2860,0.249736557605,4.851540148
2870,0.249736557605,4.880935587
2880,0.249736557605,4.895362391
2890,0.249736557605,4.90678513
2900,0.249736557605,4.918268479
2910,0.249736557605,4.927693161
2920,0.249736557605,4.937048225
2930,0.249736557605,4.938190934
2940,0.249736557605,4.942438891
2950,0.249736557605,4.999298683
2960,0.249736557605,5.00515532
2970,0.249736557605,5.02236782
2980,0.249736557605,5.038904808
2990,0.249736557605,5.060600072
3000,0.249736557605,5.080073912
3010,0.249736557605,5.098077604
3020,0.249736557605,5.118328522
3030,0.249736557605,5.137319951
3040,0.249736557605,5.147419288
3050,0.249736557605,5.175352195
3060,0.249736557605,5.19340536
3070,0.249736557605,5.210866891
3080,0.249736557605,5.238879612
3090,0.249736557605,5.255347463
3100,0.249736557605,5.260421175
3110,0.249736557605,5.281071095
3120,0.249736557605,5.301748811
3130,0.249736557605,5.3133508
3140,0.249736557605,5.346392705
3150,0.249736557605,5.372244901
3160,0.249736557605,5.379701721
3170,0.249736557605,5.389950474
3180,0.249736557605,5.428623799
3190,0.249736557605,5.446644473
3200,0.249736557605,5.469566707
3210,0.249736557605,5.477141268
3220,0.249736557605,5.495332666
3230,0.249736557605,5.507008318
3240,0.249736557605,5.530179065
3250,0.249736557605,5.550761209
3260,0.249736557605,5.569133956
3270,0.249736557605,5.598939287
3280,0.249736557605,5.616001218
3290,0.249736557605,5.62734678
3300,0.249736557605,5.654347687
3310,0.249736557605,5.677653053
3320,0.249736557605,5.689606404
3330,0.249736557605,5.709191154
3340,0.249736557605,5.732694109
3350,0.249736557605,5.761063295
3360,0.249736557605,5.789127506
3370,0.249736557605,5.805975007
3380,0.249736557605,5.82292155
3390,0.249736557605,5.844252696
3400,0.249736557605,5.85331523
3410,0.249736557605,5.867009635
3420,0.249736557605,5.885185559
3430,0.249736557605,5.916422209
3440,0.249736557605,5.933064143
3450,0.249736557605,5.961349927
3460,0.249736557605,5.97041653
3470,0.249736557605,5.9746891
3480,0.249736557605,5.994904514
3490,0.249736557605,6.012739329
3500,0.249736557605,6.032396506
3510,0.249736557605,6.047539749
3520,0.249736557605,6.081106885
3530,0.249736557605,6.095884305
3540,0.249736557605,6.109524236
3550,0.249736557605,6.134189643
3560,0.249736557605,6.148710264
3570,0.249736557605,6.162496983
3580,0.249736557605,6.180831493
3590,0.249736557605,6.190837201
3600,0.249736557605,6.21112712
3610,0.249736557605,6.241876111
3620,0.249736557605,6.264410698
3630,0.249736557605,6.28483671
3640,0.249736557605,6.314338086
3650,0.249736557605,6.333604409
3660,0.249736557605,6.350718792
3670,0.249736557605,6.360884615
3680,0.249736557605,6.372925479
3690,0.249736557605,6.394905286
3700,0.249736557605,6.419630374
3710,0.249736557605,6.434388768
3720,0.249736557605,6.461707386
3730,0.249736557605,6.484744412
3740,0.249736557605,6.501674717
3750,0.249736557605,6.510903676
3760,0.249736557605,6.529011018
3770,0.249736557605,6.544037101
3780,0.249736557605,6.555544309
3790,0.249736557605,6.581451106
3800,0.249736557605,6.604763098
3810,0.249736557605,6.624775003
3820,0.249736557605,6.644218519
3830,0.249736557605,6.665038948
3840,0.249736557605,6.699639803
3850,0.249736557605,6.707776599
3860,0.249736557605,6.727979591
3870,0.249736557605,6.7482524
3880,0.249736557605,6.771198371
3890,0.249736557605,6.790264675
3900,0.249736557605,6.799283666
3910,0.249736557605,6.81846566
3920,0.249736557605,6.828666306
3930,0.249736557605,6.849445481
3940,0.249736557605,6.876874073
3950,0.249736557605,6.897779445
3960,0.249736557605,6.916140674
3970,0.249736557605,6.937675024
3980,0.249736557605,6.971394908
3990,0.249736557605,6.995600559
4000,0.249736557605,7.011287886
4010,0.249736557605,7.035079968
4020,0.249736557605,7.048590516
4030,0.249736557605,7.070578542
4040,0.249736557605,7.089122221
4050,0.249736557605,7.114254496
4060,0.249736557605,7.124034197
4070,0.249736557605,7.146528394
4080,0.249736557605,7.160145019
4090,0.249736557605,7.176763688
4100,0.249736557605,7.191498247
4110,0.249736557605,7.214862764
4120,0.249736557605,7.231817891
4130,0.249736557605,7.247526249
4140,0.249736557605,7.267415844
4150,0.249736557605,7.277771875
4160,0.249736557605,7.307987773
4170,0.249736557605,7.324597439
4180,0.249736557605,7.355866398
4190,0.249736557605,7.372299541
4200,0.249736557605,7.386951212
4210,0.249736557605,7.404417223
4220,0.249736557605,7.429439719
4230,0.249736557605,7.451324359
4240,0.249736557605,7.468509122
4250,0.249736557605,7.481567735
4260,0.249736557605,7.501845897
4270,0.249736557605,7.516205555
4280,0.249736557605,7.538911023
4290,0.249736557605,7.548451212
4300,0.249736557605,7.569970188
4310,0.249736557605,7.585364394
4320,0.249736557605,7.595408867
4330,0.249736557605,7.610354792
4340,0.249736557605,7.627126435
4350,0.249736557605,7.641253213
4360,0.249736557605,7.671857968
4370,0.249736557605,7.689332789
4380,0.249736557605,7.71189536
4390,0.249736557605,7.738004344
4400,0.249736557605,7.75733768
4410,0.249736557605,7.776275192
4420,0.249736557605,7.793521804
4430,0.249736557605,7.812307168
4440,0.249736557605,7.829525956
4450,0.249736557605,7.84910095
4460,0.249736557605,7.870296818
4470,0.249736557605,7.896110399
4480,0.249736557605,7.915249991
4490,0.249736557605,7.938469639
4500,0.249736557605,7.968163573
4510,0.249736557605,7.99084289
4520,0.249736557605,8.006635274
4530,0.249736557605,8.032155909
4540,0.249736557605,8.056070188
4550,0.249736557605,8.070326692
4560,0.249736557605,8.087931125
4570,0.249736557605,8.111531935
4580,0.249736557605,8.129637473
4590,0.249736557605,8.16286126
4600,0.249736557605,8.179844421
4610,0.249736557605,8.201781065
4620,0.249736557605,8.215193685
4630,0.249736557605,8.241729986
4640,0.249736557605,8.259762917
4650,0.249736557605,8.274630965
4660,0.249736557605,8.296054266
4670,0.249736557605,8.321208519
4680,0.249736557605,8.339402407
4690,0.249736557605,8.361242911
4700,0.249736557605,8.378063112
4710,0.249736557605,8.394604206
4720,0.249736557605,8.418893245
4730,0.249736557605,8.433670512
4740,0.249736557605,8.450506469
4750,0.249736557605,8.469207168
4760,0.249736557605,8.490858928
4770,0.249736557605,8.509305665
4780,0.249736557605,8.538942792
4790,0.249736557605,8.565797908
4800,0.249736557605,8.588782472
4810,0.249736557605,8.595416925
4820,0.249736557605,8.619992698
4830,0.249736557605,8.645499228
4840,0.249736557605,8.667267722
4850,0.249736557605,8.680557628
4860,0.249736557605,8.695893374
4870,0.249736557605,8.714457869
4880,0.249736557605,8.750078124
4890,0.249736557605,8.758765269
4900,0.249736557605,8.780101399
4910,0.249736557605,8.803165051
4920,0.249736557605,8.832043221
4930,0.249736557605,8.856746533
4940,0.249736557605,8.873609217
4950,0.249736557605,8.89151915
4960,0.249736557605,8.910310175
4970,0.249736557605,8.917094544
4980,0.249736557605,8.940981837
4990,0.249736557605,8.955305709
5000,0.249736557605,8.973811633
5010,0.249736557605,8.993166077
5020,0.249736557605,9.010614486
5030,0.249736557605,9.024746621
5040,0.249736557605,9.030267742
5050,0.249736557605,9.062689387
5060,0.249736557605,9.069513376
5070,0.249736557605,9.075272804
5080,0.249736557605,9.09416743
5090,0.249736557605,9.110755947
5100,0.249736557605,9.128798775
5110,0.249736557605,9.144048517
5120,0.249736557605,9.150467258
5130,0.249736557605,9.177098431
5140,0.249736557605,9.18444709
5150,0.249736557605,9.192625865
5160,0.249736557605,9.218156369
5170,0.249736557605,9.227490859
5180,0.249736557605,9.246799516
5190,0.249736557605,9.262070223
5200,0.249736557605,9.277763468
5210,0.249736557605,9.301355613
5220,0.249736557605,9.350924696
5230,0.249736557605,9.360101442
5240,0.249736557605,9.364074599
5250,0.249736557605,9.367554754
5260,0.249736557605,9.37239863
5270,0.249736557605,9.376460843
5280,0.249736557605,9.386914852
5290,0.249736557605,9.402077683
5300,0.249736557605,9.432655148
5310,0.249736557605,9.449846152
5320,0.249736557605,9.46008997
5330,0.249736557605,9.478544369
5340,0.249736557605,9.497518517
5350,0.249736557605,9.503228639
5360,0.249736557605,9.518520345
5370,0.249736557605,9.531340904
5380,0.249736557605,9.552361456
5390,0.249736557605,9.562134089
5400,0.249736557605,9.571575367
5410,0.249736557605,9.625346979
5420,0.249736557605,9.632525389
5430,0.249736557605,9.636333805
5440,0.249736557605,9.63920609
5450,0.249736557605,9.640183415
5460,0.249736557605,9.642232883
5470,0.249736557605,9.644959092
5480,0.249736557605,9.649780386
5490,0.332982076806,9.770389942
5500,0.249736557605,9.776336027
5510,0.249736557605,9.783507149
5520,0.332982076806,9.790686067
5530,0.332982076806,9.797437525
5540,0.332982076806,9.802275452
5550,0.332982076806,9.80749942
5560,0.332982076806,9.817057367
5570,0.332982076806,9.855736788
5580,0.332982076806,9.864626884
5590,0.332982076806,9.868947329
5600,0.332982076806,9.870840796
5610,0.332982076806,9.873820983
5620,0.332982076806,9.877536429
5630,0.332982076806,9.908000726
5640,0.332982076806,9.934589851
5650,0.332982076806,9.944989932
5660,0.332982076806,9.966581919
5670,0.332982076806,9.974124761
5680,0.332982076806,9.982058227
5690,0.332982076806,9.98678767
5700,0.332982076806,9.991011752
5710,0.332982076806,9.993068572
5720,0.332982076806,10.021033195
5730,0.332982076806,10.025812874
5740,0.332982076806,10.032267848
5750,0.332982076806,10.062797477
5760,0.332982076806,10.072687322
5770,0.332982076806,10.075807676
5780,0.332982076806,10.092468528
5790,0.332982076806,10.115734749
5800,0.332982076806,10.142325505
5810,0.332982076806,10.154547851
5820,0.332982076806,10.176611844
5830,0.332982076806,10.196981497
5840,0.332982076806,10.210911209
5850,0.332982076806,10.221654854
5860,0.332982076806,10.240152799
5870,0.332982076806,10.256583055
5880,0.332982076806,10.280847551
5890,0.332982076806,10.294202633
5900,0.332982076806,10.311074713
5910,0.332982076806,10.327133289
5920,0.332982076806,10.345830178
5930,0.332982076806,10.366449802
5940,0.332982076806,10.387382189
5950,0.332982076806,10.40329215
5960,0.332982076806,10.411062252
5970,0.332982076806,10.424902359
5980,0.332982076806,10.431673277
5990,0.332982076806,10.438972014
6000,0.332982076806,10.443021967
