iterations,fitness,time
0,0.169330430202,0.026453053
10,0.169330430202,0.071054244
20,0.190496733977,0.271069439
30,0.179291043743,0.400417053
40,0.169330430202,0.577108141
50,0.169330430202,0.710745184
60,0.169330430202,0.811633414
70,0.169330430202,0.850073393
80,0.179291043743,0.943996357
90,0.169330430202,1.09419002
100,0.190496733977,1.225961218
110,0.203196516242,1.30822569
120,0.203196516242,1.469328347
130,0.190496733977,1.614137148
140,0.217710553116,1.794090705
150,0.234457518741,1.811123081
160,0.217710553116,1.823025336
170,0.217710553116,1.835095637
180,0.203196516242,1.849367654
190,0.190496733977,2.078379126
200,0.217710553116,2.22835604
210,0.217710553116,2.251596527
220,0.217710553116,2.48229195
230,0.190496733977,2.737350935
240,0.190496733977,2.893578371
250,0.190496733977,2.903994758
260,0.190496733977,2.914869356
270,0.179291043743,2.93127911
280,0.190496733977,2.933598611
290,0.190496733977,3.056166548
300,0.179291043743,3.133121401
310,0.190496733977,3.223199749
320,0.190496733977,3.476372936
330,0.190496733977,3.575063555
340,0.190496733977,3.737097216
350,0.203196516242,3.747281365
360,0.217710553116,3.752687639
370,0.234457518741,3.945418762
380,0.234457518741,3.957190585
390,0.234457518741,4.153605716
400,0.217710553116,4.157398971
410,0.203196516242,4.238509007
420,0.217710553116,4.321214
430,0.203196516242,4.514082668
440,0.179291043743,4.70779055
450,0.190496733977,4.752269606
460,0.190496733977,4.879535945
470,0.190496733977,5.021342713
480,0.190496733977,5.277799171
490,0.190496733977,5.44727606
500,0.203196516242,5.595029766
510,0.190496733977,5.763365177
520,0.190496733977,5.959860751
530,0.190496733977,6.08639121
540,0.203196516242,6.263171299
550,0.203196516242,6.470971887
560,0.217710553116,6.550153966
570,0.217710553116,6.810552492
580,0.203196516242,6.96376048
590,0.203196516242,7.094773848
600,0.203196516242,7.231919697
610,0.190496733977,7.333635201
620,0.190496733977,7.405015427
630,0.217710553116,7.47228615
640,0.203196516242,7.604247847
650,0.203196516242,7.733098936
660,0.203196516242,7.735019232
670,0.190496733977,7.900452393
680,0.203196516242,8.084650856
690,0.203196516242,8.297676305
700,0.190496733977,8.509451522
710,0.179291043743,8.603621072
720,0.169330430202,8.628913931
730,0.179291043743,8.978300026
740,0.203196516242,9.230537379
750,0.190496733977,9.349437494
760,0.203196516242,9.51409315
770,0.203196516242,9.678562625
780,0.190496733977,9.77628062
790,0.190496733977,9.937044321
800,0.203196516242,10.172486185
810,0.203196516242,10.187537453
820,0.217710553116,10.358283302
830,0.203196516242,10.558273129
840,0.203196516242,10.687224976
850,0.203196516242,10.691030571
860,0.217710553116,10.849314924
870,0.234457518741,10.966757623
880,0.234457518741,11.149194282
890,0.234457518741,11.321446633
900,0.234457518741,11.468287188
910,0.234457518741,11.69906638
920,0.234457518741,11.833225733
930,0.234457518741,11.995638251
940,0.234457518741,12.123776938
950,0.234457518741,12.199746579
960,0.217710553116,12.412848997
970,0.234457518741,12.549153908
980,0.217710553116,12.747088046
990,0.217710553116,12.850009832
1000,0.217710553116,13.001910441
1010,0.217710553116,13.242542294
1020,0.234457518741,13.297173958
1030,0.217710553116,13.431741762
1040,0.234457518741,13.657761068
1050,0.234457518741,13.799983137
1060,0.234457518741,13.822642204
1070,0.234457518741,14.039254422
1080,0.234457518741,14.217079538
1090,0.234457518741,14.325832305
1100,0.253995645303,14.582772835
1110,0.253995645303,14.693273838
1120,0.253995645303,14.775147183
1130,0.253995645303,14.847085851
1140,0.277086158512,15.05472272
1150,0.253995645303,15.194468373
1160,0.253995645303,15.364528522
1170,0.253995645303,15.425442922
1180,0.253995645303,15.59034937
1190,0.277086158512,15.782758622
1200,0.253995645303,16.007094874
1210,0.253995645303,16.164772193
1220,0.277086158512,16.278412408
1230,0.277086158512,16.512495749
1240,0.253995645303,16.647685827
1250,0.253995645303,16.656310182
1260,0.253995645303,16.977524427
1270,0.253995645303,17.094883522
1280,0.253995645303,17.271858818
1290,0.253995645303,17.395599563
1300,0.253995645303,17.550637861
1310,0.253995645303,17.725375124
1320,0.253995645303,17.819109973
1330,0.253995645303,17.99717457
1340,0.253995645303,18.322253765
1350,0.253995645303,18.421684513
1360,0.253995645303,18.608518882
1370,0.253995645303,18.758943254
1380,0.253995645303,18.849313091
1390,0.253995645303,19.061873131
1400,0.234457518741,19.096342887
1410,0.234457518741,19.377688567
1420,0.234457518741,19.557703564
1430,0.253995645303,19.727608382
1440,0.234457518741,19.729958415
1450,0.234457518741,19.733703954
1460,0.277086158512,19.736189907
1470,0.277086158512,19.889963314
1480,0.277086158512,19.967738528
1490,0.277086158512,20.148556316
1500,0.277086158512,20.387764456
1510,0.277086158512,20.513956167
1520,0.277086158512,20.698234251
1530,0.277086158512,20.814265931
1540,0.277086158512,21.032453228
1550,0.277086158512,21.122094825
1560,0.304794774363,21.346165533
1570,0.277086158512,21.485511097
1580,0.277086158512,21.494850187
1590,0.277086158512,21.661403944
1600,0.277086158512,21.976677691
1610,0.253995645303,22.053079374
1620,0.253995645303,22.211236688
1630,0.277086158512,22.40731684
1640,0.253995645303,22.582874858
1650,0.234457518741,22.728872889
1660,0.253995645303,22.827718381
1670,0.234457518741,23.096013806
1680,0.217710553116,23.345607582
1690,0.234457518741,23.537939813
1700,0.217710553116,23.693653337
1710,0.217710553116,23.859341463
1720,0.217710553116,23.941411227
1730,0.217710553116,24.106715056
1740,0.253995645303,24.226845238
1750,0.234457518741,24.501372121
1760,0.234457518741,24.744738247
1770,0.253995645303,24.859513142
1780,0.234457518741,24.941870615
1790,0.338660860403,25.14452849
1800,0.338660860403,25.284209126
1810,0.304794774363,25.504257863
1820,0.304794774363,25.805192709
1830,0.304794774363,25.895041618
1840,0.304794774363,26.156856865
1850,0.380993467954,26.251151071
1860,0.304794774363,26.407001441
1870,0.304794774363,26.568797552
1880,0.304794774363,26.632632592
1890,0.304794774363,26.641723382
1900,0.304794774363,26.843583164
1910,0.304794774363,27.072017193
1920,0.304794774363,27.280217366
1930,0.304794774363,27.350463223
1940,0.304794774363,27.483683571
1950,0.304794774363,27.656819913
1960,0.304794774363,27.92109585
1970,0.304794774363,28.017791552
1980,0.338660860403,28.041773141
1990,0.304794774363,28.134962792
2000,0.304794774363,28.159101639
2010,0.304794774363,28.422398214
2020,0.304794774363,28.581943244
2030,0.277086158512,28.722640816
2040,0.380993467954,28.736872272
2050,0.380993467954,29.030542959
2060,0.380993467954,29.178486471
2070,0.435421106233,29.300671057
2080,0.380993467954,29.525049726
2090,0.380993467954,29.63987222
2100,0.380993467954,29.846915465
2110,0.380993467954,29.929272242
2120,0.380993467954,30.040949613
2130,0.380993467954,30.261655519
2140,0.338660860403,30.322356488
2150,0.338660860403,30.526342358
2160,0.380993467954,30.65509423
2170,0.435421106233,30.875776368
2180,0.435421106233,31.073585502
2190,0.507991290605,31.178170227
2200,0.507991290605,31.258742264
2210,0.507991290605,31.442680539
2220,0.507991290605,31.620788844
2230,0.507991290605,31.811624101
2240,0.507991290605,31.947701504
2250,0.507991290605,32.158997925
2260,0.507991290605,32.347281256
2270,0.507991290605,32.496864297
2280,0.435421106233,32.637586195
2290,0.435421106233,32.854654515
2300,0.435421106233,33.037307901
2310,0.507991290605,33.151369502
2320,0.435421106233,33.155282651
2330,0.435421106233,33.333027506
2340,0.435421106233,33.522684595
2350,0.507991290605,33.698746316
2360,0.435421106233,33.842016482
2370,0.435421106233,34.048674278
2380,0.435421106233,34.107610667
2390,0.435421106233,34.296577845
2400,0.435421106233,34.304169281
2410,0.435421106233,34.505606368
2420,0.435421106233,34.636845526
2430,0.435421106233,34.760597724
2440,0.435421106233,34.899557064
2450,0.435421106233,35.203267621
2460,0.435421106233,35.332764359
2470,0.435421106233,35.454740523
2480,0.435421106233,35.5903639
2490,0.380993467954,35.789846134
2500,0.380993467954,35.966717409
2510,0.380993467954,36.237072318
2520,0.380993467954,36.346957828
2530,0.380993467954,36.468303261
2540,0.380993467954,36.599268078
2550,0.380993467954,36.795987392
2560,0.380993467954,36.93913398
2570,0.380993467954,37.07616215
2580,0.380993467954,37.193503016
2590,0.380993467954,37.349997317
2600,0.435421106233,37.505042256
2610,0.435421106233,37.681010241
2620,0.380993467954,37.804011239
2630,0.380993467954,37.988114842
2640,0.507991290605,38.110173866
2650,0.380993467954,38.297941204
2660,0.380993467954,38.51136721
2670,0.380993467954,38.661793968
2680,0.435421106233,38.857641459
2690,0.435421106233,38.860074299
2700,0.435421106233,38.861528889
2710,0.435421106233,38.9919259
2720,0.435421106233,39.189491959
2730,0.435421106233,39.320618223
2740,0.507991290605,39.389275799
2750,0.507991290605,39.519068618
2760,0.507991290605,39.731416305
2770,0.507991290605,39.853023164
2780,0.507991290605,39.962966546
2790,0.507991290605,40.178611408
2800,0.507991290605,40.397588974
2810,0.507991290605,40.546420216
2820,0.507991290605,40.549233781
2830,0.507991290605,40.730058951
2840,0.507991290605,40.853698485
2850,0.507991290605,41.054774666
2860,0.507991290605,41.135617067
2870,0.507991290605,41.295144111
2880,0.507991290605,41.524810879
2890,0.507991290605,41.682980317
2900,0.507991290605,41.919075625
2910,0.507991290605,42.072775232
2920,0.507991290605,42.154386301
2930,0.609589548726,42.293325049
2940,0.507991290605,42.52253308
2950,0.507991290605,42.62683049
2960,0.507991290605,42.839028166
2970,0.507991290605,43.012712655
2980,0.609589548726,43.203315898
2990,0.507991290605,43.406835783
3000,0.507991290605,43.535519618
3010,0.507991290605,43.605178194
3020,0.435421106233,43.902512995
3030,0.435421106233,44.069309567
3040,0.435421106233,44.083759652
3050,0.380993467954,44.203527323
3060,0.380993467954,44.371172388
3070,0.338660860403,44.394657556
3080,0.338660860403,44.400247519
3090,0.380993467954,44.684157238
3100,0.380993467954,44.784785735
3110,0.380993467954,44.862459468
3120,0.435421106233,44.976632378
3130,0.380993467954,45.207314491
3140,0.380993467954,45.357286319
3150,0.380993467954,45.47771295
3160,0.507991290605,45.618963665
3170,0.507991290605,45.835965413
3180,0.507991290605,45.923984366
3190,0.507991290605,46.034765641
3200,0.507991290605,46.181959719
3210,0.507991290605,46.429046573
3220,0.507991290605,46.56758599
3230,0.507991290605,46.716775086
3240,0.507991290605,46.931061855
3250,0.507991290605,47.119246818
3260,0.507991290605,47.248509349
3270,0.507991290605,47.519545096
3280,0.507991290605,47.609908173
3290,0.507991290605,47.613445337
3300,0.507991290605,47.852539251
3310,0.507991290605,47.999326385
3320,0.507991290605,48.002369841
3330,0.507991290605,48.177860364
3340,0.435421106233,48.2825402
3350,0.435421106233,48.444219195
3360,0.435421106233,48.63326783
3370,0.435421106233,48.816470344
3380,0.435421106233,49.032158556
3390,0.435421106233,49.262095244
3400,0.435421106233,49.48416589
3410,0.435421106233,49.679986789
3420,0.435421106233,49.784949535
3430,0.507991290605,49.983332412
3440,0.507991290605,50.122669065
3450,0.507991290605,50.245795682
3460,0.507991290605,50.369640836
3470,0.507991290605,50.50145294
3480,0.507991290605,50.730400129
3490,0.507991290605,50.890713977
3500,0.609589548726,51.061512731
3510,0.507991290605,51.183414697
3520,0.507991290605,51.248101739
3530,0.507991290605,51.487318407
3540,0.507991290605,51.612915164
3550,0.507991290605,51.858147804
3560,0.507991290605,52.034839975
3570,0.609589548726,52.224653731
3580,0.507991290605,52.36913252
3590,0.507991290605,52.475546778
3600,0.507991290605,52.735983381
3610,0.507991290605,52.755811652
3620,0.507991290605,52.769038544
3630,0.507991290605,52.869899096
3640,0.507991290605,53.057281985
3650,0.507991290605,53.147702537
3660,0.507991290605,53.356420344
3670,0.507991290605,53.479246174
3680,0.507991290605,53.499300581
3690,0.507991290605,53.502480966
3700,0.507991290605,53.708118139
3710,0.507991290605,53.829676422
3720,0.507991290605,53.831572171
3730,0.507991290605,54.027282593
3740,0.507991290605,54.104311688
3750,0.761986935908,54.208872033
3760,0.761986935908,54.213993959
3770,0.761986935908,54.436832244
3780,0.761986935908,54.62607858
3790,0.761986935908,54.743650053
3800,0.761986935908,54.85331154
3810,0.761986935908,55.061711338
3820,0.761986935908,55.248078497
3830,0.761986935908,55.511962642
3840,0.761986935908,55.682142896
3850,0.761986935908,55.836127124
3860,0.761986935908,55.97701751
3870,0.761986935908,56.139358817
3880,0.761986935908,56.330671844
3890,0.761986935908,56.421816743
3900,0.761986935908,56.552435648
3910,0.761986935908,56.820431617
3920,0.761986935908,56.945445422
3930,0.761986935908,57.158490151
3940,0.761986935908,57.315379786
3950,0.761986935908,57.320077239
3960,0.761986935908,57.321717648
3970,0.761986935908,57.431832516
3980,0.761986935908,57.605851343
3990,0.761986935908,57.821689269
4000,0.761986935908,57.906070662
