iterations,fitness,time
0,0.150241987101,0.041000235
10,0.158149460106,0.278272458
20,0.158149460106,0.539987763
30,0.150241987101,0.74747867
40,0.158149460106,0.961408972
50,0.158149460106,1.174506156
60,0.158149460106,1.363287743
70,0.166935541223,1.497496466
80,0.166935541223,1.680468855
90,0.166935541223,1.90723017
100,0.166935541223,2.063176833
110,0.166935541223,2.330280839
120,0.166935541223,2.604716592
130,0.166935541223,2.780848806
140,0.176755278942,3.142003435
150,0.166935541223,3.387657402
160,0.166935541223,3.637459392
170,0.166935541223,3.747724749
180,0.166935541223,3.960533473
190,0.166935541223,4.19212989
200,0.166935541223,4.244103527
210,0.166935541223,4.522621205
220,0.166935541223,4.957997698
230,0.166935541223,5.129927494
240,0.158149460106,5.355569331
250,0.166935541223,5.624050678
260,0.176755278942,5.648098217
270,0.166935541223,5.777177169
280,0.176755278942,5.948018009
290,0.176755278942,6.296719775
300,0.176755278942,6.524516169
310,0.187802483876,6.743218459
320,0.176755278942,6.810300285
330,0.187802483876,7.0595513
340,0.176755278942,7.295052094
350,0.176755278942,7.499704348
360,0.176755278942,7.819106902
370,0.187802483876,8.08647578
380,0.187802483876,8.168427544
390,0.187802483876,8.531815813
400,0.214631410144,8.784380457
410,0.200322649468,9.0378763
420,0.187802483876,9.338034395
430,0.187802483876,9.611949313
440,0.187802483876,9.832439263
450,0.187802483876,10.131021835
460,0.200322649468,10.38254342
470,0.214631410144,10.698747555
480,0.200322649468,10.72350815
490,0.187802483876,11.13739529
500,0.187802483876,11.432895809
510,0.187802483876,11.676004151
520,0.187802483876,11.945731487
530,0.187802483876,12.111350966
540,0.187802483876,12.431807639
550,0.187802483876,12.518436322
560,0.187802483876,12.561609668
570,0.187802483876,12.839563726
580,0.200322649468,13.068474271
590,0.200322649468,13.331564378
600,0.214631410144,13.554124237
610,0.187802483876,13.817771327
620,0.187802483876,13.929089232
630,0.187802483876,14.213654583
640,0.187802483876,14.537323052
650,0.176755278942,14.733677938
660,0.176755278942,14.907033323
670,0.187802483876,15.225991629
680,0.187802483876,15.429450079
690,0.176755278942,15.624458617
700,0.187802483876,15.886139749
710,0.176755278942,16.074268143
720,0.176755278942,16.367191971
730,0.200322649468,16.646482402
740,0.176755278942,16.866023436
750,0.187802483876,17.058839746
760,0.187802483876,17.403204638
770,0.200322649468,17.627364622
780,0.187802483876,17.884314568
790,0.187802483876,18.222658829
800,0.187802483876,18.438085746
810,0.187802483876,18.568278575
820,0.187802483876,18.889843782
830,0.200322649468,19.27875637
840,0.187802483876,19.467332483
850,0.187802483876,19.707887448
860,0.187802483876,19.977237997
870,0.187802483876,20.306794983
880,0.187802483876,20.647099013
890,0.187802483876,20.823389368
900,0.187802483876,21.16383642
910,0.200322649468,21.306462625
920,0.187802483876,21.470892768
930,0.187802483876,21.49791734
940,0.200322649468,21.838527333
950,0.200322649468,22.087145436
960,0.200322649468,22.439733602
970,0.214631410144,22.769897187
980,0.214631410144,22.959674964
990,0.200322649468,23.220779646
1000,0.200322649468,23.526438042
1010,0.200322649468,23.787953387
1020,0.214631410144,24.006757973
1030,0.200322649468,24.196887724
1040,0.200322649468,24.353643119
1050,0.231141518617,24.637805606
1060,0.214631410144,24.899107051
1070,0.214631410144,25.171654585
1080,0.214631410144,25.416994735
1090,0.214631410144,25.690745277
1100,0.231141518617,25.914790427
1110,0.214631410144,26.145752464
1120,0.214631410144,26.460718157
1130,0.214631410144,26.719062969
1140,0.214631410144,26.913773059
1150,0.214631410144,27.286263804
1160,0.214631410144,27.581658399
1170,0.214631410144,27.829664031
1180,0.231141518617,28.12873782
1190,0.214631410144,28.232704505
1200,0.214631410144,28.480544425
1210,0.214631410144,28.619473776
1220,0.214631410144,29.010200901
1230,0.214631410144,29.172472101
1240,0.214631410144,29.467570938
1250,0.231141518617,29.748798551
1260,0.214631410144,30.054202354
1270,0.214631410144,30.300643058
1280,0.214631410144,30.343221249
1290,0.231141518617,30.824324757
1300,0.214631410144,30.964107717
1310,0.214631410144,30.995928915
1320,0.214631410144,31.282235707
1330,0.214631410144,31.57317906
1340,0.214631410144,31.861990678
1350,0.231141518617,32.064876728
1360,0.231141518617,32.347585653
1370,0.231141518617,32.707021825
1380,0.231141518617,32.820706721
1390,0.231141518617,33.208494469
1400,0.231141518617,33.442640328
1410,0.231141518617,33.591566581
1420,0.273167249274,33.877806825
1430,0.273167249274,33.957034273
1440,0.273167249274,34.030660447
1450,0.273167249274,34.318705009
1460,0.273167249274,34.507641112
1470,0.273167249274,34.74397739
1480,0.273167249274,34.939814353
1490,0.273167249274,35.156763043
1500,0.273167249274,35.236329547
1510,0.273167249274,35.45164617
1520,0.273167249274,35.676389224
1530,0.273167249274,35.863627873
1540,0.273167249274,36.099719437
1550,0.273167249274,36.285644914
1560,0.300483974202,36.455674768
1570,0.300483974202,36.58730813
1580,0.273167249274,36.838756379
1590,0.273167249274,36.96871135
1600,0.273167249274,37.135688994
1610,0.273167249274,37.282059031
1620,0.273167249274,37.417442091
1630,0.273167249274,37.552397651
1640,0.273167249274,37.736228556
1650,0.273167249274,37.868307913
1660,0.273167249274,37.973131986
1670,0.273167249274,38.186212019
1680,0.273167249274,38.336158273
1690,0.273167249274,38.525360077
1700,0.300483974202,38.723752675
1710,0.273167249274,38.935290389
1720,0.273167249274,39.086195275
1730,0.273167249274,39.200396402
1740,0.273167249274,39.428565889
1750,0.273167249274,39.601129795
1760,0.273167249274,39.653440714
1770,0.300483974202,39.809749588
1780,0.300483974202,40.029373822
1790,0.300483974202,40.103436546
1800,0.300483974202,40.1085553
1810,0.300483974202,40.255600677
1820,0.300483974202,40.430768889
1830,0.300483974202,40.658893101
1840,0.333871082446,40.823967645
1850,0.333871082446,40.948341689
1860,0.333871082446,41.168662871
1870,0.333871082446,41.337106675
1880,0.300483974202,41.453173242
1890,0.300483974202,41.585926483
1900,0.300483974202,41.705047615
1910,0.300483974202,41.917832143
1920,0.300483974202,42.015411524
1930,0.300483974202,42.173687856
1940,0.300483974202,42.369324904
1950,0.300483974202,42.578587308
1960,0.300483974202,42.752764806
1970,0.300483974202,42.953312854
1980,0.300483974202,43.16647196
1990,0.300483974202,43.349588242
2000,0.300483974202,43.368750296
2010,0.300483974202,43.561648904
2020,0.300483974202,43.717808765
2030,0.300483974202,43.85203371
2040,0.300483974202,43.957392216
2050,0.300483974202,44.074223045
2060,0.333871082446,44.077832221
2070,0.300483974202,44.141889672
2080,0.300483974202,44.315539315
2090,0.300483974202,44.479523854
2100,0.333871082446,44.666820392
2110,0.300483974202,44.86211321
2120,0.300483974202,45.01994779
2130,0.300483974202,45.205905114
2140,0.300483974202,45.298876524
2150,0.300483974202,45.407095127
2160,0.300483974202,45.591701202
2170,0.300483974202,45.770630082
2180,0.300483974202,45.947788875
2190,0.300483974202,46.118527675
2200,0.300483974202,46.28199726
2210,0.300483974202,46.495886705
2220,0.300483974202,46.726030349
2230,0.300483974202,46.888559733
2240,0.300483974202,47.114989266
2250,0.300483974202,47.267914457
2260,0.300483974202,47.429368017
2270,0.300483974202,47.619903139
2280,0.300483974202,47.799691345
2290,0.300483974202,47.973337045
2300,0.300483974202,48.166198882
2310,0.300483974202,48.373779521
2320,0.333871082446,48.573142022
2330,0.333871082446,48.787989896
2340,0.333871082446,49.010790671
2350,0.333871082446,49.176489627
2360,0.333871082446,49.33963994
2370,0.333871082446,49.534413327
2380,0.333871082446,49.736348213
2390,0.333871082446,49.900384283
2400,0.333871082446,50.105441082
2410,0.333871082446,50.253222062
2420,0.333871082446,50.421419487
2430,0.333871082446,50.609587472
2440,0.333871082446,50.785089275
2450,0.333871082446,50.966710969
2460,0.333871082446,51.187714523
2470,0.333871082446,51.343953407
2480,0.333871082446,51.48163659
2490,0.333871082446,51.648936695
2500,0.333871082446,51.844691635
2510,0.333871082446,52.014332889
2520,0.333871082446,52.219914359
2530,0.333871082446,52.402779062
2540,0.333871082446,52.601741269
2550,0.333871082446,52.796193501
2560,0.333871082446,52.962842731
2570,0.333871082446,53.153524062
2580,0.333871082446,53.315058898
2590,0.333871082446,53.495260587
2600,0.333871082446,53.692641465
2610,0.333871082446,53.917891846
2620,0.333871082446,54.102699448
2630,0.333871082446,54.252098059
2640,0.333871082446,54.378226281
2650,0.333871082446,54.498112786
2660,0.333871082446,54.702048655
2670,0.333871082446,54.910886815
2680,0.333871082446,55.079268266
2690,0.333871082446,55.233628357
2700,0.333871082446,55.388701897
2710,0.333871082446,55.475301655
2720,0.333871082446,55.681112888
2730,0.333871082446,55.829427248
2740,0.333871082446,56.029551529
2750,0.333871082446,56.056131376
2760,0.333871082446,56.284771912
2770,0.333871082446,56.425097017
2780,0.333871082446,56.567609109
2790,0.333871082446,56.673980597
2800,0.333871082446,56.807606972
2810,0.333871082446,56.931184892
2820,0.333871082446,57.072150832
2830,0.333871082446,57.203056438
2840,0.333871082446,57.28968777
2850,0.333871082446,57.368770009
2860,0.333871082446,57.496705137
2870,0.333871082446,57.558188796
2880,0.333871082446,57.632983169
2890,0.333871082446,57.748487682
2900,0.333871082446,57.819992719
2910,0.333871082446,57.908962062
2920,0.333871082446,58.011741144
2930,0.333871082446,58.084993532
2940,0.333871082446,58.187422247
2950,0.333871082446,58.258201176
2960,0.333871082446,58.349074569
2970,0.333871082446,58.43885594
2980,0.333871082446,58.523127563
2990,0.333871082446,58.612438849
3000,0.333871082446,58.723752
3010,0.333871082446,58.784283201
3020,0.333871082446,58.836611959
3030,0.333871082446,58.907575467
3040,0.333871082446,58.988792759
3050,0.333871082446,59.084791619
3060,0.333871082446,59.151253584
3070,0.333871082446,59.195071658
3080,0.333871082446,59.29233773
3090,0.333871082446,59.370798586
3100,0.333871082446,59.477356565
3110,0.333871082446,59.54716501
3120,0.333871082446,59.663729199
3130,0.333871082446,59.758528706
3140,0.333871082446,59.838832829
3150,0.333871082446,59.919166483
3160,0.333871082446,59.995170074
3170,0.333871082446,60.087554522
3180,0.333871082446,60.163744211
3190,0.333871082446,60.242895072
3200,0.333871082446,60.32358403
3210,0.375604967752,60.383517798
3220,0.375604967752,60.497169674
3230,0.375604967752,60.560726131
3240,0.375604967752,60.643579359
3250,0.375604967752,60.740208703
3260,0.375604967752,60.801513059
3270,0.375604967752,60.900000352
3280,0.375604967752,60.935591302
3290,0.375604967752,61.030993115
3300,0.375604967752,61.1281961
3310,0.375604967752,61.213173887
3320,0.375604967752,61.300490123
3330,0.375604967752,61.376935833
3340,0.375604967752,61.44770651
3350,0.375604967752,61.554261325
3360,0.375604967752,61.625846144
3370,0.375604967752,61.710057528
3380,0.375604967752,61.801735449
3390,0.375604967752,61.905706513
3400,0.375604967752,62.001062847
3410,0.375604967752,62.095549216
3420,0.375604967752,62.193791113
3430,0.375604967752,62.286169094
3440,0.375604967752,62.382670623
3450,0.375604967752,62.476557191
3460,0.375604967752,62.556928864
3470,0.375604967752,62.633887597
3480,0.375604967752,62.72645944
3490,0.375604967752,62.803124563
3500,0.375604967752,62.86864299
3510,0.375604967752,62.948698912
3520,0.429262820288,63.01668952
3530,0.375604967752,63.127475641
3540,0.375604967752,63.212894337
3550,0.375604967752,63.309072212
3560,0.375604967752,63.380497056
3570,0.375604967752,63.497995638
3580,0.375604967752,63.588269717
3590,0.375604967752,63.680889543
3600,0.375604967752,63.752842572
3610,0.375604967752,63.841094937
3620,0.375604967752,63.925772258
3630,0.375604967752,64.007234229
3640,0.375604967752,64.103243369
3650,0.375604967752,64.212487966
3660,0.375604967752,64.317643843
3670,0.375604967752,64.371247285
3680,0.375604967752,64.462302248
3690,0.375604967752,64.548687336
3700,0.375604967752,64.647964726
3710,0.375604967752,64.74792828
3720,0.429262820288,64.836081386
3730,0.375604967752,64.926605617
3740,0.375604967752,65.030886828
3750,0.375604967752,65.111530063
3760,0.375604967752,65.17205412
3770,0.375604967752,65.269153435
3780,0.375604967752,65.370960451
3790,0.429262820288,65.412321239
3800,0.429262820288,65.517316188
3810,0.429262820288,65.628302712
3820,0.429262820288,65.721239312
3830,0.429262820288,65.810529341
3840,0.429262820288,65.868114994
3850,0.429262820288,65.964147415
3860,0.429262820288,66.051871421
3870,0.429262820288,66.141468879
3880,0.429262820288,66.178564891
3890,0.429262820288,66.290595011
3900,0.429262820288,66.365692411
3910,0.429262820288,66.428433011
3920,0.429262820288,66.497014362
3930,0.429262820288,66.57888078
3940,0.429262820288,66.665724595
3950,0.429262820288,66.746704976
3960,0.429262820288,66.816878287
3970,0.429262820288,66.901181466
3980,0.429262820288,66.985960978
3990,0.429262820288,67.060675043
4000,0.429262820288,67.100714987
