iterations,fitness,time
0,0.158149460106,0.021815571
10,0.158149460106,0.049715615
20,0.166935541223,0.192654843
30,0.166935541223,0.343708792
40,0.158149460106,0.492432606
50,0.158149460106,0.607749185
60,0.158149460106,0.798309237
70,0.166935541223,0.914672653
80,0.166935541223,1.085586174
90,0.166935541223,1.22873526
100,0.176755278942,1.457925799
110,0.187802483876,1.550182662
120,0.200322649468,1.713657343
130,0.231141518617,1.940650311
140,0.200322649468,2.042561512
150,0.200322649468,2.263101247
160,0.214631410144,2.368662334
170,0.200322649468,2.707805497
180,0.200322649468,2.790278881
190,0.214631410144,2.983324505
200,0.214631410144,3.163174079
210,0.231141518617,3.26169104
220,0.231141518617,3.397637959
230,0.231141518617,3.593740474
240,0.231141518617,3.699831986
250,0.231141518617,3.813580958
260,0.231141518617,3.990370756
270,0.231141518617,4.168967801
280,0.231141518617,4.32033729
290,0.231141518617,4.370752009
300,0.250403311835,4.439273628
310,0.250403311835,4.618831549
320,0.250403311835,4.752736699
330,0.273167249274,4.895511324
340,0.273167249274,5.093816748
350,0.333871082446,5.190693827
360,0.333871082446,5.363912158
370,0.333871082446,5.394155578
380,0.333871082446,5.408004169
390,0.333871082446,5.505050748
400,0.333871082446,5.611799225
410,0.333871082446,5.741162335
420,0.333871082446,5.896568527
430,0.375604967752,6.036967839
440,0.375604967752,6.278405364
450,0.333871082446,6.593384201
460,0.333871082446,6.761526567
470,0.375604967752,6.935252206
480,0.333871082446,7.121848251
490,0.333871082446,7.300022013
500,0.333871082446,7.405465426
510,0.333871082446,7.569485384
520,0.333871082446,7.720450518
530,0.333871082446,7.881088656
540,0.333871082446,7.987840801
550,0.333871082446,8.163768608
560,0.375604967752,8.288374907
570,0.333871082446,8.451719308
580,0.333871082446,8.594743224
590,0.333871082446,8.82318082
600,0.333871082446,8.910402058
610,0.333871082446,9.121475043
620,0.333871082446,9.32337749
630,0.333871082446,9.438094567
640,0.333871082446,9.557499286
650,0.333871082446,9.709305833
660,0.333871082446,9.876708091
670,0.333871082446,10.087481265
680,0.333871082446,10.326622809
690,0.333871082446,10.507272638
700,0.333871082446,10.649666665
710,0.333871082446,10.742311825
720,0.333871082446,10.884364896
730,0.333871082446,11.025832406
740,0.333871082446,11.040174366
750,0.333871082446,11.208054663
760,0.333871082446,11.53335559
770,0.333871082446,11.635626058
780,0.333871082446,11.696173778
790,0.375604967752,11.92394207
800,0.333871082446,12.075726646
810,0.333871082446,12.361469304
820,0.333871082446,12.388770467
830,0.333871082446,12.569631672
840,0.333871082446,12.649974989
850,0.333871082446,12.78451855
860,0.333871082446,12.936797036
870,0.333871082446,13.034784656
880,0.333871082446,13.284690667
890,0.333871082446,13.305829681
900,0.333871082446,13.567177634
910,0.333871082446,13.64276016
920,0.333871082446,13.924454249
930,0.333871082446,14.004653606
940,0.333871082446,14.208982893
950,0.333871082446,14.379965999
960,0.333871082446,14.411854205
970,0.333871082446,14.576570202
980,0.333871082446,14.723564064
990,0.333871082446,14.847273737
1000,0.333871082446,15.01211468
1010,0.333871082446,15.133345231
1020,0.333871082446,15.288139394
1030,0.333871082446,15.399791784
1040,0.333871082446,15.592751446
1050,0.333871082446,15.73318844
1060,0.333871082446,15.923624149
1070,0.333871082446,16.065526499
1080,0.333871082446,16.218359698
1090,0.333871082446,16.384474093
1100,0.333871082446,16.521912616
1110,0.333871082446,16.681641231
1120,0.333871082446,16.860529211
1130,0.333871082446,16.986244352
1140,0.333871082446,17.138990994
1150,0.333871082446,17.399911565
1160,0.333871082446,17.521828393
1170,0.333871082446,17.669463072
1180,0.333871082446,17.808209976
1190,0.333871082446,18.099762979
1200,0.333871082446,18.119918203
1210,0.333871082446,18.331796747
1220,0.333871082446,18.495590174
1230,0.333871082446,18.735655428
1240,0.333871082446,18.856814904
1250,0.333871082446,19.112868925
1260,0.333871082446,19.322473373
1270,0.333871082446,19.52925626
1280,0.333871082446,19.614301875
1290,0.333871082446,19.749983402
1300,0.333871082446,19.93227277
1310,0.333871082446,20.202117648
1320,0.333871082446,20.407884008
1330,0.333871082446,20.513185827
1340,0.333871082446,20.650748632
1350,0.333871082446,20.792078137
1360,0.333871082446,20.802282175
1370,0.333871082446,20.816058136
1380,0.333871082446,21.027913584
1390,0.333871082446,21.21756279
1400,0.333871082446,21.372654928
1410,0.333871082446,21.649112818
1420,0.333871082446,21.847627755
1430,0.333871082446,22.025248965
1440,0.333871082446,22.196847415
1450,0.333871082446,22.294534087
1460,0.333871082446,22.402207584
1470,0.333871082446,22.580763559
1480,0.333871082446,22.823523253
1490,0.333871082446,22.993385267
1500,0.333871082446,23.109586341
1510,0.333871082446,23.266555607
1520,0.333871082446,23.473377364
1530,0.333871082446,23.6302735
1540,0.333871082446,23.758564893
1550,0.333871082446,23.778511371
1560,0.333871082446,24.002612374
1570,0.333871082446,24.141246427
1580,0.333871082446,24.292865545
1590,0.333871082446,24.48366531
1600,0.333871082446,24.628387784
1610,0.333871082446,24.759730749
1620,0.333871082446,24.887528424
1630,0.333871082446,25.099186132
1640,0.333871082446,25.168472397
1650,0.333871082446,25.392980415
1660,0.333871082446,25.54319666
1670,0.333871082446,25.723976191
1680,0.333871082446,25.854332818
1690,0.333871082446,26.005976168
1700,0.333871082446,26.206369202
1710,0.375604967752,26.234780377
1720,0.333871082446,26.437135882
1730,0.333871082446,26.639925922
1740,0.333871082446,26.810049741
1750,0.333871082446,27.082572138
1760,0.333871082446,27.187145885
1770,0.375604967752,27.44821773
1780,0.375604967752,27.634373572
1790,0.375604967752,27.799760932
1800,0.375604967752,27.90728407
1810,0.429262820288,28.086773693
1820,0.375604967752,28.246362684
1830,0.375604967752,28.349106608
1840,0.375604967752,28.550934327
1850,0.375604967752,28.804429152
1860,0.375604967752,28.941580097
1870,0.375604967752,29.150590097
1880,0.375604967752,29.301346794
1890,0.429262820288,29.540583233
1900,0.429262820288,29.795356546
1910,0.429262820288,29.945518687
1920,0.429262820288,30.140803393
1930,0.429262820288,30.308888231
1940,0.429262820288,30.490328904
1950,0.429262820288,30.571606795
1960,0.429262820288,30.865701103
1970,0.429262820288,31.119367861
1980,0.429262820288,31.258013274
1990,0.429262820288,31.350000922
2000,0.429262820288,31.594145043
2010,0.429262820288,31.609890677
2020,0.429262820288,31.834008826
2030,0.429262820288,31.850750291
2040,0.429262820288,32.055704826
2050,0.429262820288,32.068082299
2060,0.429262820288,32.083708566
2070,0.429262820288,32.099398659
2080,0.429262820288,32.110563889
2090,0.429262820288,32.505323155
2100,0.429262820288,32.52246043
2110,0.429262820288,32.785479473
2120,0.429262820288,33.030516002
2130,0.429262820288,33.184920124
2140,0.429262820288,33.321718189
2150,0.429262820288,33.482799699
2160,0.429262820288,33.50684918
2170,0.429262820288,33.719450016
2180,0.429262820288,33.891742367
2190,0.429262820288,34.066340009
2200,0.429262820288,34.194442502
2210,0.429262820288,34.288336416
2220,0.429262820288,34.410000899
2230,0.429262820288,34.598325608
2240,0.429262820288,34.695094977
2250,0.429262820288,34.712916003
2260,0.429262820288,34.880143033
2270,0.429262820288,35.00785027
2280,0.429262820288,35.156849226
2290,0.429262820288,35.311507814
2300,0.429262820288,35.467249101
2310,0.429262820288,35.511945566
2320,0.429262820288,35.533606913
2330,0.429262820288,35.806440653
2340,0.429262820288,35.859439997
2350,0.429262820288,36.009772443
2360,0.429262820288,36.058545547
2370,0.429262820288,36.066317047
2380,0.429262820288,36.20771228
2390,0.429262820288,36.261355906
2400,0.429262820288,36.364318784
2410,0.429262820288,36.492864886
2420,0.429262820288,36.596948226
2430,0.429262820288,36.710351303
2440,0.429262820288,36.806445822
2450,0.429262820288,36.941630677
2460,0.429262820288,37.092569795
2470,0.429262820288,37.219114206
2480,0.429262820288,37.347503886
2490,0.429262820288,37.489166335
2500,0.429262820288,37.599415248
2510,0.429262820288,37.723774779
2520,0.500806623669,37.846090773
2530,0.429262820288,37.944893156
2540,0.429262820288,38.081086857
2550,0.429262820288,38.167518102
2560,0.429262820288,38.274999895
2570,0.429262820288,38.414751753
2580,0.429262820288,38.497555589
2590,0.429262820288,38.611958179
2600,0.429262820288,38.726230961
2610,0.429262820288,38.807115746
2620,0.429262820288,38.958406981
2630,0.429262820288,39.093384187
2640,0.429262820288,39.193115038
2650,0.429262820288,39.198378143
2660,0.429262820288,39.253872226
2670,0.375604967752,39.457312123
2680,0.375604967752,39.632553967
2690,0.375604967752,39.735316552
2700,0.429262820288,39.833036097
2710,0.429262820288,40.000507639
2720,0.429262820288,40.136030876
2730,0.429262820288,40.214694644
2740,0.429262820288,40.285729208
2750,0.429262820288,40.445805269
2760,0.429262820288,40.561698911
2770,0.429262820288,40.687158212
2780,0.429262820288,40.756752492
2790,0.429262820288,40.974313532
2800,0.429262820288,41.057843709
2810,0.429262820288,41.223102468
2820,0.429262820288,41.372644791
2830,0.429262820288,41.47774628
2840,0.429262820288,41.54674217
2850,0.429262820288,41.726222171
2860,0.429262820288,41.868927882
2870,0.429262820288,42.028888792
2880,0.429262820288,42.146785093
2890,0.429262820288,42.287960157
2900,0.429262820288,42.429968286
2910,0.429262820288,42.524311671
2920,0.429262820288,42.617423412
2930,0.429262820288,42.791545208
2940,0.429262820288,42.905441237
2950,0.429262820288,42.986305411
2960,0.429262820288,43.125395259
2970,0.429262820288,43.13931192
2980,0.429262820288,43.148329466
2990,0.429262820288,43.329200555
3000,0.429262820288,43.458551486
3010,0.429262820288,43.585036311
3020,0.429262820288,43.693223359
3030,0.429262820288,43.799038832
3040,0.429262820288,43.945367741
3050,0.429262820288,44.03236537
3060,0.429262820288,44.19933798
3070,0.429262820288,44.348588166
3080,0.429262820288,44.434124295
3090,0.429262820288,44.561481417
3100,0.429262820288,44.681785618
3110,0.429262820288,44.769103416
3120,0.429262820288,44.822885721
3130,0.429262820288,44.959414411
3140,0.429262820288,45.120311099
3150,0.500806623669,45.237555984
3160,0.500806623669,45.333359651
3170,0.500806623669,45.456985348
3180,0.500806623669,45.61220457
3190,0.500806623669,45.709202665
3200,0.500806623669,45.850327036
3210,0.500806623669,46.009424717
3220,0.500806623669,46.106007687
3230,0.500806623669,46.24090901
3240,0.500806623669,46.364194722
3250,0.500806623669,46.498835312
3260,0.500806623669,46.619338336
3270,0.500806623669,46.740099722
3280,0.500806623669,46.82115608
3290,0.500806623669,46.952449674
3300,0.500806623669,47.058263828
3310,0.500806623669,47.203330186
3320,0.500806623669,47.288656192
3330,0.500806623669,47.38125778
3340,0.500806623669,47.511525941
3350,0.500806623669,47.64521023
3360,0.500806623669,47.7560424
3370,0.500806623669,47.875208422
3380,0.500806623669,47.985648816
3390,0.500806623669,48.129411309
3400,0.500806623669,48.253201191
3410,0.500806623669,48.397792259
3420,0.500806623669,48.521174178
3430,0.500806623669,48.631929079
3440,0.500806623669,48.774625648
3450,0.500806623669,48.921186706
3460,0.500806623669,49.047591909
3470,0.500806623669,49.172051046
3480,0.500806623669,49.233398026
3490,0.500806623669,49.410105575
3500,0.500806623669,49.498398532
3510,0.500806623669,49.624545041
3520,0.500806623669,49.705891302
3530,0.500806623669,49.837936556
3540,0.500806623669,50.002098267
3550,0.500806623669,50.10944543
3560,0.500806623669,50.240896906
3570,0.500806623669,50.367451265
3580,0.500806623669,50.433852473
3590,0.500806623669,50.587786625
3600,0.500806623669,50.719847752
3610,0.500806623669,50.825680374
3620,0.500806623669,50.952825933
3630,0.500806623669,51.07979004
3640,0.500806623669,51.230942027
3650,0.500806623669,51.307914087
3660,0.500806623669,51.428743064
3670,0.500806623669,51.562420575
3680,0.500806623669,51.694730779
3690,0.500806623669,51.828326499
3700,0.500806623669,51.926070731
3710,0.500806623669,52.066307812
3720,0.500806623669,52.186279374
3730,0.500806623669,52.289901504
3740,0.500806623669,52.402520746
3750,0.600967948403,52.541211095
3760,0.500806623669,52.66039895
3770,0.500806623669,52.794771754
3780,0.500806623669,52.892049806
3790,0.500806623669,53.037209587
3800,0.500806623669,53.190907403
3810,0.500806623669,53.328638399
3820,0.500806623669,53.430837292
3830,0.500806623669,53.560355741
3840,0.500806623669,53.653337627
3850,0.500806623669,53.712020902
3860,0.500806623669,53.8694634
3870,0.500806623669,53.946226252
3880,0.500806623669,53.97401455
3890,0.500806623669,54.171145796
3900,0.600967948403,54.195677997
3910,0.600967948403,54.405585405
3920,0.600967948403,54.452222833
3930,0.600967948403,54.597030403
3940,0.600967948403,54.737074721
3950,0.600967948403,54.845443926
3960,0.600967948403,54.930286663
3970,0.600967948403,55.107391178
3980,0.600967948403,55.230461701
3990,0.600967948403,55.343838681
4000,0.600967948403,55.469241225
