iterations,fitness,time
0,0.152397387182,0.068336152
10,0.132519467114,0.23845223
20,0.132519467114,0.553571011
30,0.126997822651,0.845058113
40,0.132519467114,1.018482351
50,0.132519467114,1.322882405
60,0.145140368744,1.646597517
70,0.152397387182,1.665601012
80,0.169330430202,1.933227743
90,0.179291043743,1.944423685
100,0.152397387182,1.965470267
110,0.145140368744,1.978051806
120,0.152397387182,1.998149145
130,0.145140368744,2.015601263
140,0.160418302296,2.027645362
150,0.160418302296,2.043509126
160,0.160418302296,2.255048529
170,0.160418302296,2.384723145
180,0.152397387182,2.421414369
190,0.152397387182,2.87502447
200,0.152397387182,3.198918676
210,0.169330430202,3.532921273
220,0.152397387182,3.733024584
230,0.152397387182,3.80229539
240,0.160418302296,3.955571913
250,0.169330430202,4.306448637
260,0.160418302296,4.484305557
270,0.152397387182,4.952254865
280,0.160418302296,5.141817442
290,0.169330430202,5.145022013
300,0.152397387182,5.482348559
310,0.160418302296,5.744872052
320,0.169330430202,5.90061345
330,0.169330430202,6.065208323
340,0.169330430202,6.39909996
350,0.152397387182,6.854814383
360,0.152397387182,7.076766972
370,0.160418302296,7.136398216
380,0.160418302296,7.378648586
390,0.160418302296,7.538490958
400,0.160418302296,7.624709904
410,0.160418302296,7.947018873
420,0.160418302296,8.081710307
430,0.160418302296,8.362154981
440,0.169330430202,8.580930553
450,0.169330430202,9.045493681
460,0.179291043743,9.341337549
470,0.179291043743,9.666507164
480,0.190496733977,10.039548568
490,0.190496733977,10.385427244
500,0.190496733977,10.630174497
510,0.217710553116,10.723964826
520,0.190496733977,11.094636651
530,0.190496733977,11.420664028
540,0.203196516242,11.566177792
550,0.203196516242,11.845996977
560,0.203196516242,12.057410859
570,0.190496733977,12.310712735
580,0.203196516242,12.597941562
590,0.190496733977,12.905772637
600,0.190496733977,13.084570773
610,0.190496733977,13.181438108
620,0.190496733977,13.552975761
630,0.190496733977,13.704986934
640,0.203196516242,13.833930326
650,0.203196516242,14.192249464
660,0.203196516242,14.305705239
670,0.203196516242,14.324806796
680,0.217710553116,14.346848864
690,0.190496733977,14.921579479
700,0.203196516242,15.158367163
710,0.203196516242,15.419330813
720,0.234457518741,15.786986841
730,0.203196516242,15.987103161
740,0.217710553116,16.244425252
750,0.217710553116,16.644096566
760,0.217710553116,16.996620726
770,0.234457518741,17.244751008
780,0.234457518741,17.565267178
790,0.217710553116,17.978657406
800,0.234457518741,18.223320758
810,0.234457518741,18.66158754
820,0.234457518741,18.967796676
830,0.234457518741,19.252485596
840,0.234457518741,19.681539675
850,0.234457518741,20.080419308
860,0.234457518741,20.207900864
870,0.234457518741,20.511220883
880,0.217710553116,20.735283745
890,0.217710553116,20.913160127
900,0.217710553116,21.158579757
910,0.217710553116,21.4270913
920,0.234457518741,21.790524721
930,0.234457518741,22.099896844
940,0.234457518741,22.383144811
950,0.253995645303,22.750525332
960,0.253995645303,23.057117699
970,0.253995645303,23.178834052
980,0.253995645303,23.513990762
990,0.253995645303,23.882301842
1000,0.253995645303,24.066030426
1010,0.253995645303,24.39909447
1020,0.253995645303,24.621641447
1030,0.277086158512,24.736749215
1040,0.253995645303,25.067305949
1050,0.253995645303,25.250887275
1060,0.253995645303,25.481973302
1070,0.253995645303,25.878137685
1080,0.253995645303,26.165471796
1090,0.253995645303,26.485289314
1100,0.234457518741,26.663108772
1110,0.234457518741,26.988617529
1120,0.234457518741,27.223196009
1130,0.234457518741,27.525500673
1140,0.234457518741,27.826910166
1150,0.217710553116,28.183256108
1160,0.217710553116,28.402208477
1170,0.217710553116,28.627121341
1180,0.234457518741,28.895905368
1190,0.217710553116,29.273944811
1200,0.217710553116,29.640759954
1210,0.217710553116,29.942367864
1220,0.217710553116,30.282158641
1230,0.234457518741,30.603434271
1240,0.234457518741,30.709895795
1250,0.234457518741,31.151160402
1260,0.234457518741,31.488741113
1270,0.253995645303,31.816922893
1280,0.253995645303,32.197057958
1290,0.253995645303,32.581160475
1300,0.277086158512,32.766201083
1310,0.277086158512,33.062712703
1320,0.277086158512,33.401072329
1330,0.277086158512,33.814684888
1340,0.277086158512,34.159059378
1350,0.277086158512,34.625737083
1360,0.277086158512,35.204238237
1370,0.277086158512,35.4398023
1380,0.277086158512,35.631566011
1390,0.277086158512,35.975769047
1400,0.277086158512,36.186404274
1410,0.277086158512,36.512367892
1420,0.277086158512,36.80498326
1430,0.253995645303,37.10328526
1440,0.253995645303,37.373350238
1450,0.277086158512,37.662107942
1460,0.253995645303,37.964680154
1470,0.277086158512,38.243775051
1480,0.304794774363,38.592339828
1490,0.277086158512,38.915302084
1500,0.277086158512,39.262629142
1510,0.277086158512,39.608808778
1520,0.277086158512,39.928791386
1530,0.234457518741,40.103725983
1540,0.253995645303,40.409567005
1550,0.277086158512,40.765948924
1560,0.234457518741,41.06809304
1570,0.277086158512,41.335744818
1580,0.277086158512,41.340704998
1590,0.277086158512,41.713412698
1600,0.277086158512,42.055377328
1610,0.304794774363,42.284472085
1620,0.304794774363,42.665644651
1630,0.304794774363,42.976572772
1640,0.304794774363,43.234045446
1650,0.304794774363,43.553834303
1660,0.304794774363,43.853838598
1670,0.304794774363,44.324500407
1680,0.304794774363,44.754339678
1690,0.304794774363,45.020654519
1700,0.277086158512,45.335185907
1710,0.277086158512,45.656376052
1720,0.253995645303,46.011173254
1730,0.253995645303,46.127471837
1740,0.253995645303,46.490946836
1750,0.253995645303,46.93818896
1760,0.234457518741,47.231187466
1770,0.234457518741,47.421420081
1780,0.234457518741,47.666202865
1790,0.234457518741,47.943896487
1800,0.234457518741,48.213673007
1810,0.234457518741,48.598538988
1820,0.234457518741,48.88588322
1830,0.234457518741,49.206057336
1840,0.217710553116,49.483844924
1850,0.217710553116,49.8078529
1860,0.217710553116,50.080162382
1870,0.217710553116,50.411103681
1880,0.234457518741,50.592246411
1890,0.217710553116,50.983559514
1900,0.217710553116,51.20101136
1910,0.217710553116,51.321689276
1920,0.234457518741,51.50984822
1930,0.253995645303,51.824014775
1940,0.277086158512,52.195103787
1950,0.253995645303,52.661376367
1960,0.253995645303,52.893155827
1970,0.253995645303,53.179089456
1980,0.234457518741,53.364411612
1990,0.234457518741,53.650965828
2000,0.234457518741,53.899548402
2010,0.234457518741,54.242622438
2020,0.217710553116,54.533390273
2030,0.217710553116,54.677758211
2040,0.217710553116,54.95592108
2050,0.217710553116,55.360071142
2060,0.203196516242,55.664206558
2070,0.217710553116,56.052379089
2080,0.217710553116,56.234979864
2090,0.217710553116,56.577843628
2100,0.217710553116,56.882704588
2110,0.203196516242,57.362341311
2120,0.203196516242,57.646890971
2130,0.217710553116,57.976963581
2140,0.217710553116,58.274701571
2150,0.217710553116,58.530915859
2160,0.217710553116,58.797131338
2170,0.217710553116,59.194738398
2180,0.234457518741,59.574181933
2190,0.234457518741,59.748814739
2200,0.234457518741,60.017596232
2210,0.253995645303,60.274316304
2220,0.234457518741,60.59521872
2230,0.234457518741,60.809344301
2240,0.253995645303,60.875331994
2250,0.253995645303,61.017199006
2260,0.234457518741,61.225853204
2270,0.253995645303,61.430442579
2280,0.234457518741,61.612956159
2290,0.234457518741,61.816597924
2300,0.253995645303,62.044339968
2310,0.253995645303,62.218641775
2320,0.253995645303,62.391768125
2330,0.253995645303,62.567461089
2340,0.253995645303,62.761366809
2350,0.253995645303,62.872590081
2360,0.253995645303,62.988287208
2370,0.253995645303,62.998942679
2380,0.277086158512,63.173507981
2390,0.253995645303,63.370441949
2400,0.253995645303,63.480924724
2410,0.253995645303,63.529268689
2420,0.253995645303,63.599892833
2430,0.253995645303,63.845792289
2440,0.234457518741,64.023055435
2450,0.253995645303,64.175115608
2460,0.253995645303,64.361083185
2470,0.253995645303,64.623917681
2480,0.253995645303,64.719673101
2490,0.253995645303,64.941570494
2500,0.277086158512,65.097931369
2510,0.253995645303,65.110728306
2520,0.253995645303,65.346911574
2530,0.277086158512,65.480291811
2540,0.253995645303,65.639059417
2550,0.253995645303,65.848745663
2560,0.304794774363,65.931436879
2570,0.304794774363,66.174406313
2580,0.304794774363,66.314857139
2590,0.304794774363,66.507252304
2600,0.304794774363,66.715505815
2610,0.304794774363,66.932660843
2620,0.304794774363,67.053875194
2630,0.304794774363,67.263801343
2640,0.304794774363,67.415885937
2650,0.304794774363,67.556019247
2660,0.304794774363,67.765089764
2670,0.304794774363,68.008326062
2680,0.304794774363,68.303075859
2690,0.304794774363,68.535511209
2700,0.338660860403,68.65505714
2710,0.338660860403,68.755277283
2720,0.304794774363,69.001497232
2730,0.338660860403,69.100340809
2740,0.338660860403,69.48042693
2750,0.338660860403,69.563929271
2760,0.338660860403,69.910809494
2770,0.380993467954,70.051142844
2780,0.380993467954,70.059814613
2790,0.380993467954,70.254622109
2800,0.380993467954,70.38157698
2810,0.380993467954,70.388987186
2820,0.380993467954,70.617950376
2830,0.380993467954,70.876051541
2840,0.435421106233,71.013489597
2850,0.380993467954,71.398402138
2860,0.435421106233,71.536450803
2870,0.380993467954,71.546141818
2880,0.435421106233,71.58124293
2890,0.380993467954,71.769896142
2900,0.380993467954,71.972677855
2910,0.380993467954,72.180549555
2920,0.380993467954,72.296396338
2930,0.380993467954,72.53694007
2940,0.380993467954,72.568352261
2950,0.380993467954,72.715510373
2960,0.380993467954,72.819239774
2970,0.380993467954,73.026217144
2980,0.380993467954,73.161916719
2990,0.435421106233,73.272287457
3000,0.380993467954,73.43160065
3010,0.380993467954,73.532522543
3020,0.380993467954,73.686344165
3030,0.380993467954,73.928306692
3040,0.380993467954,73.981728036
3050,0.380993467954,74.167066766
3060,0.380993467954,74.347841598
3070,0.380993467954,74.405120434
3080,0.380993467954,74.564612202
3090,0.380993467954,74.749506064
3100,0.380993467954,74.930791234
3110,0.380993467954,75.108769648
3120,0.338660860403,75.112065193
3130,0.338660860403,75.218716091
3140,0.338660860403,75.334535297
3150,0.338660860403,75.587013123
3160,0.338660860403,75.85311118
3170,0.338660860403,76.103534629
3180,0.338660860403,76.275814125
3190,0.338660860403,76.406612313
3200,0.338660860403,76.490409664
3210,0.435421106233,76.700842676
3220,0.380993467954,76.88163127
3230,0.435421106233,76.994040925
3240,0.435421106233,77.139970302
3250,0.435421106233,77.205820036
3260,0.435421106233,77.43460265
3270,0.435421106233,77.494924752
3280,0.435421106233,77.708355372
3290,0.435421106233,77.977206989
3300,0.435421106233,78.160481676
3310,0.435421106233,78.317988634
3320,0.507991290605,78.426417808
3330,0.435421106233,78.669735952
3340,0.435421106233,78.796596955
3350,0.435421106233,78.89895719
3360,0.435421106233,79.088295425
3370,0.435421106233,79.329135705
3380,0.435421106233,79.627904322
3390,0.435421106233,79.66568005
3400,0.435421106233,79.764469334
3410,0.435421106233,79.831543615
3420,0.507991290605,79.930721437
3430,0.435421106233,80.024451064
3440,0.435421106233,80.105166601
3450,0.435421106233,80.133009056
3460,0.435421106233,80.428019446
3470,0.435421106233,80.622710231
3480,0.435421106233,80.789299594
3490,0.435421106233,80.875504588
3500,0.435421106233,81.02391878
3510,0.435421106233,81.191237814
3520,0.435421106233,81.395019008
3530,0.435421106233,81.565405257
3540,0.435421106233,81.777849219
3550,0.435421106233,81.939091361
3560,0.435421106233,82.112502332
3570,0.435421106233,82.332064352
3580,0.435421106233,82.392431973
3590,0.435421106233,82.439039531
3600,0.435421106233,82.497765668
3610,0.507991290605,82.549651197
3620,0.507991290605,82.736575591
3630,0.507991290605,82.854556983
3640,0.507991290605,82.957984311
3650,0.507991290605,83.030064454
3660,0.507991290605,83.241223036
3670,0.507991290605,83.413348007
3680,0.507991290605,83.556852031
3690,0.507991290605,83.821247181
3700,0.507991290605,84.035953711
3710,0.507991290605,84.088586378
3720,0.507991290605,84.157924636
3730,0.507991290605,84.322706115
3740,0.507991290605,84.450662976
3750,0.507991290605,84.554941488
3760,0.507991290605,84.736603476
3770,0.507991290605,84.888344909
3780,0.507991290605,85.041684322
3790,0.507991290605,85.145567275
3800,0.507991290605,85.339195792
3810,0.507991290605,85.602563295
3820,0.507991290605,85.775680317
3830,0.507991290605,85.858294453
3840,0.507991290605,86.006561776
3850,0.507991290605,86.273280693
3860,0.507991290605,86.354715435
3870,0.507991290605,86.456865271
3880,0.507991290605,86.622597584
3890,0.507991290605,86.837642055
3900,0.507991290605,86.841381143
3910,0.507991290605,86.941939113
3920,0.507991290605,87.173203835
3930,0.507991290605,87.369870714
3940,0.507991290605,87.507011372
3950,0.507991290605,87.561854061
3960,0.507991290605,87.622871228
3970,0.507991290605,87.93656686
3980,0.507991290605,87.993698944
3990,0.507991290605,88.145427603
4000,0.507991290605,88.289333229
