iterations,fitness,time
0,0.136583624637,0.130046022
10,0.136583624637,0.214769195
20,0.150241987101,0.457793194
30,0.150241987101,0.677785772
40,0.166935541223,0.903201724
50,0.166935541223,1.093178145
60,0.176755278942,1.27405992
70,0.176755278942,1.411438385
80,0.176755278942,1.738615484
90,0.176755278942,1.953298071
100,0.187802483876,2.309235082
110,0.214631410144,2.53603328
120,0.200322649468,2.771220881
130,0.187802483876,3.007085519
140,0.200322649468,3.084702149
150,0.200322649468,3.250581388
160,0.200322649468,3.500279466
170,0.200322649468,3.72731112
180,0.200322649468,3.997364226
190,0.200322649468,4.058053849
200,0.231141518617,4.380102594
210,0.200322649468,4.687042004
220,0.200322649468,4.958679294
230,0.200322649468,5.059384302
240,0.214631410144,5.357978405
250,0.214631410144,5.522309025
260,0.214631410144,5.795107312
270,0.214631410144,5.892439631
280,0.200322649468,6.181816656
290,0.214631410144,6.357394861
300,0.214631410144,6.473266183
310,0.200322649468,6.596965825
320,0.214631410144,7.049573421
330,0.214631410144,7.2654735
340,0.214631410144,7.535450269
350,0.231141518617,7.881925171
360,0.231141518617,8.233235511
370,0.231141518617,8.466039082
380,0.231141518617,8.658560983
390,0.250403311835,8.877222994
400,0.250403311835,9.060382364
410,0.250403311835,9.298358969
420,0.231141518617,9.525516137
430,0.250403311835,9.804284521
440,0.250403311835,9.948803258
450,0.250403311835,10.1622551
460,0.231141518617,10.486040662
470,0.250403311835,10.728589535
480,0.250403311835,11.067552586
490,0.250403311835,11.268859994
500,0.250403311835,11.402097255
510,0.250403311835,11.709690756
520,0.250403311835,11.895400471
530,0.250403311835,12.172118042
540,0.250403311835,12.279181608
550,0.250403311835,12.402574497
560,0.250403311835,12.753364964
570,0.273167249274,12.829979987
580,0.273167249274,12.948212591
590,0.273167249274,13.204234268
600,0.273167249274,13.408690272
610,0.300483974202,13.583475835
620,0.300483974202,13.851944077
630,0.333871082446,14.087626788
640,0.300483974202,14.108045196
650,0.333871082446,14.418543306
660,0.333871082446,14.676346269
670,0.333871082446,15.058936888
680,0.375604967752,15.261517509
690,0.375604967752,15.534948815
700,0.375604967752,15.85601357
710,0.375604967752,16.070241306
720,0.375604967752,16.355330508
730,0.375604967752,16.498673006
740,0.375604967752,16.827581065
750,0.375604967752,16.957419918
760,0.375604967752,17.135847894
770,0.375604967752,17.527265044
780,0.375604967752,17.740153004
790,0.375604967752,18.010909831
800,0.375604967752,18.131830432
810,0.375604967752,18.381330443
820,0.375604967752,18.652698947
830,0.375604967752,19.047353666
840,0.375604967752,19.422400191
850,0.429262820288,19.727582023
860,0.375604967752,19.896441397
870,0.375604967752,20.123268414
880,0.375604967752,20.400547662
890,0.429262820288,20.758175743
900,0.375604967752,20.975794769
910,0.375604967752,21.169015676
920,0.375604967752,21.495174402
930,0.375604967752,21.738574269
940,0.375604967752,21.939398796
950,0.429262820288,22.148723075
960,0.429262820288,22.386687269
970,0.429262820288,22.674046546
980,0.500806623669,22.81494963
990,0.429262820288,23.059924423
1000,0.429262820288,23.341606219
1010,0.429262820288,23.564382122
1020,0.429262820288,23.833338281
1030,0.429262820288,24.016014021
1040,0.429262820288,24.32949829
1050,0.429262820288,24.532353288
1060,0.429262820288,24.843333744
1070,0.429262820288,25.040773699
1080,0.429262820288,25.305361836
1090,0.429262820288,25.609062343
1100,0.429262820288,25.867533979
1110,0.429262820288,26.230277902
1120,0.429262820288,26.444316441
1130,0.429262820288,26.720693369
1140,0.429262820288,27.066026953
1150,0.429262820288,27.292063877
1160,0.429262820288,27.553155655
1170,0.429262820288,27.772380879
1180,0.429262820288,28.117695763
1190,0.429262820288,28.311379053
1200,0.429262820288,28.580145492
1210,0.429262820288,28.821182974
1220,0.429262820288,29.161225444
1230,0.429262820288,29.395474426
1240,0.429262820288,29.625566775
1250,0.429262820288,29.908129811
1260,0.429262820288,30.255211804
1270,0.429262820288,30.361325373
1280,0.429262820288,30.383559654
1290,0.429262820288,30.660937006
1300,0.429262820288,30.870194054
1310,0.429262820288,30.894333591
1320,0.429262820288,30.914020591
1330,0.429262820288,31.326939107
1340,0.429262820288,31.556416657
1350,0.500806623669,31.788776675
1360,0.500806623669,31.943010974
1370,0.500806623669,32.151572455
1380,0.500806623669,32.564378932
1390,0.500806623669,32.772771025
1400,0.500806623669,33.028777809
1410,0.500806623669,33.197446323
1420,0.500806623669,33.321854283
1430,0.500806623669,33.650822478
1440,0.500806623669,33.745749649
1450,0.500806623669,33.841402874
1460,0.500806623669,34.085392887
1470,0.500806623669,34.310083122
1480,0.500806623669,34.572707713
1490,0.500806623669,34.743207393
1500,0.500806623669,34.949203866
1510,0.500806623669,35.17292945
1520,0.500806623669,35.422201387
1530,0.500806623669,35.673645184
1540,0.500806623669,35.858139375
1550,0.500806623669,35.95917145
1560,0.500806623669,36.183240341
1570,0.500806623669,36.39042478
1580,0.500806623669,36.522484946
1590,0.500806623669,36.689672648
1600,0.500806623669,36.879589064
1610,0.500806623669,37.08694092
1620,0.500806623669,37.29869737
1630,0.500806623669,37.460111047
1640,0.500806623669,37.671394156
1650,0.500806623669,37.775431297
1660,0.500806623669,37.861731532
1670,0.500806623669,38.063286046
1680,0.500806623669,38.195240336
1690,0.500806623669,38.380429685
1700,0.500806623669,38.539273056
1710,0.500806623669,38.729322062
1720,0.500806623669,38.884091066
1730,0.500806623669,38.948420432
1740,0.500806623669,39.181067369
1750,0.500806623669,39.347635228
1760,0.500806623669,39.574476551
1770,0.500806623669,39.74449375
1780,0.500806623669,39.948631402
1790,0.500806623669,40.141933305
1800,0.500806623669,40.310706592
1810,0.500806623669,40.381721917
1820,0.500806623669,40.560696016
1830,0.500806623669,40.810195757
1840,0.500806623669,40.946978996
1850,0.500806623669,41.098142096
1860,0.500806623669,41.23714743
1870,0.500806623669,41.374719373
1880,0.500806623669,41.438583776
1890,0.500806623669,41.592247866
1900,0.500806623669,41.714340552
1910,0.500806623669,41.819998359
1920,0.500806623669,41.992651932
1930,0.500806623669,42.195969545
1940,0.500806623669,42.337575763
1950,0.500806623669,42.479313489
1960,0.500806623669,42.650476961
1970,0.500806623669,42.851289227
1980,0.500806623669,42.971195007
1990,0.500806623669,43.106587922
2000,0.500806623669,43.326295245
2010,0.500806623669,43.506036938
2020,0.500806623669,43.723952104
2030,0.500806623669,43.897133936
2040,0.500806623669,44.08252691
2050,0.500806623669,44.224567137
2060,0.500806623669,44.427134662
2070,0.500806623669,44.671988908
2080,0.500806623669,44.898989597
2090,0.500806623669,45.023212313
2100,0.500806623669,45.115235006
2110,0.500806623669,45.164243
2120,0.500806623669,45.287784427
2130,0.500806623669,45.475507254
2140,0.500806623669,45.626690155
2150,0.500806623669,45.735818869
2160,0.500806623669,45.957390289
2170,0.500806623669,46.110154405
2180,0.500806623669,46.263188383
2190,0.500806623669,46.407747409
2200,0.500806623669,46.580336737
2210,0.500806623669,46.81974434
2220,0.500806623669,46.989791707
2230,0.500806623669,47.182780777
2240,0.500806623669,47.386653598
2250,0.500806623669,47.540943694
2260,0.500806623669,47.716777531
2270,0.500806623669,47.923115999
2280,0.500806623669,48.150545705
2290,0.500806623669,48.289982448
2300,0.500806623669,48.501321813
2310,0.500806623669,48.697392789
2320,0.500806623669,48.877238363
2330,0.500806623669,49.087180606
2340,0.500806623669,49.265844175
2350,0.500806623669,49.436504126
2360,0.500806623669,49.617660447
2370,0.500806623669,49.798531822
2380,0.500806623669,49.983065648
2390,0.500806623669,50.155201269
2400,0.500806623669,50.341885303
2410,0.500806623669,50.518408474
2420,0.500806623669,50.70936096
2430,0.500806623669,50.880263881
2440,0.500806623669,51.098225021
2450,0.500806623669,51.277855422
2460,0.500806623669,51.428676215
2470,0.500806623669,51.68291307
2480,0.500806623669,51.879037326
2490,0.500806623669,52.084614516
2500,0.500806623669,52.255632281
2510,0.500806623669,52.435917762
2520,0.500806623669,52.60535061
2530,0.500806623669,52.752017041
2540,0.500806623669,52.941922907
2550,0.500806623669,53.128519678
2560,0.500806623669,53.295682323
2570,0.500806623669,53.458686259
2580,0.500806623669,53.668523922
2590,0.500806623669,53.793749108
2600,0.500806623669,54.021763977
2610,0.500806623669,54.173645926
2620,0.500806623669,54.38716274
2630,0.500806623669,54.64820336
2640,0.500806623669,54.770146905
2650,0.500806623669,54.972639778
2660,0.500806623669,55.119521987
2670,0.500806623669,55.251746653
2680,0.500806623669,55.413880571
2690,0.500806623669,55.587547095
2700,0.500806623669,55.728588293
2710,0.500806623669,55.897692304
2720,0.500806623669,56.071256761
2730,0.500806623669,56.220382026
2740,0.500806623669,56.404738468
2750,0.500806623669,56.577353271
2760,0.500806623669,56.693128378
2770,0.500806623669,56.860934888
2780,0.500806623669,56.998912578
2790,0.500806623669,57.143631979
2800,0.500806623669,57.216763864
2810,0.500806623669,57.327553474
2820,0.500806623669,57.412891812
2830,0.500806623669,57.53915988
2840,0.500806623669,57.617918806
2850,0.500806623669,57.668039943
2860,0.500806623669,57.722704874
2870,0.500806623669,57.793639969
2880,0.500806623669,57.868460184
2890,0.500806623669,57.926109786
2900,0.500806623669,58.007107567
2910,0.500806623669,58.112931721
2920,0.500806623669,58.186811667
2930,0.500806623669,58.27694949
2940,0.500806623669,58.369199916
2950,0.500806623669,58.452970769
2960,0.500806623669,58.538512758
2970,0.500806623669,58.629681104
2980,0.500806623669,58.7039782
2990,0.500806623669,58.798360708
3000,0.500806623669,58.886359009
3010,0.500806623669,58.97083553
3020,0.500806623669,59.039204464
3030,0.500806623669,59.151068751
3040,0.500806623669,59.20641865
3050,0.500806623669,59.276231825
3060,0.500806623669,59.341345934
3070,0.500806623669,59.451387161
3080,0.500806623669,59.511815321
3090,0.500806623669,59.595072813
3100,0.500806623669,59.657605579
3110,0.500806623669,59.753716265
3120,0.500806623669,59.836208862
3130,0.500806623669,59.921417075
3140,0.500806623669,59.99533299
3150,0.500806623669,60.075557661
3160,0.500806623669,60.128218906
3170,0.500806623669,60.237734773
3180,0.500806623669,60.331300235
3190,0.500806623669,60.370240749
3200,0.500806623669,60.487639554
3210,0.500806623669,60.552983071
3220,0.500806623669,60.65803383
3230,0.500806623669,60.720303176
3240,0.500806623669,60.812599737
3250,0.500806623669,60.895007668
3260,0.500806623669,60.976312556
3270,0.500806623669,61.073145231
3280,0.500806623669,61.150481915
3290,0.500806623669,61.22339036
3300,0.500806623669,61.300748022
3310,0.500806623669,61.369282698
3320,0.500806623669,61.465023227
3330,0.500806623669,61.549725596
3340,0.500806623669,61.647703997
3350,0.500806623669,61.744960538
3360,0.500806623669,61.838591888
3370,0.500806623669,61.915050053
3380,0.500806623669,62.007860223
3390,0.500806623669,62.095448785
3400,0.500806623669,62.171448613
3410,0.500806623669,62.252460906
3420,0.500806623669,62.330651127
3430,0.500806623669,62.406077048
3440,0.500806623669,62.493301089
3450,0.500806623669,62.583347692
3460,0.500806623669,62.672436947
3470,0.500806623669,62.742713703
3480,0.500806623669,62.836406811
3490,0.500806623669,62.929436284
3500,0.500806623669,63.050692902
3510,0.500806623669,63.140226568
3520,0.600967948403,63.235237745
3530,0.600967948403,63.329510271
3540,0.600967948403,63.442852607
3550,0.600967948403,63.517831764
3560,0.600967948403,63.593971931
3570,0.600967948403,63.708531022
3580,0.600967948403,63.809589963
3590,0.600967948403,63.918709491
3600,0.600967948403,64.010408174
3610,0.600967948403,64.130774362
3620,0.600967948403,64.21815389
3630,0.600967948403,64.290071056
3640,0.600967948403,64.384338589
3650,0.600967948403,64.460086316
3660,0.600967948403,64.57271876
3670,0.600967948403,64.619899384
3680,0.600967948403,64.707473939
3690,0.600967948403,64.826810929
3700,0.600967948403,64.913383553
3710,0.600967948403,65.032229368
3720,0.600967948403,65.120744378
3730,0.600967948403,65.17590002
3740,0.600967948403,65.277905835
3750,0.600967948403,65.320374782
3760,0.600967948403,65.418515532
3770,0.600967948403,65.51254757
3780,0.600967948403,65.606439368
3790,0.751209935504,65.696474984
3800,0.751209935504,65.78884114
3810,0.751209935504,65.892078207
3820,0.751209935504,65.969511303
3830,0.751209935504,66.058877238
3840,0.751209935504,66.14766913
3850,0.751209935504,66.204766629
3860,0.751209935504,66.277280187
3870,0.751209935504,66.357310796
3880,0.751209935504,66.4442385
3890,0.751209935504,66.498667592
3900,0.751209935504,66.645083803
3910,0.751209935504,66.740915961
3920,0.751209935504,66.802961284
3930,0.751209935504,66.881492098
3940,0.751209935504,66.964741987
3950,0.751209935504,67.033467957
3960,0.751209935504,67.123926636
3970,0.751209935504,67.191061301
3980,0.751209935504,67.245710254
3990,0.751209935504,67.310132465
4000,0.751209935504,67.330085727
