iterations,fitness,time
0,0.179291043743,0.060615073
10,0.179291043743,0.254075601
20,0.190496733977,0.584975312
30,0.190496733977,0.84395858
40,0.203196516242,1.071555249
50,0.203196516242,1.27414613
60,0.203196516242,1.303976962
70,0.217710553116,1.32037827
80,0.203196516242,1.608973496
90,0.217710553116,1.806085667
100,0.217710553116,1.989751842
110,0.190496733977,2.259528355
120,0.217710553116,2.598541591
130,0.203196516242,2.670863083
140,0.203196516242,2.991009322
150,0.203196516242,3.02631051
160,0.217710553116,3.277908387
170,0.217710553116,3.620663669
180,0.217710553116,3.841230041
190,0.217710553116,3.935154936
200,0.217710553116,3.938992408
210,0.217710553116,4.139013067
220,0.217710553116,4.187448557
230,0.217710553116,4.686124329
240,0.217710553116,4.927177694
250,0.234457518741,5.215352532
260,0.234457518741,5.594453534
270,0.253995645303,5.717325178
280,0.234457518741,5.86175089
290,0.253995645303,6.073374487
300,0.277086158512,6.420310584
310,0.277086158512,6.732676492
320,0.253995645303,7.038243104
330,0.253995645303,7.288890543
340,0.253995645303,7.618281765
350,0.253995645303,7.902433113
360,0.234457518741,8.247710768
370,0.234457518741,8.502063287
380,0.234457518741,8.745465751
390,0.253995645303,9.006479735
400,0.217710553116,9.15302055
410,0.234457518741,9.511675718
420,0.234457518741,9.725254157
430,0.253995645303,9.956141749
440,0.253995645303,10.266624901
450,0.253995645303,10.675261975
460,0.253995645303,10.922037473
470,0.234457518741,11.436507143
480,0.253995645303,11.658619816
490,0.253995645303,12.040758507
500,0.277086158512,12.365245526
510,0.304794774363,12.583816137
520,0.277086158512,12.94073689
530,0.253995645303,13.307434892
540,0.253995645303,13.527568313
550,0.234457518741,13.90117503
560,0.234457518741,14.249004729
570,0.217710553116,14.473589431
580,0.203196516242,14.803922599
590,0.203196516242,15.07192235
600,0.203196516242,15.358306796
610,0.217710553116,15.659279807
620,0.203196516242,15.930441231
630,0.217710553116,16.212965207
640,0.217710553116,16.475127504
650,0.203196516242,16.878791382
660,0.203196516242,17.134716089
670,0.190496733977,17.388298374
680,0.203196516242,17.600216568
690,0.190496733977,17.88091317
700,0.179291043743,18.103908405
710,0.234457518741,18.470758958
720,0.234457518741,18.647295964
730,0.253995645303,19.05727669
740,0.253995645303,19.281045682
750,0.234457518741,19.510559253
760,0.234457518741,19.731421472
770,0.217710553116,20.089231014
780,0.217710553116,20.333209319
790,0.203196516242,20.47293248
800,0.217710553116,20.967533424
810,0.234457518741,21.109309415
820,0.217710553116,21.392182641
830,0.234457518741,21.684848617
840,0.234457518741,21.982553137
850,0.253995645303,22.248502214
860,0.253995645303,22.535724428
870,0.253995645303,22.72353876
880,0.253995645303,23.012681729
890,0.253995645303,23.249166108
900,0.253995645303,23.544415009
910,0.253995645303,23.97346355
920,0.234457518741,24.241912933
930,0.217710553116,24.524204066
940,0.203196516242,24.60671009
950,0.217710553116,24.954263415
960,0.217710553116,25.213971589
970,0.217710553116,25.49713296
980,0.234457518741,25.897981964
990,0.234457518741,26.283348385
1000,0.234457518741,26.607848957
1010,0.253995645303,26.904303051
1020,0.277086158512,27.215423895
1030,0.277086158512,27.45091925
1040,0.277086158512,27.675603239
1050,0.277086158512,27.979796183
1060,0.304794774363,28.366513126
1070,0.304794774363,28.729373937
1080,0.304794774363,29.023152198
1090,0.304794774363,29.457768521
1100,0.304794774363,29.523138083
1110,0.304794774363,29.772976807
1120,0.304794774363,30.108308901
1130,0.304794774363,30.365037963
1140,0.304794774363,30.49881843
1150,0.304794774363,30.660851058
1160,0.304794774363,31.019307232
1170,0.304794774363,31.30133001
1180,0.304794774363,31.732844031
1190,0.277086158512,32.042105799
1200,0.277086158512,32.33773589
1210,0.277086158512,32.595986941
1220,0.277086158512,32.914871118
1230,0.277086158512,33.161642596
1240,0.277086158512,33.395315818
1250,0.304794774363,33.684131286
1260,0.304794774363,34.036314861
1270,0.304794774363,34.225841037
1280,0.304794774363,34.521569684
1290,0.304794774363,34.742856424
1300,0.304794774363,34.781815986
1310,0.304794774363,34.825538723
1320,0.304794774363,34.983015696
1330,0.304794774363,35.372736796
1340,0.338660860403,35.591000971
1350,0.304794774363,36.05269557
1360,0.304794774363,36.305187843
1370,0.304794774363,36.579654899
1380,0.277086158512,36.852141597
1390,0.277086158512,37.217006145
1400,0.234457518741,37.47765008
1410,0.217710553116,37.824172714
1420,0.217710553116,38.134222047
1430,0.234457518741,38.451867398
1440,0.203196516242,38.726147897
1450,0.190496733977,39.055897539
1460,0.190496733977,39.259787805
1470,0.203196516242,39.439098459
1480,0.190496733977,39.630520682
1490,0.190496733977,39.736312933
1500,0.234457518741,40.078631562
1510,0.234457518741,40.340952105
1520,0.217710553116,40.628875959
1530,0.217710553116,40.971782112
1540,0.217710553116,41.264068767
1550,0.217710553116,41.455310698
1560,0.217710553116,41.782912294
1570,0.217710553116,42.137586373
1580,0.217710553116,42.472995063
1590,0.217710553116,42.895289202
1600,0.217710553116,43.161643728
1610,0.217710553116,43.574955526
1620,0.217710553116,43.735358903
1630,0.203196516242,43.947972105
1640,0.203196516242,44.074091972
1650,0.179291043743,44.402387353
1660,0.203196516242,44.781911466
1670,0.190496733977,45.089648968
1680,0.190496733977,45.242891662
1690,0.190496733977,45.58349665
1700,0.190496733977,45.826273898
1710,0.179291043743,46.140961093
1720,0.179291043743,46.504456138
1730,0.203196516242,46.715970696
1740,0.203196516242,47.141864263
1750,0.203196516242,47.368795666
1760,0.217710553116,47.558884476
1770,0.203196516242,47.798535905
1780,0.217710553116,48.143851228
1790,0.217710553116,48.569854996
1800,0.217710553116,48.855038703
1810,0.253995645303,49.201624436
1820,0.253995645303,49.343800019
1830,0.277086158512,49.561606508
1840,0.253995645303,49.817357457
1850,0.253995645303,50.18718734
1860,0.253995645303,50.567421494
1870,0.277086158512,50.785921135
1880,0.234457518741,51.242286534
1890,0.234457518741,51.699839177
1900,0.234457518741,51.946828947
1910,0.234457518741,52.247278227
1920,0.234457518741,52.590159628
1930,0.253995645303,52.900641219
1940,0.277086158512,53.197442277
1950,0.277086158512,53.453746597
1960,0.277086158512,53.796184549
1970,0.253995645303,54.15844915
1980,0.234457518741,54.457271503
1990,0.217710553116,54.70106393
2000,0.217710553116,54.925482539
2010,0.253995645303,55.315111579
2020,0.277086158512,55.55806069
2030,0.277086158512,56.008737787
2040,0.304794774363,56.235412977
2050,0.304794774363,56.522635158
2060,0.304794774363,56.802922469
2070,0.304794774363,57.171057461
2080,0.304794774363,57.543043301
2090,0.338660860403,57.878615806
2100,0.304794774363,58.1265635
2110,0.304794774363,58.150156481
2120,0.304794774363,58.39200128
2130,0.304794774363,58.709035733
2140,0.304794774363,59.001299422
2150,0.304794774363,59.338922772
2160,0.304794774363,59.489748936
2170,0.304794774363,59.610865253
2180,0.338660860403,59.777954865
2190,0.304794774363,60.02969001
2200,0.277086158512,60.194480538
2210,0.304794774363,60.391947492
2220,0.277086158512,60.734875813
2230,0.277086158512,61.096412868
2240,0.277086158512,61.289619741
2250,0.277086158512,61.501795814
2260,0.253995645303,61.617926313
2270,0.234457518741,61.706089251
2280,0.234457518741,61.934085675
2290,0.217710553116,62.17978138
2300,0.234457518741,62.401623178
2310,0.217710553116,62.533171264
2320,0.217710553116,62.546897241
2330,0.217710553116,62.560648786
2340,0.217710553116,62.807656341
2350,0.203196516242,62.941385793
2360,0.217710553116,63.172943717
2370,0.203196516242,63.377249347
2380,0.203196516242,63.49393386
2390,0.217710553116,63.729469297
2400,0.253995645303,63.827799638
2410,0.253995645303,63.892450802
2420,0.253995645303,63.942205224
2430,0.277086158512,64.095961584
2440,0.234457518741,64.308047017
2450,0.253995645303,64.586892372
2460,0.253995645303,64.706079379
2470,0.253995645303,64.819830744
2480,0.277086158512,65.119727074
2490,0.277086158512,65.249369189
2500,0.277086158512,65.467585911
2510,0.277086158512,65.687677201
2520,0.277086158512,65.695524713
2530,0.277086158512,65.936941383
2540,0.277086158512,66.142691103
2550,0.253995645303,66.255330995
2560,0.253995645303,66.457772689
2570,0.253995645303,66.656542794
2580,0.253995645303,66.873272646
2590,0.253995645303,67.048762474
2600,0.253995645303,67.199657289
2610,0.253995645303,67.351978588
2620,0.253995645303,67.408166623
2630,0.253995645303,67.57287479
2640,0.253995645303,67.691924612
2650,0.253995645303,67.88704517
2660,0.234457518741,68.047604219
2670,0.253995645303,68.138208264
2680,0.234457518741,68.148531508
2690,0.234457518741,68.344758693
2700,0.253995645303,68.562059153
2710,0.234457518741,68.792622709
2720,0.234457518741,68.862977342
2730,0.234457518741,68.97390392
2740,0.234457518741,69.059582795
2750,0.253995645303,69.219696558
2760,0.217710553116,69.47639045
2770,0.217710553116,69.668030517
2780,0.217710553116,69.749226256
2790,0.203196516242,69.759763929
2800,0.190496733977,70.054973155
2810,0.190496733977,70.236204071
2820,0.203196516242,70.441764711
2830,0.217710553116,70.499335783
2840,0.217710553116,70.663112128
2850,0.203196516242,70.790935055
2860,0.203196516242,70.946536411
2870,0.190496733977,71.066489986
2880,0.217710553116,71.166890913
2890,0.234457518741,71.291851236
2900,0.217710553116,71.508957474
2910,0.253995645303,71.669711423
2920,0.253995645303,71.874868808
2930,0.304794774363,72.040621445
2940,0.253995645303,72.199126946
2950,0.234457518741,72.362244048
2960,0.217710553116,72.447908039
2970,0.217710553116,72.454391836
2980,0.234457518741,72.549233851
2990,0.253995645303,72.654759206
3000,0.253995645303,72.829682873
3010,0.253995645303,73.035611599
3020,0.253995645303,73.158314127
3030,0.253995645303,73.311126755
3040,0.253995645303,73.570279826
3050,0.253995645303,73.634070273
3060,0.234457518741,73.642354481
3070,0.253995645303,73.720008669
3080,0.234457518741,73.886871587
3090,0.234457518741,74.05739278
3100,0.253995645303,74.228617157
3110,0.217710553116,74.363133435
3120,0.217710553116,74.516554779
3130,0.217710553116,74.731027003
3140,0.203196516242,74.854877676
3150,0.203196516242,75.032380356
3160,0.203196516242,75.264075511
3170,0.217710553116,75.40279606
3180,0.179291043743,75.474683532
3190,0.179291043743,75.578552164
3200,0.179291043743,75.742294468
3210,0.179291043743,75.939511379
3220,0.169330430202,76.201588722
3230,0.190496733977,76.305995257
3240,0.179291043743,76.578262254
3250,0.169330430202,76.774697477
3260,0.179291043743,76.932105808
3270,0.169330430202,77.020844825
3280,0.169330430202,77.187944894
3290,0.169330430202,77.445575528
3300,0.169330430202,77.621041891
3310,0.203196516242,77.837121156
3320,0.190496733977,78.09015874
3330,0.190496733977,78.247598917
3340,0.190496733977,78.515434091
3350,0.190496733977,78.583267024
3360,0.190496733977,78.660043659
3370,0.169330430202,78.830686798
3380,0.179291043743,79.012346786
3390,0.179291043743,79.108113526
3400,0.179291043743,79.381431831
3410,0.179291043743,79.529533787
3420,0.190496733977,79.768173968
3430,0.179291043743,79.923857603
3440,0.179291043743,80.091609141
3450,0.179291043743,80.188586947
3460,0.190496733977,80.447425793
3470,0.179291043743,80.616323917
3480,0.190496733977,80.799936397
3490,0.190496733977,81.004177075
3500,0.190496733977,81.067682455
3510,0.190496733977,81.269418083
3520,0.190496733977,81.446467531
3530,0.190496733977,81.512041185
3540,0.190496733977,81.613862015
3550,0.190496733977,81.71014748
3560,0.203196516242,81.936663807
3570,0.217710553116,81.979770103
3580,0.203196516242,82.198897512
3590,0.203196516242,82.321005567
3600,0.203196516242,82.420025088
3610,0.217710553116,82.499125048
3620,0.217710553116,82.688678175
3630,0.217710553116,82.939484083
3640,0.217710553116,83.098617266
3650,0.217710553116,83.305932816
3660,0.203196516242,83.508308859
3670,0.203196516242,83.714048487
3680,0.190496733977,83.875580059
3690,0.190496733977,84.129147815
3700,0.217710553116,84.139977656
3710,0.217710553116,84.328482573
3720,0.217710553116,84.635473557
3730,0.253995645303,84.734447123
3740,0.217710553116,84.961916805
3750,0.217710553116,85.083155003
3760,0.234457518741,85.261526317
3770,0.234457518741,85.49772919
3780,0.234457518741,85.691292319
3790,0.234457518741,85.809536166
3800,0.234457518741,85.997481297
3810,0.253995645303,86.208498526
3820,0.217710553116,86.421543831
3830,0.234457518741,86.572175411
3840,0.234457518741,86.814543209
3850,0.217710553116,86.996548025
3860,0.217710553116,87.17175388
3870,0.217710553116,87.310318967
3880,0.234457518741,87.555008273
3890,0.234457518741,87.615459122
3900,0.234457518741,87.823160438
3910,0.234457518741,87.940980747
3920,0.234457518741,87.987072822
3930,0.203196516242,88.028503923
3940,0.190496733977,88.083408736
3950,0.190496733977,88.258073643
3960,0.190496733977,88.296350984
3970,0.190496733977,88.356639407
3980,0.169330430202,88.570402725
3990,0.169330430202,88.692191836
4000,0.179291043743,88.806188738
