iterations,fitness,time
0,0.160418302296,0.027788934
10,0.160418302296,0.049710629
20,0.190496733977,0.228160621
30,0.179291043743,0.246714048
40,0.190496733977,0.445816208
50,0.190496733977,0.521276286
60,0.203196516242,0.655262251
70,0.190496733977,0.681860003
80,0.217710553116,0.756530485
90,0.217710553116,0.818223051
100,0.217710553116,0.879728912
110,0.234457518741,1.026516765
120,0.234457518741,1.129365753
130,0.234457518741,1.144910469
140,0.234457518741,1.318962282
150,0.217710553116,1.395861453
160,0.217710553116,1.417326173
170,0.217710553116,1.438328298
180,0.217710553116,1.591742038
190,0.217710553116,1.74224929
200,0.217710553116,1.813814206
210,0.217710553116,1.835409095
220,0.234457518741,1.853803109
230,0.234457518741,2.131327053
240,0.234457518741,2.158667437
250,0.304794774363,2.350111263
260,0.304794774363,2.620041653
270,0.304794774363,2.750587419
280,0.304794774363,2.765663981
290,0.304794774363,2.892269999
300,0.304794774363,2.982680445
310,0.304794774363,3.01258733
320,0.304794774363,3.215340632
330,0.304794774363,3.489725132
340,0.338660860403,3.550816689
350,0.338660860403,3.69811103
360,0.338660860403,3.88652285
370,0.380993467954,4.155762948
380,0.380993467954,4.298553594
390,0.380993467954,4.4229264
400,0.380993467954,4.610464745
410,0.380993467954,4.765925503
420,0.380993467954,4.910143778
430,0.380993467954,4.927733885
440,0.338660860403,5.181299323
450,0.338660860403,5.32262798
460,0.338660860403,5.482092861
470,0.338660860403,5.604234016
480,0.338660860403,5.889390161
490,0.338660860403,6.114830768
500,0.304794774363,6.281929652
510,0.304794774363,6.561399711
520,0.338660860403,6.63933823
530,0.380993467954,6.837763226
540,0.380993467954,7.026660903
550,0.338660860403,7.229051703
560,0.338660860403,7.320649945
570,0.338660860403,7.451398763
580,0.338660860403,7.648256826
590,0.338660860403,7.781941293
600,0.277086158512,7.791073189
610,0.277086158512,7.978558387
620,0.234457518741,8.24635818
630,0.253995645303,8.378790577
640,0.253995645303,8.646029297
650,0.253995645303,8.651219582
660,0.234457518741,8.791692161
670,0.253995645303,8.908990788
680,0.234457518741,9.008672105
690,0.253995645303,9.245456401
700,0.253995645303,9.369824661
710,0.277086158512,9.380007547
720,0.304794774363,9.45124067
730,0.338660860403,9.570993158
740,0.338660860403,9.840606802
750,0.338660860403,9.84990669
760,0.304794774363,9.85505125
770,0.304794774363,10.01081848
780,0.277086158512,10.213046117
790,0.277086158512,10.426494238
800,0.277086158512,10.644265821
810,0.304794774363,10.744400436
820,0.277086158512,10.891984759
830,0.304794774363,11.033607645
840,0.304794774363,11.209353642
850,0.304794774363,11.338980889
860,0.304794774363,11.534913326
870,0.304794774363,11.671904488
880,0.304794774363,11.682910608
890,0.304794774363,11.767535559
900,0.304794774363,11.890507067
910,0.277086158512,12.084168238
920,0.277086158512,12.205658256
930,0.277086158512,12.369235662
940,0.277086158512,12.482019582
950,0.277086158512,12.502339269
960,0.277086158512,12.548696134
970,0.253995645303,12.6590886
980,0.253995645303,12.789521792
990,0.253995645303,12.871573167
1000,0.253995645303,13.222492162
1010,0.253995645303,13.247192918
1020,0.253995645303,13.265864981
1030,0.253995645303,13.284832101
1040,0.234457518741,13.28677644
1050,0.253995645303,13.291013737
1060,0.217710553116,13.520709116
1070,0.217710553116,13.539852892
1080,0.234457518741,13.774709926
1090,0.217710553116,13.965863147
1100,0.217710553116,14.221578758
1110,0.217710553116,14.482797208
1120,0.217710553116,14.606008365
1130,0.217710553116,14.729570367
1140,0.217710553116,14.855026125
1150,0.203196516242,15.006546553
1160,0.203196516242,15.222540857
1170,0.217710553116,15.314906729
1180,0.217710553116,15.362648903
1190,0.234457518741,15.432213628
1200,0.217710553116,15.630746416
1210,0.217710553116,15.722604649
1220,0.217710553116,15.830106314
1230,0.217710553116,16.017553899
1240,0.217710553116,16.173902409
1250,0.203196516242,16.387811797
1260,0.190496733977,16.485836776
1270,0.190496733977,16.653570266
1280,0.190496733977,16.776039805
1290,0.203196516242,16.944276592
1300,0.217710553116,17.038839863
1310,0.203196516242,17.178237568
1320,0.203196516242,17.187693722
1330,0.203196516242,17.402408639
1340,0.234457518741,17.462951926
1350,0.217710553116,17.560073726
1360,0.203196516242,17.740383254
1370,0.190496733977,17.751210525
1380,0.190496733977,17.848206774
1390,0.203196516242,17.959687917
1400,0.190496733977,18.035695862
1410,0.190496733977,18.239071525
1420,0.190496733977,18.409657011
1430,0.217710553116,18.642838235
1440,0.234457518741,18.888290474
1450,0.234457518741,18.960066671
1460,0.253995645303,18.979018448
1470,0.253995645303,19.254458598
1480,0.234457518741,19.439645355
1490,0.253995645303,19.537936938
1500,0.253995645303,19.76520493
1510,0.253995645303,19.935734014
1520,0.253995645303,20.108325449
1530,0.253995645303,20.368684636
1540,0.277086158512,20.558342428
1550,0.217710553116,20.730213629
1560,0.217710553116,20.913830507
1570,0.203196516242,21.085546811
1580,0.203196516242,21.398485162
1590,0.203196516242,21.417033894
1600,0.203196516242,21.609561615
1610,0.203196516242,21.740961553
1620,0.217710553116,21.911363893
1630,0.217710553116,22.10894789
1640,0.217710553116,22.318721323
1650,0.217710553116,22.384970942
1660,0.203196516242,22.60667411
1670,0.190496733977,22.622696635
1680,0.190496733977,22.804975195
1690,0.203196516242,22.889626646
1700,0.203196516242,22.973011409
1710,0.203196516242,23.080089521
1720,0.203196516242,23.203362881
1730,0.217710553116,23.311826386
1740,0.217710553116,23.413654946
1750,0.203196516242,23.62050801
1760,0.217710553116,23.848362928
1770,0.234457518741,24.063659925
1780,0.234457518741,24.182894805
1790,0.253995645303,24.324882824
1800,0.234457518741,24.49320229
1810,0.234457518741,24.612764194
1820,0.253995645303,24.873083729
1830,0.234457518741,25.010055289
1840,0.217710553116,25.175592629
1850,0.234457518741,25.177561234
1860,0.234457518741,25.183419145
1870,0.234457518741,25.253574927
1880,0.234457518741,25.451192731
1890,0.217710553116,25.588751616
1900,0.217710553116,25.591428092
1910,0.217710553116,25.750852235
1920,0.217710553116,25.895983308
1930,0.217710553116,26.064048206
1940,0.234457518741,26.18312655
1950,0.217710553116,26.385904314
1960,0.217710553116,26.452208708
1970,0.234457518741,26.636266985
1980,0.203196516242,26.81568962
1990,0.217710553116,26.985068793
2000,0.217710553116,27.177148176
2010,0.203196516242,27.396954765
2020,0.203196516242,27.592217701
2030,0.203196516242,27.803349575
2040,0.203196516242,27.92290366
2050,0.253995645303,28.028691274
2060,0.253995645303,28.207034089
2070,0.253995645303,28.39037529
2080,0.277086158512,28.540017993
2090,0.253995645303,28.679873524
2100,0.234457518741,28.82324133
2110,0.234457518741,28.953946289
2120,0.234457518741,29.061306659
2130,0.234457518741,29.216782606
2140,0.217710553116,29.426933278
2150,0.234457518741,29.495573977
2160,0.234457518741,29.498362473
2170,0.234457518741,29.637238222
2180,0.234457518741,29.778946386
2190,0.234457518741,29.974452414
2200,0.253995645303,30.059631981
2210,0.234457518741,30.300289827
2220,0.277086158512,30.382051608
2230,0.277086158512,30.581318673
2240,0.277086158512,30.740123502
2250,0.277086158512,30.883841534
2260,0.338660860403,31.161346495
2270,0.338660860403,31.248221639
2280,0.338660860403,31.370954286
2290,0.338660860403,31.474707536
2300,0.338660860403,31.537472052
2310,0.338660860403,31.539601583
2320,0.380993467954,31.748173665
2330,0.338660860403,31.961613034
2340,0.338660860403,32.168619901
2350,0.380993467954,32.301375131
2360,0.380993467954,32.440229785
2370,0.380993467954,32.663531631
2380,0.380993467954,32.885350769
2390,0.380993467954,32.990055925
2400,0.380993467954,33.050440824
2410,0.380993467954,33.254945285
2420,0.338660860403,33.443802859
2430,0.380993467954,33.576691012
2440,0.338660860403,33.831919724
2450,0.338660860403,34.042024751
2460,0.338660860403,34.239336483
2470,0.380993467954,34.309275046
2480,0.380993467954,34.426711256
2490,0.380993467954,34.613573593
2500,0.435421106233,34.676879394
2510,0.380993467954,34.751725823
2520,0.338660860403,34.924663298
2530,0.338660860403,35.108828846
2540,0.304794774363,35.280079494
2550,0.304794774363,35.483081832
2560,0.304794774363,35.665500098
2570,0.277086158512,35.783879823
2580,0.253995645303,35.950535077
2590,0.253995645303,36.194678375
2600,0.253995645303,36.321537769
2610,0.253995645303,36.557008747
2620,0.253995645303,36.788194402
2630,0.253995645303,36.864537272
2640,0.217710553116,36.882531545
2650,0.217710553116,37.089370583
2660,0.217710553116,37.303036655
2670,0.217710553116,37.486063411
2680,0.217710553116,37.625113046
2690,0.217710553116,37.712104179
2700,0.217710553116,37.842096478
2710,0.234457518741,37.937247292
2720,0.253995645303,38.09531086
2730,0.253995645303,38.298657417
2740,0.234457518741,38.308012826
2750,0.253995645303,38.540064566
2760,0.253995645303,38.663139384
2770,0.253995645303,38.881205893
2780,0.277086158512,39.175884623
2790,0.277086158512,39.365128266
2800,0.253995645303,39.580333473
2810,0.253995645303,39.781126912
2820,0.234457518741,39.961422921
2830,0.234457518741,40.024833609
2840,0.253995645303,40.162560656
2850,0.234457518741,40.355448532
2860,0.253995645303,40.521854346
2870,0.253995645303,40.609690723
2880,0.234457518741,40.611720411
2890,0.217710553116,40.614232233
2900,0.217710553116,40.809023021
2910,0.234457518741,40.962019583
2920,0.253995645303,41.09358251
2930,0.234457518741,41.210359719
2940,0.234457518741,41.443311822
2950,0.253995645303,41.525346326
2960,0.234457518741,41.651190111
2970,0.217710553116,41.657033721
2980,0.234457518741,41.771264631
2990,0.234457518741,41.973377561
3000,0.253995645303,42.035145314
3010,0.253995645303,42.114675221
3020,0.253995645303,42.38026777
3030,0.253995645303,42.428378456
3040,0.253995645303,42.708301617
3050,0.234457518741,42.893090679
3060,0.234457518741,43.057020733
3070,0.234457518741,43.074691015
3080,0.253995645303,43.313337847
3090,0.277086158512,43.465008172
3100,0.277086158512,43.793036465
3110,0.277086158512,44.00214748
3120,0.277086158512,44.113093931
3130,0.253995645303,44.359652963
3140,0.234457518741,44.483856385
3150,0.234457518741,44.589978643
3160,0.253995645303,44.870482118
3170,0.253995645303,44.977551313
3180,0.234457518741,44.980125413
3190,0.234457518741,45.063058706
3200,0.203196516242,45.279714187
3210,0.203196516242,45.465841526
3220,0.217710553116,45.651202225
3230,0.217710553116,45.846975339
3240,0.217710553116,46.05465787
3250,0.217710553116,46.194554952
3260,0.203196516242,46.413895547
3270,0.217710553116,46.576722511
3280,0.234457518741,46.792121749
3290,0.304794774363,46.977161523
3300,0.304794774363,47.175250699
3310,0.304794774363,47.275068399
3320,0.304794774363,47.434100712
3330,0.304794774363,47.657825091
3340,0.304794774363,47.747535489
3350,0.304794774363,47.903754513
3360,0.304794774363,48.078560206
3370,0.304794774363,48.208305807
3380,0.304794774363,48.375782451
3390,0.304794774363,48.520712071
3400,0.304794774363,48.694715695
3410,0.304794774363,48.800886964
3420,0.304794774363,49.009842229
3430,0.338660860403,49.196134238
3440,0.304794774363,49.379938183
3450,0.304794774363,49.616217052
3460,0.304794774363,49.798856731
3470,0.304794774363,49.820014714
3480,0.304794774363,49.968323916
3490,0.304794774363,50.168371634
3500,0.338660860403,50.409550407
3510,0.304794774363,50.413202532
3520,0.304794774363,50.582151744
3530,0.304794774363,50.818891474
3540,0.338660860403,51.001750301
3550,0.338660860403,51.153233866
3560,0.304794774363,51.249438916
3570,0.304794774363,51.261074313
3580,0.338660860403,51.583166508
3590,0.304794774363,51.707258073
3600,0.277086158512,51.826943016
3610,0.277086158512,51.932658884
3620,0.304794774363,52.092658831
3630,0.304794774363,52.332251922
3640,0.304794774363,52.554594974
3650,0.304794774363,52.698103025
3660,0.304794774363,52.852580798
3670,0.304794774363,52.996304685
3680,0.304794774363,53.239331953
3690,0.304794774363,53.469940369
3700,0.304794774363,53.604506388
3710,0.304794774363,53.707302478
3720,0.304794774363,53.928065799
3730,0.304794774363,54.085816117
3740,0.304794774363,54.222817105
3750,0.304794774363,54.378686217
3760,0.304794774363,54.517448598
3770,0.304794774363,54.624728735
3780,0.304794774363,54.704981671
3790,0.304794774363,54.95205678
3800,0.304794774363,55.155959662
3810,0.304794774363,55.361303396
3820,0.338660860403,55.638880537
3830,0.338660860403,55.773600785
3840,0.338660860403,55.944323901
3850,0.338660860403,56.088675015
3860,0.304794774363,56.292063027
3870,0.304794774363,56.384890086
3880,0.304794774363,56.656871503
3890,0.338660860403,56.844692305
3900,0.380993467954,57.043040481
3910,0.380993467954,57.196358679
3920,0.435421106233,57.377224461
3930,0.435421106233,57.575128531
3940,0.435421106233,57.816250914
3950,0.435421106233,57.983419466
3960,0.380993467954,58.103258122
3970,0.380993467954,58.12094844
3980,0.380993467954,58.371010268
3990,0.380993467954,58.457881456
4000,0.380993467954,58.585330442
