iterations,fitness,time
0,0.145140368744,0.044343035
10,0.160418302296,0.096812845
20,0.145140368744,0.103591221
30,0.152397387182,0.109136548
40,0.160418302296,0.113610399
50,0.160418302296,0.118490153
60,0.169330430202,0.123199239
70,0.179291043743,0.127473384
80,0.179291043743,0.132813577
90,0.179291043743,0.138613259
100,0.169330430202,0.143955384
110,0.169330430202,0.148990412
120,0.179291043743,0.152754822
130,0.179291043743,0.158702342
140,0.179291043743,0.1631044
150,0.190496733977,0.167846625
160,0.179291043743,0.172998802
170,0.190496733977,0.565108956
180,0.190496733977,0.761689272
190,0.217710553116,0.943802535
200,0.217710553116,1.137512005
210,0.234457518741,1.346885383
220,0.234457518741,1.476899461
230,0.234457518741,1.596427578
240,0.234457518741,1.732848921
250,0.234457518741,1.940257452
260,0.234457518741,2.242947585
270,0.234457518741,2.337938589
280,0.253995645303,2.497148615
290,0.253995645303,2.713748494
300,0.253995645303,2.734433914
310,0.253995645303,2.922754577
320,0.253995645303,2.947354392
330,0.253995645303,2.969521822
340,0.277086158512,2.985066164
350,0.253995645303,3.301956169
360,0.253995645303,3.438714049
370,0.253995645303,3.536091676
380,0.253995645303,3.68897754
390,0.277086158512,3.833112065
400,0.277086158512,3.932122107
410,0.277086158512,3.997958633
420,0.304794774363,4.30038201
430,0.277086158512,4.507358235
440,0.304794774363,4.616175322
450,0.277086158512,4.825992162
460,0.277086158512,5.028308725
470,0.277086158512,5.219548987
480,0.277086158512,5.352701031
490,0.277086158512,5.544128593
500,0.277086158512,5.626532174
510,0.277086158512,5.825842564
520,0.277086158512,5.906777645
530,0.277086158512,6.063220408
540,0.277086158512,6.226496699
550,0.253995645303,6.482463621
560,0.253995645303,6.62697471
570,0.253995645303,6.805622515
580,0.277086158512,7.024142189
590,0.277086158512,7.233349905
600,0.277086158512,7.399562107
610,0.277086158512,7.482638748
620,0.277086158512,7.773422902
630,0.277086158512,7.995787148
640,0.277086158512,8.121659557
650,0.277086158512,8.289457863
660,0.277086158512,8.403368894
670,0.277086158512,8.523850386
680,0.277086158512,8.592388928
690,0.277086158512,8.68343316
700,0.277086158512,8.817074204
710,0.277086158512,8.997154829
720,0.277086158512,9.211271205
730,0.277086158512,9.311448104
740,0.277086158512,9.326264618
750,0.277086158512,9.658190269
760,0.277086158512,9.740885447
770,0.338660860403,10.008542131
780,0.304794774363,10.021891705
790,0.338660860403,10.165213635
800,0.338660860403,10.195358442
810,0.338660860403,10.542920504
820,0.338660860403,10.64132664
830,0.338660860403,10.785065236
840,0.338660860403,10.970508111
850,0.338660860403,11.074799539
860,0.338660860403,11.309233479
870,0.338660860403,11.460484091
880,0.338660860403,11.601943363
890,0.338660860403,11.85537642
900,0.338660860403,11.988931486
910,0.338660860403,12.250966991
920,0.338660860403,12.402386977
930,0.338660860403,12.538773213
940,0.338660860403,12.718899678
950,0.338660860403,12.783472364
960,0.338660860403,12.922814112
970,0.338660860403,13.086582685
980,0.338660860403,13.164102113
990,0.338660860403,13.271854819
1000,0.380993467954,13.426631706
1010,0.380993467954,13.593369566
1020,0.380993467954,13.795648172
1030,0.380993467954,13.854933292
1040,0.380993467954,13.957065549
1050,0.380993467954,13.966829459
1060,0.380993467954,14.269538156
1070,0.380993467954,14.389634272
1080,0.380993467954,14.622615365
1090,0.380993467954,14.788716427
1100,0.380993467954,14.888956399
1110,0.380993467954,15.083943915
1120,0.380993467954,15.227343544
1130,0.380993467954,15.322953395
1140,0.380993467954,15.444857037
1150,0.380993467954,15.508768923
1160,0.380993467954,15.600016178
1170,0.380993467954,15.819435438
1180,0.338660860403,16.037840188
1190,0.338660860403,16.209517631
1200,0.338660860403,16.337063377
1210,0.338660860403,16.572419407
1220,0.338660860403,16.776629818
1230,0.338660860403,16.905325562
1240,0.304794774363,17.076023264
1250,0.304794774363,17.288746851
1260,0.304794774363,17.315890205
1270,0.304794774363,17.575637413
1280,0.338660860403,17.68216417
1290,0.338660860403,17.804801181
1300,0.338660860403,17.969469543
1310,0.338660860403,18.034142416
1320,0.380993467954,18.036785046
1330,0.380993467954,18.046279799
1340,0.380993467954,18.269677758
1350,0.380993467954,18.528863637
1360,0.380993467954,18.666997127
1370,0.380993467954,18.869784963
1380,0.380993467954,19.023326063
1390,0.380993467954,19.20986375
1400,0.380993467954,19.41365504
1410,0.380993467954,19.555174808
1420,0.380993467954,19.566083435
1430,0.380993467954,19.573029655
1440,0.380993467954,19.794053403
1450,0.380993467954,19.976630361
1460,0.380993467954,20.107791083
1470,0.435421106233,20.22811708
1480,0.380993467954,20.526426666
1490,0.380993467954,20.652582494
1500,0.380993467954,20.737522196
1510,0.380993467954,20.883055091
1520,0.380993467954,21.128159035
1530,0.380993467954,21.243820103
1540,0.435421106233,21.29442908
1550,0.435421106233,21.407263784
1560,0.435421106233,21.444769369
1570,0.435421106233,21.617102934
1580,0.435421106233,21.747728205
1590,0.435421106233,21.947284387
1600,0.435421106233,22.230565888
1610,0.435421106233,22.47483631
1620,0.435421106233,22.603421871
1630,0.435421106233,22.815511688
1640,0.435421106233,22.931389246
1650,0.435421106233,23.079985665
1660,0.435421106233,23.08364596
1670,0.435421106233,23.270734958
1680,0.435421106233,23.455249553
1690,0.435421106233,23.576523934
1700,0.435421106233,23.582061964
1710,0.435421106233,23.746981209
1720,0.435421106233,23.9456882
1730,0.435421106233,24.11690433
1740,0.435421106233,24.156018049
1750,0.435421106233,24.175841882
1760,0.435421106233,24.255617847
1770,0.435421106233,24.50510055
1780,0.435421106233,24.593907385
1790,0.435421106233,24.624524358
1800,0.435421106233,24.829004437
1810,0.435421106233,24.911147463
1820,0.435421106233,25.080572533
1830,0.435421106233,25.190002236
1840,0.435421106233,25.336467148
1850,0.435421106233,25.467133881
1860,0.435421106233,25.649016137
1870,0.435421106233,25.882765798
1880,0.435421106233,26.093285405
1890,0.435421106233,26.312177966
1900,0.435421106233,26.346772645
1910,0.435421106233,26.349850261
1920,0.435421106233,26.363708057
1930,0.435421106233,26.598903486
1940,0.435421106233,26.721689595
1950,0.435421106233,26.851143425
1960,0.435421106233,27.041168207
1970,0.435421106233,27.307275919
1980,0.435421106233,27.451344912
1990,0.435421106233,27.609587256
2000,0.435421106233,27.807525293
2010,0.435421106233,28.003649356
2020,0.435421106233,28.31968915
2030,0.435421106233,28.557199198
2040,0.435421106233,28.733497514
2050,0.435421106233,28.948953946
2060,0.435421106233,29.189536099
2070,0.435421106233,29.333517373
2080,0.435421106233,29.53562659
2090,0.435421106233,29.615403163
2100,0.435421106233,29.799362371
2110,0.338660860403,29.925088907
2120,0.338660860403,29.943129109
2130,0.338660860403,30.172691032
2140,0.380993467954,30.308885669
2150,0.380993467954,30.536475511
2160,0.380993467954,30.673634606
2170,0.380993467954,30.894187294
2180,0.380993467954,31.076702165
2190,0.380993467954,31.166485241
2200,0.380993467954,31.293811923
2210,0.380993467954,31.50178208
2220,0.380993467954,31.65217667
2230,0.435421106233,31.854327865
2240,0.435421106233,32.019849469
2250,0.435421106233,32.188331102
2260,0.435421106233,32.197098007
2270,0.435421106233,32.346637658
2280,0.435421106233,32.587521923
2290,0.435421106233,32.745755141
2300,0.435421106233,32.838423412
2310,0.435421106233,33.046045211
2320,0.435421106233,33.129241666
2330,0.435421106233,33.218102172
2340,0.435421106233,33.366319594
2350,0.435421106233,33.493005918
2360,0.435421106233,33.657368166
2370,0.435421106233,33.797912631
2380,0.435421106233,34.246299435
2390,0.435421106233,34.364383104
2400,0.435421106233,34.601394633
2410,0.435421106233,34.842798079
2420,0.435421106233,34.991692114
2430,0.435421106233,35.000503941
2440,0.435421106233,35.092622872
2450,0.435421106233,35.273096569
2460,0.435421106233,35.509017086
2470,0.435421106233,35.727701423
2480,0.435421106233,35.956535236
2490,0.435421106233,36.164433745
2500,0.435421106233,36.386449293
2510,0.435421106233,36.524051153
2520,0.435421106233,36.642971968
2530,0.435421106233,36.80564945
2540,0.435421106233,37.034838005
2550,0.435421106233,37.219998086
2560,0.435421106233,37.417219434
2570,0.435421106233,37.541609506
2580,0.435421106233,37.606912594
2590,0.435421106233,37.690013656
2600,0.435421106233,37.903837886
2610,0.435421106233,38.05221746
2620,0.435421106233,38.340442216
2630,0.435421106233,38.428108248
2640,0.435421106233,38.693404775
2650,0.435421106233,38.819410442
2660,0.435421106233,38.915223211
2670,0.435421106233,39.138049585
2680,0.435421106233,39.312084825
2690,0.435421106233,39.393080864
2700,0.435421106233,39.478934852
2710,0.435421106233,39.698770363
2720,0.435421106233,39.786856673
2730,0.435421106233,39.94828734
2740,0.435421106233,40.081796861
2750,0.435421106233,40.203178729
2760,0.435421106233,40.408023685
2770,0.435421106233,40.52311823
2780,0.435421106233,40.731839512
2790,0.435421106233,40.940070509
2800,0.435421106233,41.135270527
2810,0.435421106233,41.257209469
2820,0.435421106233,41.360215126
2830,0.435421106233,41.452416434
2840,0.435421106233,41.596132629
2850,0.435421106233,41.749011372
2860,0.435421106233,41.853503984
2870,0.435421106233,42.144631298
2880,0.435421106233,42.241079016
2890,0.435421106233,42.493043581
2900,0.435421106233,42.607471604
2910,0.435421106233,42.791839138
2920,0.435421106233,43.053750446
2930,0.435421106233,43.140551163
2940,0.435421106233,43.344302702
2950,0.435421106233,43.378945466
2960,0.435421106233,43.602388259
2970,0.435421106233,43.797054474
2980,0.435421106233,43.816244399
2990,0.435421106233,43.825081749
3000,0.435421106233,43.982441929
3010,0.435421106233,44.297604608
3020,0.435421106233,44.491170988
3030,0.435421106233,44.586116418
3040,0.435421106233,44.819635725
3050,0.435421106233,45.035399347
3060,0.435421106233,45.190140807
3070,0.435421106233,45.439875937
3080,0.435421106233,45.67016372
3090,0.435421106233,45.812600327
3100,0.435421106233,45.949917937
3110,0.435421106233,46.078580862
3120,0.435421106233,46.246379938
3130,0.435421106233,46.452633722
3140,0.435421106233,46.601040102
3150,0.435421106233,46.774612918
3160,0.435421106233,46.846317048
3170,0.435421106233,47.011443304
3180,0.435421106233,47.193036529
3190,0.435421106233,47.37457946
3200,0.435421106233,47.676113748
3210,0.435421106233,47.759673869
3220,0.435421106233,47.918632188
3230,0.435421106233,48.089567222
3240,0.435421106233,48.243202649
3250,0.435421106233,48.407939174
3260,0.435421106233,48.570185579
3270,0.435421106233,48.806227828
3280,0.435421106233,48.932633727
3290,0.435421106233,49.108205723
3300,0.435421106233,49.304711314
3310,0.435421106233,49.443120276
3320,0.435421106233,49.602406743
3330,0.435421106233,49.791249687
3340,0.435421106233,49.90915843
3350,0.435421106233,50.138248539
3360,0.435421106233,50.312902399
3370,0.435421106233,50.519304683
3380,0.435421106233,50.544438501
3390,0.435421106233,50.54554907
3400,0.507991290605,50.549927555
3410,0.507991290605,50.552207184
3420,0.507991290605,50.658838112
3430,0.507991290605,50.871320778
3440,0.507991290605,51.071922631
3450,0.507991290605,51.261883274
3460,0.507991290605,51.51186546
3470,0.507991290605,51.688650238
3480,0.507991290605,51.908502107
3490,0.507991290605,52.020837652
3500,0.507991290605,52.211430775
3510,0.507991290605,52.280533438
3520,0.507991290605,52.483682077
3530,0.507991290605,52.677417811
3540,0.507991290605,52.761396352
3550,0.507991290605,52.907863187
3560,0.507991290605,53.035674129
3570,0.507991290605,53.306694017
3580,0.507991290605,53.382377399
3590,0.507991290605,53.654913088
3600,0.507991290605,53.723369565
3610,0.507991290605,53.839199937
3620,0.507991290605,53.842441119
3630,0.507991290605,53.913953588
3640,0.507991290605,54.087093689
3650,0.507991290605,54.236856771
3660,0.507991290605,54.240278886
3670,0.507991290605,54.324087483
3680,0.507991290605,54.450570932
3690,0.507991290605,54.682730084
3700,0.507991290605,54.768516959
3710,0.507991290605,54.873479818
3720,0.507991290605,55.005467111
3730,0.507991290605,55.00738148
3740,0.609589548726,55.15028232
3750,0.609589548726,55.224375573
3760,0.609589548726,55.465234246
3770,0.609589548726,55.538739127
3780,0.609589548726,55.569627093
3790,0.609589548726,55.659169365
3800,0.609589548726,55.888264784
3810,0.609589548726,56.055806218
3820,0.609589548726,56.375264949
3830,0.609589548726,56.457659215
3840,0.609589548726,56.647237557
3850,0.609589548726,56.708860684
3860,0.609589548726,56.928389622
3870,0.609589548726,57.0783455
3880,0.609589548726,57.277843762
3890,0.609589548726,57.434294326
3900,0.609589548726,57.651099507
3910,0.609589548726,57.737571946
3920,0.609589548726,57.872706003
3930,0.609589548726,58.072905321
3940,0.609589548726,58.079667586
3950,0.609589548726,58.249884633
3960,0.609589548726,58.447246547
3970,0.609589548726,58.561846129
3980,0.609589548726,58.759521405
3990,0.609589548726,58.827044588
4000,0.609589548726,59.011409828
