iterations,fitness,time
0,0.150241987101,0.033997604
10,0.150241987101,0.268441578
20,0.158149460106,0.491077678
30,0.166935541223,0.732700439
40,0.166935541223,0.926559388
50,0.166935541223,1.223622468
60,0.176755278942,1.42780781
70,0.166935541223,1.577411004
80,0.176755278942,1.775872536
90,0.176755278942,2.099239069
100,0.176755278942,2.329458136
110,0.187802483876,2.437644866
120,0.187802483876,2.813289624
130,0.214631410144,2.889325594
140,0.187802483876,3.106406131
150,0.187802483876,3.263758424
160,0.187802483876,3.416752777
170,0.214631410144,3.634303605
180,0.214631410144,3.910259446
190,0.214631410144,4.186559915
200,0.231141518617,4.36343824
210,0.231141518617,4.728330407
220,0.231141518617,5.053640542
230,0.231141518617,5.17714248
240,0.231141518617,5.461422177
250,0.231141518617,5.6527563
260,0.231141518617,5.869548747
270,0.250403311835,6.081957373
280,0.231141518617,6.217351868
290,0.250403311835,6.433351954
300,0.231141518617,6.67638175
310,0.214631410144,6.871909102
320,0.214631410144,7.089749448
330,0.214631410144,7.331457477
340,0.214631410144,7.528509607
350,0.214631410144,7.866489313
360,0.214631410144,8.046866282
370,0.214631410144,8.228610323
380,0.231141518617,8.495623266
390,0.231141518617,8.654776124
400,0.214631410144,8.862475238
410,0.231141518617,9.090576119
420,0.231141518617,9.405608428
430,0.231141518617,9.598824631
440,0.231141518617,9.876114361
450,0.273167249274,10.1480817
460,0.273167249274,10.293332472
470,0.273167249274,10.585241099
480,0.273167249274,10.794452477
490,0.273167249274,10.996828194
500,0.273167249274,11.322212887
510,0.273167249274,11.649557615
520,0.300483974202,11.849179682
530,0.300483974202,11.874616929
540,0.300483974202,12.135034463
550,0.300483974202,12.190719012
560,0.273167249274,12.419680781
570,0.300483974202,12.680204404
580,0.333871082446,12.873360663
590,0.300483974202,13.037637338
600,0.300483974202,13.253933542
610,0.300483974202,13.447059663
620,0.300483974202,13.604894701
630,0.300483974202,13.7933665
640,0.300483974202,13.950792408
650,0.300483974202,14.226002032
660,0.300483974202,14.426115036
670,0.333871082446,14.690223289
680,0.300483974202,15.033218986
690,0.300483974202,15.269354015
700,0.300483974202,15.492873031
710,0.333871082446,15.696718752
720,0.333871082446,15.996368659
730,0.333871082446,16.19318143
740,0.333871082446,16.429496782
750,0.333871082446,16.450127773
760,0.333871082446,16.659048643
770,0.333871082446,16.820521625
780,0.333871082446,17.185788564
790,0.375604967752,17.334812753
800,0.333871082446,17.557860711
810,0.333871082446,17.90872829
820,0.333871082446,18.15104183
830,0.333871082446,18.397144222
840,0.333871082446,18.757432782
850,0.375604967752,18.925559747
860,0.333871082446,19.288343712
870,0.333871082446,19.617399235
880,0.333871082446,19.80581759
890,0.333871082446,20.144289344
900,0.333871082446,20.174193548
910,0.333871082446,20.599638029
920,0.333871082446,20.82388387
930,0.333871082446,21.094827552
940,0.333871082446,21.307599522
950,0.333871082446,21.607192974
960,0.333871082446,21.783024346
970,0.333871082446,22.101646348
980,0.333871082446,22.377688121
990,0.333871082446,22.631851461
1000,0.375604967752,22.849682826
1010,0.375604967752,23.141888134
1020,0.333871082446,23.323651869
1030,0.333871082446,23.544392445
1040,0.333871082446,23.917660668
1050,0.333871082446,24.086401344
1060,0.333871082446,24.361991336
1070,0.333871082446,24.600071329
1080,0.333871082446,24.864645732
1090,0.333871082446,25.071117644
1100,0.333871082446,25.323110309
1110,0.333871082446,25.531118541
1120,0.333871082446,25.67412102
1130,0.333871082446,25.98539929
1140,0.375604967752,26.377398005
1150,0.333871082446,26.548651855
1160,0.333871082446,26.794448154
1170,0.333871082446,27.11854142
1180,0.333871082446,27.290320888
1190,0.333871082446,27.609662152
1200,0.333871082446,27.75706405
1210,0.333871082446,28.052209602
1220,0.333871082446,28.248997393
1230,0.333871082446,28.515135824
1240,0.333871082446,28.822488546
1250,0.375604967752,29.088434935
1260,0.333871082446,29.323252394
1270,0.333871082446,29.537636416
1280,0.375604967752,29.735161274
1290,0.375604967752,30.040670469
1300,0.375604967752,30.31261323
1310,0.375604967752,30.487894303
1320,0.375604967752,30.62244477
1330,0.375604967752,30.646440442
1340,0.375604967752,31.031472579
1350,0.375604967752,31.407323403
1360,0.429262820288,31.736674593
1370,0.429262820288,31.939138145
1380,0.429262820288,32.233445766
1390,0.429262820288,32.313735451
1400,0.429262820288,32.611434383
1410,0.429262820288,32.902478589
1420,0.429262820288,32.92561424
1430,0.429262820288,32.95121002
1440,0.429262820288,32.970263304
1450,0.429262820288,33.347304983
1460,0.429262820288,33.775900617
1470,0.429262820288,34.147617128
1480,0.429262820288,34.304021413
1490,0.429262820288,34.441270674
1500,0.429262820288,34.696668152
1510,0.429262820288,34.945128013
1520,0.429262820288,35.184237515
1530,0.429262820288,35.393201346
1540,0.429262820288,35.517901819
1550,0.429262820288,35.638628816
1560,0.429262820288,35.765923288
1570,0.429262820288,35.905628277
1580,0.429262820288,36.084724619
1590,0.429262820288,36.27204846
1600,0.429262820288,36.385509183
1610,0.429262820288,36.430868861
1620,0.429262820288,36.719987309
1630,0.429262820288,36.936482028
1640,0.429262820288,37.013661692
1650,0.429262820288,37.09616995
1660,0.429262820288,37.241053635
1670,0.429262820288,37.392488217
1680,0.429262820288,37.512150767
1690,0.429262820288,37.693192317
1700,0.429262820288,37.776641334
1710,0.429262820288,37.913280567
1720,0.429262820288,38.116807532
1730,0.429262820288,38.298653834
1740,0.429262820288,38.346742108
1750,0.429262820288,38.35043549
1760,0.429262820288,38.415712192
1770,0.429262820288,38.644050944
1780,0.429262820288,38.770607937
1790,0.429262820288,39.060846947
1800,0.429262820288,39.157113274
1810,0.429262820288,39.40550398
1820,0.429262820288,39.588007754
1830,0.429262820288,39.813618472
1840,0.429262820288,40.030396704
1850,0.429262820288,40.179633896
1860,0.429262820288,40.299211255
1870,0.429262820288,40.447762899
1880,0.429262820288,40.593956923
1890,0.429262820288,40.81958633
1900,0.429262820288,40.942951305
1910,0.429262820288,41.157338557
1920,0.429262820288,41.192654882
1930,0.429262820288,41.285962123
1940,0.429262820288,41.446013308
1950,0.429262820288,41.64428882
1960,0.429262820288,41.799555423
1970,0.429262820288,42.076175998
1980,0.429262820288,42.223625026
1990,0.429262820288,42.419884319
2000,0.429262820288,42.616977124
2010,0.429262820288,42.785067293
2020,0.429262820288,42.854825192
2030,0.429262820288,43.083674824
2040,0.429262820288,43.319249862
2050,0.429262820288,43.490705311
2060,0.429262820288,43.591618593
2070,0.429262820288,43.753718614
2080,0.429262820288,43.952842932
2090,0.429262820288,44.124629423
2100,0.429262820288,44.318123337
2110,0.429262820288,44.425142873
2120,0.429262820288,44.612481988
2130,0.429262820288,44.786980147
2140,0.429262820288,44.889122043
2150,0.429262820288,45.055131125
2160,0.429262820288,45.248570688
2170,0.429262820288,45.456824127
2180,0.429262820288,45.614495837
2190,0.429262820288,45.7695268
2200,0.429262820288,45.929252329
2210,0.429262820288,46.129214929
2220,0.429262820288,46.266851408
2230,0.429262820288,46.442141872
2240,0.429262820288,46.617780398
2250,0.429262820288,46.770382431
2260,0.429262820288,46.929647208
2270,0.429262820288,47.128542492
2280,0.500806623669,47.341634345
2290,0.500806623669,47.492908453
2300,0.500806623669,47.659563578
2310,0.500806623669,47.86121736
2320,0.500806623669,48.058737814
2330,0.500806623669,48.227901212
2340,0.500806623669,48.422848285
2350,0.500806623669,48.595313024
2360,0.500806623669,48.766594663
2370,0.500806623669,48.926519438
2380,0.500806623669,49.123690341
2390,0.500806623669,49.319723882
2400,0.500806623669,49.471650036
2410,0.500806623669,49.647526179
2420,0.500806623669,49.863766481
2430,0.500806623669,50.005251617
2440,0.500806623669,50.150147892
2450,0.500806623669,50.373269504
2460,0.500806623669,50.580354156
2470,0.500806623669,50.755087954
2480,0.500806623669,50.865842643
2490,0.500806623669,51.063699381
2500,0.500806623669,51.194370102
2510,0.500806623669,51.339588504
2520,0.500806623669,51.496883906
2530,0.500806623669,51.700918746
2540,0.500806623669,51.892311998
2550,0.500806623669,52.031149494
2560,0.500806623669,52.244683504
2570,0.500806623669,52.409870647
2580,0.500806623669,52.625005867
2590,0.500806623669,52.786314332
2600,0.500806623669,52.999917899
2610,0.500806623669,53.195306348
2620,0.500806623669,53.294295521
2630,0.500806623669,53.332251191
2640,0.500806623669,53.560226822
2650,0.500806623669,53.822684432
2660,0.500806623669,53.96751919
2670,0.500806623669,54.135368797
2680,0.500806623669,54.291435999
2690,0.500806623669,54.487752026
2700,0.500806623669,54.53181454
2710,0.500806623669,54.758365423
2720,0.500806623669,54.893744397
2730,0.500806623669,55.018537825
2740,0.500806623669,55.205103299
2750,0.500806623669,55.327738946
2760,0.500806623669,55.535061364
2770,0.500806623669,55.718158714
2780,0.500806623669,55.926484646
2790,0.500806623669,56.081707944
2800,0.500806623669,56.16251856
2810,0.500806623669,56.344879677
2820,0.500806623669,56.464789677
2830,0.500806623669,56.606462926
2840,0.500806623669,56.750318464
2850,0.500806623669,56.804585024
2860,0.500806623669,56.966063198
2870,0.500806623669,57.038759206
2880,0.500806623669,57.145645877
2890,0.500806623669,57.25043708
2900,0.500806623669,57.317049904
2910,0.500806623669,57.408199886
2920,0.500806623669,57.515264397
2930,0.500806623669,57.590624595
2940,0.500806623669,57.662172909
2950,0.500806623669,57.740973119
2960,0.500806623669,57.791826114
2970,0.500806623669,57.87074053
2980,0.500806623669,57.955857939
2990,0.500806623669,58.033583161
3000,0.500806623669,58.139721539
3010,0.500806623669,58.216399648
3020,0.500806623669,58.295206829
3030,0.500806623669,58.392399029
3040,0.500806623669,58.467448951
3050,0.500806623669,58.542779754
3060,0.500806623669,58.634491902
3070,0.500806623669,58.770494439
3080,0.500806623669,58.831344059
3090,0.500806623669,58.913959266
3100,0.500806623669,59.001282659
3110,0.500806623669,59.086517418
3120,0.500806623669,59.17546652
3130,0.500806623669,59.269558956
3140,0.500806623669,59.368251503
3150,0.500806623669,59.448269429
3160,0.500806623669,59.554767742
3170,0.500806623669,59.614326641
3180,0.500806623669,59.708744582
3190,0.500806623669,59.764786553
3200,0.500806623669,59.805953409
3210,0.500806623669,59.916684194
3220,0.500806623669,59.980093012
3230,0.500806623669,60.094358516
3240,0.500806623669,60.199981357
3250,0.500806623669,60.269945532
3260,0.500806623669,60.317771559
3270,0.500806623669,60.3958522
3280,0.500806623669,60.490196237
3290,0.500806623669,60.556740345
3300,0.500806623669,60.62684079
3310,0.500806623669,60.731638413
3320,0.500806623669,60.816772473
3330,0.500806623669,60.894865036
3340,0.500806623669,60.975522322
3350,0.500806623669,61.064734425
3360,0.500806623669,61.160681021
3370,0.500806623669,61.246378943
3380,0.500806623669,61.334927641
3390,0.500806623669,61.43366118
3400,0.500806623669,61.529230633
3410,0.500806623669,61.624996729
3420,0.500806623669,61.722053077
3430,0.500806623669,61.798576044
3440,0.500806623669,61.890001334
3450,0.500806623669,61.978896994
3460,0.500806623669,62.058514359
3470,0.500806623669,62.14100375
3480,0.500806623669,62.220305103
3490,0.500806623669,62.30763051
3500,0.500806623669,62.401862679
3510,0.500806623669,62.494775994
3520,0.500806623669,62.573587015
3530,0.500806623669,62.651075613
3540,0.500806623669,62.726586827
3550,0.500806623669,62.821279398
3560,0.500806623669,62.910251957
3570,0.500806623669,63.027471748
3580,0.500806623669,63.119629324
3590,0.500806623669,63.213374653
3600,0.500806623669,63.304769466
3610,0.500806623669,63.405636595
3620,0.500806623669,63.490083197
3630,0.500806623669,63.578196012
3640,0.500806623669,63.673795106
3650,0.500806623669,63.742957162
3660,0.500806623669,63.849240562
3670,0.500806623669,63.955652321
3680,0.500806623669,64.047161746
3690,0.500806623669,64.149902177
3700,0.500806623669,64.259582195
3710,0.500806623669,64.349910492
3720,0.500806623669,64.440858543
3730,0.500806623669,64.492732193
3740,0.500806623669,64.576708771
3750,0.500806623669,64.680825107
3760,0.500806623669,64.721936588
3770,0.500806623669,64.861583878
3780,0.500806623669,64.923428876
3790,0.500806623669,65.048070634
3800,0.500806623669,65.113457501
3810,0.500806623669,65.191078293
3820,0.500806623669,65.258157811
3830,0.500806623669,65.342364063
3840,0.500806623669,65.438524178
3850,0.500806623669,65.556905525
3860,0.500806623669,65.624121393
3870,0.500806623669,65.704173955
3880,0.500806623669,65.812575676
3890,0.500806623669,65.878605013
3900,0.500806623669,66.002032972
3910,0.500806623669,66.079787077
3920,0.500806623669,66.148857234
3930,0.500806623669,66.242777696
3940,0.500806623669,66.336244659
3950,0.500806623669,66.384447826
3960,0.500806623669,66.455586391
3970,0.500806623669,66.525749432
3980,0.500806623669,66.555927356
3990,0.500806623669,66.642239137
4000,0.500806623669,66.715872483
