iterations,fitness,time
0,0.138543079256,0.062729515
10,0.138543079256,0.299780586
20,0.145140368744,0.641033365
30,0.152397387182,1.104989215
40,0.152397387182,1.453064641
50,0.152397387182,1.710538216
60,0.160418302296,1.877507576
70,0.160418302296,2.103659163
80,0.160418302296,2.389777456
90,0.160418302296,2.63074963
100,0.179291043743,2.749735587
110,0.169330430202,3.069006184
120,0.169330430202,3.229356514
130,0.179291043743,3.258659946
140,0.179291043743,3.482299147
150,0.169330430202,3.504465267
160,0.169330430202,3.743419958
170,0.169330430202,4.054640568
180,0.190496733977,4.205746121
190,0.169330430202,4.637742467
200,0.179291043743,5.043648819
210,0.169330430202,5.441018191
220,0.169330430202,5.763433124
230,0.169330430202,6.125669645
240,0.169330430202,6.479499555
250,0.169330430202,6.708908874
260,0.179291043743,6.904448761
270,0.179291043743,7.103570097
280,0.190496733977,7.450153984
290,0.169330430202,7.688537432
300,0.190496733977,8.06797902
310,0.190496733977,8.398286046
320,0.203196516242,8.754889461
330,0.203196516242,9.068547766
340,0.203196516242,9.333351643
350,0.203196516242,9.741249695
360,0.203196516242,9.873930312
370,0.203196516242,10.172395519
380,0.217710553116,10.509835149
390,0.203196516242,10.583808461
400,0.203196516242,10.910420188
410,0.203196516242,11.029002333
420,0.203196516242,11.378594812
430,0.217710553116,11.588306062
440,0.217710553116,11.951209693
450,0.217710553116,12.203228142
460,0.234457518741,12.488278253
470,0.234457518741,12.851610967
480,0.234457518741,13.030580156
490,0.217710553116,13.381526007
500,0.217710553116,13.702787555
510,0.217710553116,13.989922615
520,0.217710553116,14.335301662
530,0.217710553116,14.717410613
540,0.234457518741,14.808903441
550,0.234457518741,15.133160809
560,0.217710553116,15.431344672
570,0.217710553116,15.734904902
580,0.234457518741,16.128866442
590,0.234457518741,16.32646226
600,0.217710553116,16.552216108
610,0.234457518741,16.85115239
620,0.217710553116,17.201314048
630,0.203196516242,17.588169049
640,0.203196516242,17.921196032
650,0.190496733977,18.178327303
660,0.190496733977,18.375826393
670,0.190496733977,18.587677936
680,0.203196516242,18.7299277
690,0.190496733977,19.079849813
700,0.190496733977,19.461119364
710,0.190496733977,19.552426939
720,0.179291043743,19.876148043
730,0.179291043743,20.138415917
740,0.169330430202,20.450895747
750,0.179291043743,20.626561275
760,0.169330430202,20.954047311
770,0.179291043743,21.290635865
780,0.190496733977,21.621370095
790,0.179291043743,22.034361142
800,0.169330430202,22.199947593
810,0.179291043743,22.458312773
820,0.169330430202,22.766924517
830,0.169330430202,23.207698305
840,0.169330430202,23.533744547
850,0.169330430202,23.798772283
860,0.190496733977,24.183110624
870,0.179291043743,24.513423015
880,0.179291043743,24.702690301
890,0.190496733977,24.911718667
900,0.190496733977,25.293159245
910,0.203196516242,25.70988501
920,0.217710553116,25.968081572
930,0.217710553116,26.20115533
940,0.203196516242,26.394854026
950,0.234457518741,26.617319444
960,0.217710553116,26.718491552
970,0.217710553116,26.87772945
980,0.217710553116,27.159922578
990,0.253995645303,27.38176867
1000,0.253995645303,27.711993007
1010,0.253995645303,27.820762264
1020,0.253995645303,28.076944164
1030,0.253995645303,28.403623837
1040,0.277086158512,28.705525429
1050,0.253995645303,28.899079489
1060,0.253995645303,29.1555527
1070,0.253995645303,29.651705521
1080,0.253995645303,29.934696029
1090,0.277086158512,30.12187053
1100,0.234457518741,30.387751615
1110,0.253995645303,30.728881094
1120,0.253995645303,31.043087552
1130,0.234457518741,31.346303751
1140,0.253995645303,31.700545667
1150,0.253995645303,31.938012769
1160,0.234457518741,32.428082188
1170,0.253995645303,32.838536766
1180,0.253995645303,33.061203858
1190,0.253995645303,33.415908671
1200,0.234457518741,33.597904576
1210,0.234457518741,33.912397485
1220,0.234457518741,34.109227005
1230,0.234457518741,34.364055191
1240,0.234457518741,34.585227255
1250,0.253995645303,34.78201927
1260,0.253995645303,35.049768323
1270,0.277086158512,35.518513316
1280,0.253995645303,35.891223767
1290,0.253995645303,36.19249927
1300,0.253995645303,36.416932455
1310,0.253995645303,36.70262539
1320,0.253995645303,37.017993749
1330,0.253995645303,37.318969152
1340,0.253995645303,37.610348458
1350,0.253995645303,37.856427649
1360,0.253995645303,38.148355439
1370,0.253995645303,38.516209818
1380,0.253995645303,38.966940776
1390,0.253995645303,39.385866072
1400,0.253995645303,39.615987659
1410,0.253995645303,39.788661501
1420,0.253995645303,40.229792835
1430,0.277086158512,40.596238868
1440,0.253995645303,40.874835902
1450,0.253995645303,41.22532999
1460,0.253995645303,41.627372584
1470,0.253995645303,41.858063447
1480,0.253995645303,42.181346528
1490,0.253995645303,42.522847813
1500,0.253995645303,42.896718258
1510,0.234457518741,43.229188635
1520,0.234457518741,43.558268251
1530,0.234457518741,43.73492978
1540,0.234457518741,44.032334094
1550,0.217710553116,44.255961947
1560,0.217710553116,44.65682187
1570,0.217710553116,44.89349636
1580,0.217710553116,45.133072366
1590,0.217710553116,45.472883898
1600,0.234457518741,45.626125871
1610,0.253995645303,45.987916136
1620,0.234457518741,46.273081232
1630,0.234457518741,46.517595047
1640,0.253995645303,46.833487431
1650,0.253995645303,47.136141407
1660,0.234457518741,47.444709875
1670,0.234457518741,47.88108804
1680,0.234457518741,48.261728684
1690,0.253995645303,48.382625816
1700,0.253995645303,48.630434116
1710,0.253995645303,49.03044548
1720,0.253995645303,49.045344452
1730,0.277086158512,49.298504065
1740,0.277086158512,49.542377964
1750,0.304794774363,49.923016533
1760,0.304794774363,49.990641013
1770,0.304794774363,50.29777486
1780,0.304794774363,50.704336375
1790,0.338660860403,50.951451024
1800,0.338660860403,51.191499773
1810,0.380993467954,51.549974133
1820,0.338660860403,51.940575291
1830,0.338660860403,52.330795917
1840,0.338660860403,52.636888671
1850,0.338660860403,52.902049927
1860,0.338660860403,53.232465422
1870,0.338660860403,53.606470177
1880,0.338660860403,53.898725614
1890,0.338660860403,54.239218964
1900,0.338660860403,54.603556681
1910,0.338660860403,54.791345231
1920,0.338660860403,55.198978248
1930,0.338660860403,55.325825748
1940,0.338660860403,55.467874272
1950,0.380993467954,55.824045135
1960,0.380993467954,56.041248417
1970,0.380993467954,56.38971723
1980,0.380993467954,56.511935563
1990,0.380993467954,56.791120922
2000,0.380993467954,57.201215143
2010,0.380993467954,57.57651979
2020,0.380993467954,57.995379859
2030,0.380993467954,58.435240815
2040,0.380993467954,58.775589166
2050,0.380993467954,59.163778702
2060,0.380993467954,59.396835154
2070,0.380993467954,59.710398117
2080,0.380993467954,60.036278759
2090,0.435421106233,60.343932192
2100,0.435421106233,60.665054927
2110,0.380993467954,60.941456347
2120,0.380993467954,60.944328722
2130,0.380993467954,61.255924951
2140,0.380993467954,61.377754085
2150,0.380993467954,61.842293362
2160,0.380993467954,61.965451595
2170,0.380993467954,62.201079411
2180,0.380993467954,62.371218416
2190,0.380993467954,62.443050701
2200,0.380993467954,62.590092402
2210,0.380993467954,62.646185249
2220,0.380993467954,62.823339046
2230,0.380993467954,63.082453415
2240,0.380993467954,63.383294808
2250,0.380993467954,63.521722932
2260,0.435421106233,63.687185603
2270,0.380993467954,63.803503783
2280,0.380993467954,64.00408766
2290,0.380993467954,64.250216277
2300,0.435421106233,64.549056101
2310,0.435421106233,64.660945569
2320,0.435421106233,64.937294092
2330,0.435421106233,65.007391496
2340,0.435421106233,65.312048507
2350,0.435421106233,65.335641193
2360,0.435421106233,65.473121689
2370,0.435421106233,65.665796874
2380,0.435421106233,65.967895291
2390,0.435421106233,66.202535646
2400,0.435421106233,66.430825534
2410,0.435421106233,66.542998448
2420,0.435421106233,66.73019851
2430,0.435421106233,66.872152446
2440,0.435421106233,67.170301607
2450,0.435421106233,67.360481642
2460,0.380993467954,67.444141033
2470,0.380993467954,67.67250406
2480,0.380993467954,67.744945882
2490,0.380993467954,67.749357075
2500,0.380993467954,67.810620192
2510,0.380993467954,67.817282895
2520,0.380993467954,67.880089305
2530,0.380993467954,67.88715776
2540,0.380993467954,68.229905888
2550,0.380993467954,68.422270254
2560,0.380993467954,68.615717505
2570,0.380993467954,68.830011828
2580,0.380993467954,69.101630106
2590,0.380993467954,69.168715148
2600,0.380993467954,69.22512772
2610,0.380993467954,69.264793283
2620,0.380993467954,69.502981896
2630,0.380993467954,69.734759893
2640,0.380993467954,69.951498544
2650,0.380993467954,70.092649754
2660,0.380993467954,70.346439405
2670,0.380993467954,70.471857371
2680,0.380993467954,70.649907987
2690,0.380993467954,70.802855602
2700,0.380993467954,70.984498767
2710,0.380993467954,71.270364239
2720,0.380993467954,71.382374309
2730,0.380993467954,71.589115982
2740,0.380993467954,71.69015786
2750,0.380993467954,71.830682355
2760,0.380993467954,71.909079082
2770,0.380993467954,72.073593899
2780,0.380993467954,72.350907749
2790,0.435421106233,72.45455035
2800,0.435421106233,72.527443525
2810,0.380993467954,72.530874458
2820,0.380993467954,72.713312007
2830,0.380993467954,72.850493915
2840,0.380993467954,73.164868623
2850,0.380993467954,73.368955564
2860,0.380993467954,73.542854399
2870,0.380993467954,73.790389556
2880,0.435421106233,73.988673479
2890,0.435421106233,74.292937578
2900,0.435421106233,74.397329253
2910,0.435421106233,74.440106237
2920,0.435421106233,74.570365598
2930,0.435421106233,74.744042385
2940,0.435421106233,74.87630336
2950,0.435421106233,74.919152916
2960,0.435421106233,75.152175339
2970,0.435421106233,75.336182945
2980,0.435421106233,75.666045036
2990,0.435421106233,75.893583999
3000,0.435421106233,76.097518426
3010,0.435421106233,76.241118241
3020,0.435421106233,76.39972937
3030,0.435421106233,76.510331612
3040,0.435421106233,76.552153267
3050,0.435421106233,76.77396832
3060,0.435421106233,76.885509662
3070,0.435421106233,77.077254202
3080,0.435421106233,77.320645712
3090,0.435421106233,77.570991773
3100,0.435421106233,77.677534035
3110,0.435421106233,77.919559182
3120,0.435421106233,78.119212292
3130,0.435421106233,78.13387901
3140,0.435421106233,78.294056702
3150,0.435421106233,78.54057076
3160,0.435421106233,78.622662412
3170,0.435421106233,78.794969274
3180,0.507991290605,79.016913381
3190,0.507991290605,79.324639134
3200,0.507991290605,79.48890393
3210,0.507991290605,79.678329146
3220,0.507991290605,79.879093309
3230,0.507991290605,80.043425546
3240,0.507991290605,80.18882029
3250,0.507991290605,80.352751738
3260,0.507991290605,80.546071312
3270,0.507991290605,80.787172379
3280,0.507991290605,81.035191752
3290,0.507991290605,81.137569454
3300,0.507991290605,81.323443226
3310,0.507991290605,81.489647907
3320,0.507991290605,81.721690946
3330,0.507991290605,81.877827705
3340,0.507991290605,82.150681207
3350,0.507991290605,82.264851255
3360,0.507991290605,82.425973474
3370,0.507991290605,82.660182098
3380,0.507991290605,82.864591794
3390,0.507991290605,83.083433324
3400,0.507991290605,83.133900003
3410,0.507991290605,83.319271807
3420,0.507991290605,83.526110604
3430,0.507991290605,83.712650595
3440,0.507991290605,83.982006797
3450,0.507991290605,84.136212354
3460,0.507991290605,84.141301934
3470,0.507991290605,84.318619588
3480,0.507991290605,84.417937138
3490,0.507991290605,84.624725191
3500,0.507991290605,84.629791196
3510,0.507991290605,84.819509117
3520,0.507991290605,84.995356865
3530,0.507991290605,85.238622415
3540,0.507991290605,85.444828543
3550,0.507991290605,85.646110983
3560,0.507991290605,85.749497056
3570,0.507991290605,86.007797364
3580,0.507991290605,86.109023706
3590,0.507991290605,86.293124216
3600,0.507991290605,86.484059199
3610,0.507991290605,86.568408603
3620,0.507991290605,86.745822344
3630,0.507991290605,87.041247503
3640,0.507991290605,87.146973001
3650,0.507991290605,87.336630532
3660,0.507991290605,87.516481515
3670,0.435421106233,87.722411405
3680,0.380993467954,87.727392415
3690,0.380993467954,87.883598563
3700,0.380993467954,88.065925552
3710,0.380993467954,88.166357067
3720,0.380993467954,88.367980888
3730,0.338660860403,88.628246252
3740,0.338660860403,88.679268341
3750,0.338660860403,88.845709202
3760,0.338660860403,88.91503093
3770,0.338660860403,88.986512415
3780,0.338660860403,89.047778421
3790,0.338660860403,89.166136147
3800,0.338660860403,89.317315064
3810,0.338660860403,89.418228388
3820,0.338660860403,89.520802045
3830,0.380993467954,89.540415949
3840,0.380993467954,89.584955825
3850,0.380993467954,89.695223203
3860,0.338660860403,89.805853004
3870,0.338660860403,89.893383262
3880,0.338660860403,89.910186273
3890,0.338660860403,89.950741047
3900,0.338660860403,89.986851943
3910,0.338660860403,90.100563449
3920,0.338660860403,90.144905524
3930,0.338660860403,90.187453335
3940,0.304794774363,90.255449859
3950,0.304794774363,90.337941089
3960,0.380993467954,90.40318359
3970,0.380993467954,90.496185076
3980,0.380993467954,90.503292984
3990,0.380993467954,90.594882441
4000,0.380993467954,90.604658692
