iterations,fitness,time
0,0.11722875937,5.0742e-05
10,0.145140368744,0.00010356
20,0.145140368744,0.000148443
30,0.145140368744,0.000191067
40,0.145140368744,0.000237779
50,0.145140368744,0.000347093
60,0.145140368744,0.000384356
70,0.145140368744,0.000432139
80,0.145140368744,0.000476738
90,0.169330430202,0.000525361
100,0.203196516242,0.000572646
110,0.217710553116,0.000746479
120,0.217710553116,0.0008051
130,0.217710553116,0.000922833
140,0.217710553116,0.001014831
150,0.217710553116,0.001081151
160,0.234457518741,0.001125706
170,0.253995645303,0.001169092
180,0.253995645303,0.001211473
190,0.253995645303,0.001252871
200,0.253995645303,0.001304534
210,0.253995645303,0.001361931
220,0.253995645303,0.001399175
230,0.277086158512,0.001487224
240,0.277086158512,0.001539649
250,0.277086158512,0.001713424
260,0.277086158512,0.001756591
270,0.277086158512,0.001799342
280,0.277086158512,0.001842447
290,0.277086158512,0.001883198
300,0.277086158512,0.001923631
310,0.304794774363,0.001989866
320,0.304794774363,0.002026281
330,0.380993467954,0.002080929
340,0.380993467954,0.002119461
350,0.380993467954,0.002284619
360,0.380993467954,0.002323558
370,0.380993467954,0.002361209
380,0.380993467954,0.002402554
390,0.380993467954,0.00245094
400,0.380993467954,0.002498484
410,0.380993467954,0.002548955
420,0.380993467954,0.002589429
430,0.380993467954,0.002628911
440,0.380993467954,0.002669814
450,0.380993467954,0.002718623
460,0.380993467954,0.002761766
470,0.380993467954,0.00280966
480,0.380993467954,0.002852533
490,0.380993467954,0.002891856
500,0.380993467954,0.002932594
510,0.380993467954,0.002974576
520,0.380993467954,0.00305045
530,0.380993467954,0.003097409
540,0.380993467954,0.003182169
550,0.380993467954,0.003228175
560,0.380993467954,0.003287485
570,0.380993467954,0.00332971
580,0.380993467954,0.003506266
590,0.380993467954,0.003550863
600,0.380993467954,0.00368283
610,0.380993467954,0.003736602
620,0.380993467954,0.003775143
630,0.380993467954,0.003817778
640,0.380993467954,0.003869539
650,0.380993467954,0.003910158
660,0.380993467954,0.003951594
670,0.380993467954,0.003994285
680,0.380993467954,0.004036545
690,0.380993467954,0.004081278
700,0.380993467954,0.004122744
710,0.380993467954,0.004161724
720,0.380993467954,0.004202592
730,0.380993467954,0.004261866
740,0.380993467954,0.004323736
750,0.380993467954,0.004391166
760,0.380993467954,0.008631343
770,0.380993467954,0.008674592
780,0.380993467954,0.008717644
790,0.380993467954,0.008750696
800,0.380993467954,0.008816367
810,0.380993467954,0.008934621
820,0.380993467954,0.00903689
830,0.380993467954,0.009077063
840,0.380993467954,0.009111364
850,0.380993467954,0.009275432
860,0.380993467954,0.009421469
870,0.380993467954,0.009451934
880,0.380993467954,0.009487413
890,0.380993467954,0.009642787
900,0.380993467954,0.009692951
910,0.380993467954,0.009734558
920,0.380993467954,0.009825085
930,0.380993467954,0.009861687
940,0.380993467954,0.009893646
950,0.380993467954,0.00992814
960,0.380993467954,0.009961425
970,0.380993467954,0.010129298
980,0.380993467954,0.010160509
990,0.380993467954,0.010335453
1000,0.380993467954,0.010373939
1010,0.380993467954,0.010412065
1020,0.380993467954,0.010446046
1030,0.380993467954,0.010476848
1040,0.380993467954,0.010553271
1050,0.380993467954,0.010734663
1060,0.380993467954,0.010770081
1070,0.380993467954,0.010820102
1080,0.380993467954,0.010915844
1090,0.380993467954,0.01094735
1100,0.380993467954,0.010983242
1110,0.380993467954,0.011015242
1120,0.380993467954,0.011050904
1130,0.380993467954,0.011082295
1140,0.380993467954,0.011187738
1150,0.380993467954,0.011226496
1160,0.380993467954,0.011272864
1170,0.380993467954,0.011338322
1180,0.380993467954,0.011410383
1190,0.380993467954,0.011444995
1200,0.380993467954,0.011485437
1210,0.380993467954,0.011517121
1220,0.380993467954,0.011548673
1230,0.380993467954,0.011585801
1240,0.380993467954,0.011622941
1250,0.380993467954,0.011663459
1260,0.380993467954,0.011696977
1270,0.380993467954,0.011728664
1280,0.380993467954,0.011762947
1290,0.380993467954,0.011795779
1300,0.380993467954,0.011910591
1310,0.380993467954,0.011941667
1320,0.380993467954,0.011983242
1330,0.380993467954,0.012016799
1340,0.380993467954,0.012055689
1350,0.380993467954,0.012093456
1360,0.380993467954,0.012128205
1370,0.380993467954,0.012164466
1380,0.380993467954,0.012201466
1390,0.380993467954,0.012235553
1400,0.380993467954,0.012296267
1410,0.380993467954,0.012341742
1420,0.380993467954,0.012381185
1430,0.380993467954,0.012435643
1440,0.380993467954,0.012554332
1450,0.380993467954,0.012587111
1460,0.380993467954,0.012727586
1470,0.380993467954,0.012763189
1480,0.380993467954,0.012901102
1490,0.380993467954,0.012999546
1500,0.380993467954,0.013033689
1510,0.380993467954,0.013074866
1520,0.380993467954,0.013173496
1530,0.380993467954,0.013239186
1540,0.380993467954,0.013270935
1550,0.380993467954,0.013307825
1560,0.380993467954,0.013348541
1570,0.380993467954,0.013382859
1580,0.380993467954,0.01342054
1590,0.380993467954,0.013454274
1600,0.380993467954,0.013487067
1610,0.380993467954,0.013523431
1620,0.380993467954,0.013557843
1630,0.380993467954,0.013597173
1640,0.380993467954,0.013628674
1650,0.380993467954,0.013661539
1660,0.380993467954,0.013701587
1670,0.380993467954,0.013735208
1680,0.380993467954,0.01376966
1690,0.380993467954,0.013805641
1700,0.380993467954,0.013839066
1710,0.380993467954,0.01387503
1720,0.380993467954,0.01390934
1730,0.380993467954,0.013949636
1740,0.380993467954,0.013988732
1750,0.380993467954,0.014022431
1760,0.380993467954,0.014055756
1770,0.380993467954,0.014154561
1780,0.380993467954,0.014187182
1790,0.380993467954,0.01422354
1800,0.380993467954,0.014257563
1810,0.380993467954,0.014290165
1820,0.380993467954,0.014326864
1830,0.380993467954,0.014360232
1840,0.380993467954,0.014394401
1850,0.380993467954,0.01442697
1860,0.380993467954,0.014461425
1870,0.380993467954,0.014492933
1880,0.380993467954,0.014606262
1890,0.380993467954,0.014701504
1900,0.380993467954,0.014809934
1910,0.380993467954,0.014964868
1920,0.380993467954,0.015060503
1930,0.380993467954,0.015095397
1940,0.380993467954,0.015154272
1950,0.380993467954,0.015187578
1960,0.380993467954,0.015328997
1970,0.380993467954,0.015461206
1980,0.380993467954,0.015587331
1990,0.380993467954,0.015616766
2000,0.380993467954,0.015665984
2010,0.380993467954,0.015697983
2020,0.380993467954,0.015731736
2030,0.380993467954,0.015767532
2040,0.380993467954,0.015841462
2050,0.380993467954,0.01597944
2060,0.380993467954,0.016013069
2070,0.380993467954,0.016188908
2080,0.380993467954,0.016226372
2090,0.380993467954,0.016265359
2100,0.380993467954,0.016301773
2110,0.380993467954,0.016340761
2120,0.380993467954,0.016373031
2130,0.380993467954,0.016406383
2140,0.380993467954,0.016444615
2150,0.380993467954,0.016482501
2160,0.380993467954,0.016515652
2170,0.380993467954,0.016548984
2180,0.380993467954,0.016583709
2190,0.380993467954,0.016618391
2200,0.380993467954,0.016653824
2210,0.380993467954,0.016688758
2220,0.380993467954,0.166874994
2230,0.380993467954,0.166932034
2240,0.380993467954,0.16696902
2250,0.380993467954,0.168077906
2260,0.380993467954,0.168108349
2270,0.380993467954,0.168190051
2280,0.380993467954,0.168226193
2290,0.380993467954,0.168259622
2300,0.380993467954,0.168300006
2310,0.380993467954,0.169163911
2320,0.380993467954,0.169197419
2330,0.380993467954,0.170177973
2340,0.380993467954,0.170209509
2350,0.380993467954,0.170242225
2360,0.380993467954,0.17039536
2370,0.380993467954,0.170431248
2380,0.380993467954,0.170465508
2390,0.380993467954,0.170497721
2400,0.380993467954,0.170530437
2410,0.380993467954,0.170563292
2420,0.380993467954,0.170597734
2430,0.380993467954,0.170629231
2440,0.380993467954,0.170662603
2450,0.380993467954,0.170694473
2460,0.380993467954,0.170729427
2470,0.380993467954,0.170769124
2480,0.380993467954,0.170803284
2490,0.380993467954,0.170841421
2500,0.380993467954,0.170873667
2510,0.380993467954,0.17090453
2520,0.380993467954,0.170936451
2530,0.380993467954,0.17105409
2540,0.380993467954,0.171086716
2550,0.380993467954,0.171120988
2560,0.380993467954,0.171159123
2570,0.380993467954,0.171190402
2580,0.380993467954,0.171226732
2590,0.380993467954,0.171338319
2600,0.380993467954,0.171373648
2610,0.380993467954,0.171403861
2620,0.380993467954,0.171442715
2630,0.380993467954,0.171470275
2640,0.380993467954,0.171592709
2650,0.380993467954,0.171630843
2660,0.380993467954,0.171666709
2670,0.380993467954,0.171709505
2680,0.380993467954,0.171738221
2690,0.380993467954,0.171929873
2700,0.380993467954,0.171962365
2710,0.380993467954,0.172033454
2720,0.380993467954,0.172062926
2730,0.380993467954,0.172181911
2740,0.380993467954,0.172214066
2750,0.380993467954,0.172309972
2760,0.380993467954,0.172339443
2770,0.380993467954,0.172367565
2780,0.380993467954,0.172400949
2790,0.380993467954,0.172427411
2800,0.380993467954,0.172455355
2810,0.380993467954,0.172484758
2820,0.380993467954,0.172527286
2830,0.380993467954,0.172567191
2840,0.380993467954,0.17263132
2850,0.380993467954,0.172687029
2860,0.380993467954,0.172716462
2870,0.380993467954,0.172744235
2880,0.380993467954,0.172773769
2890,0.380993467954,0.172802953
2900,0.380993467954,0.172848249
2910,0.380993467954,0.172878694
2920,0.380993467954,0.173013838
2930,0.380993467954,0.17305511
2940,0.380993467954,0.173083737
2950,0.380993467954,0.17314522
2960,0.380993467954,0.173210112
2970,0.380993467954,0.17323956
2980,0.380993467954,0.173340504
2990,0.380993467954,0.173369669
3000,0.380993467954,0.173396242
3010,0.380993467954,0.173442297
3020,0.380993467954,0.173624567
3030,0.380993467954,0.173685375
3040,0.380993467954,0.173739633
3050,0.380993467954,0.173770097
3060,0.380993467954,0.173813916
3070,0.380993467954,0.173843685
3080,0.380993467954,0.173873102
3090,0.380993467954,0.173907283
3100,0.380993467954,0.173937599
3110,0.380993467954,0.173965615
3120,0.380993467954,0.174004824
3130,0.380993467954,0.174039163
3140,0.380993467954,0.17411604
3150,0.380993467954,0.174281886
3160,0.380993467954,0.174319169
3170,0.380993467954,0.174348305
3180,0.380993467954,0.17437704
3190,0.380993467954,0.174411112
3200,0.380993467954,0.174436862
3210,0.380993467954,0.174528595
3220,0.380993467954,0.174635784
3230,0.380993467954,0.174672918
3240,0.380993467954,0.174704814
3250,0.380993467954,0.174731403
3260,0.380993467954,0.174756737
3270,0.380993467954,0.1747884
3280,0.380993467954,0.174813461
3290,0.380993467954,0.174851805
3300,0.380993467954,0.174879747
3310,0.380993467954,0.174918942
3320,0.380993467954,0.174960232
3330,0.380993467954,0.174987826
3340,0.380993467954,0.175018183
3350,0.380993467954,0.175050891
3360,0.380993467954,0.175091051
3370,0.380993467954,0.175131073
3380,0.380993467954,0.175162627
3390,0.380993467954,0.175201458
3400,0.380993467954,0.175240378
3410,0.380993467954,0.175278668
3420,0.380993467954,0.175310873
3430,0.380993467954,0.175349172
3440,0.380993467954,0.175387284
3450,0.380993467954,0.175423094
3460,0.380993467954,0.175495881
3470,0.380993467954,0.175570803
3480,0.380993467954,0.175662728
3490,0.380993467954,0.175692699
3500,0.380993467954,0.17572489
3510,0.380993467954,0.175754545
3520,0.380993467954,0.175783574
3530,0.380993467954,0.175813113
3540,0.380993467954,0.175839674
3550,0.380993467954,0.17586604
3560,0.380993467954,0.175891758
3570,0.380993467954,0.175918649
3580,0.380993467954,0.175944521
3590,0.380993467954,0.175971064
3600,0.380993467954,0.1759965
3610,0.380993467954,0.176028848
3620,0.380993467954,0.176146749
3630,0.380993467954,0.176179872
3640,0.380993467954,0.17621353
3650,0.380993467954,0.17624825
3660,0.380993467954,0.176279831
3670,0.380993467954,0.176310967
3680,0.380993467954,0.176337592
3690,0.380993467954,0.176365165
3700,0.380993467954,0.176390041
3710,0.380993467954,0.176422172
3720,0.380993467954,0.176463987
3730,0.380993467954,0.176494885
3740,0.380993467954,0.176523519
3750,0.380993467954,0.176556002
3760,0.380993467954,0.176582649
3770,0.380993467954,0.176615004
3780,0.380993467954,0.176645783
3790,0.380993467954,0.176675276
3800,0.380993467954,0.176706597
3810,0.380993467954,0.176736211
3820,0.380993467954,0.176767436
3830,0.380993467954,0.176798471
3840,0.380993467954,0.176832417
3850,0.380993467954,0.176863897
3860,0.380993467954,0.176896605
3870,0.380993467954,0.176927834
3880,0.380993467954,0.17696485
3890,0.380993467954,0.176998556
3900,0.380993467954,0.177030444
3910,0.380993467954,0.177070245
3920,0.380993467954,0.17710739
3930,0.380993467954,0.177145196
3940,0.380993467954,0.177184458
3950,0.380993467954,0.177222177
3960,0.380993467954,0.177272488
3970,0.380993467954,0.177325484
3980,0.380993467954,0.177392798
3990,0.380993467954,0.17744311
4000,0.380993467954,0.17747093
