iterations,fitness,time
0,0.138543079256,8.97990000002e-05
10,0.145140368744,0.000141837
20,0.145140368744,0.00018345
30,0.145140368744,0.000230363
40,0.152397387182,0.000285761
50,0.160418302296,0.000338379
60,0.169330430202,0.000390326
70,0.169330430202,0.000442353
80,0.179291043743,0.000482892
90,0.190496733977,0.000530858
100,0.190496733977,0.000576674
110,0.203196516242,0.000621586000001
120,0.203196516242,0.000677380000001
130,0.217710553116,0.000724223000001
140,0.234457518741,0.000777049000001
150,0.234457518741,0.000821321000001
160,0.253995645303,0.000864814000001
170,0.253995645303,0.000913579000001
180,0.253995645303,0.000953810000001
190,0.253995645303,0.000996023000001
200,0.277086158512,0.001046976
210,0.277086158512,0.001093534
220,0.277086158512,0.001138069
230,0.277086158512,0.001307053
240,0.277086158512,0.001362055
250,0.277086158512,0.001462291
260,0.277086158512,0.00155603
270,0.277086158512,0.001622264
280,0.277086158512,0.001661884
290,0.277086158512,0.001700828
300,0.277086158512,0.001750942
310,0.277086158512,0.001796846
320,0.304794774363,0.001836208
330,0.338660860403,0.00187401
340,0.338660860403,0.001921107
350,0.338660860403,0.002004302
360,0.338660860403,0.002046626
370,0.338660860403,0.00222467
380,0.338660860403,0.00226592
390,0.380993467954,0.002304619
400,0.380993467954,0.002341381
410,0.380993467954,0.002382156
420,0.380993467954,0.002455649
430,0.380993467954,0.002498682
440,0.380993467954,0.002542678
450,0.380993467954,0.002673661
460,0.380993467954,0.002713617
470,0.380993467954,0.002753704
480,0.380993467954,0.002795743
490,0.380993467954,0.002848662
500,0.380993467954,0.002891595
510,0.380993467954,0.002937405
520,0.380993467954,0.002980612
530,0.380993467954,0.003031686
540,0.380993467954,0.0030802
550,0.380993467954,0.003126401
560,0.380993467954,0.003166856
570,0.380993467954,0.003207182
580,0.380993467954,0.003249253
590,0.380993467954,0.003286596
600,0.380993467954,0.003327032
610,0.380993467954,0.003375406
620,0.380993467954,0.003422794
630,0.380993467954,0.003466109
640,0.380993467954,0.003509672
650,0.380993467954,0.003557731
660,0.380993467954,0.003601083
670,0.380993467954,0.003725513
680,0.380993467954,0.003859172
690,0.380993467954,0.00390879
700,0.380993467954,0.003955461
710,0.380993467954,0.004100553
720,0.380993467954,0.004141236
730,0.380993467954,0.004184598
740,0.380993467954,0.004225203
750,0.380993467954,0.004271343
760,0.380993467954,0.004323798
770,0.380993467954,0.004378055
780,0.380993467954,0.004449667
790,0.380993467954,0.004496152
800,0.380993467954,0.004535723
810,0.380993467954,0.004573654
820,0.380993467954,0.004618859
830,0.380993467954,0.004666185
840,0.380993467954,0.004708637
850,0.380993467954,0.004768319
860,0.380993467954,0.004804306
870,0.380993467954,0.004840021
880,0.380993467954,0.00493644
890,0.380993467954,0.005046559
900,0.380993467954,0.005085051
910,0.380993467954,0.005119165
920,0.380993467954,0.005214267
930,0.380993467954,0.005376777
940,0.380993467954,0.005429746
950,0.380993467954,0.005463804
960,0.380993467954,0.005495904
970,0.380993467954,0.005694638
980,0.380993467954,0.005797994
990,0.380993467954,0.005877477
1000,0.380993467954,0.005911115
1010,0.380993467954,0.005945878
1020,0.380993467954,0.005978633
1030,0.380993467954,0.0060107
1040,0.380993467954,0.006188846
1050,0.380993467954,0.006407939
1060,0.380993467954,0.006460473
1070,0.380993467954,0.006494929
1080,0.380993467954,0.00661087
1090,0.380993467954,0.006644398
1100,0.380993467954,0.006697926
1110,0.380993467954,0.006733703
1120,0.380993467954,0.006763549
1130,0.380993467954,0.006796841
1140,0.380993467954,0.006833916
1150,0.380993467954,0.006868496
1160,0.380993467954,0.00690342
1170,0.380993467954,0.006935787
1180,0.380993467954,0.006968575
1190,0.380993467954,0.007796841
1200,0.380993467954,0.007849673
1210,0.380993467954,0.007956042
1220,0.380993467954,0.007989243
1230,0.380993467954,0.008135836
1240,0.380993467954,0.008168951
1250,0.380993467954,0.008203194
1260,0.380993467954,0.008239657
1270,0.380993467954,0.008276569
1280,0.380993467954,0.008311011
1290,0.380993467954,0.008347434
1300,0.380993467954,0.008383188
1310,0.380993467954,0.008499692
1320,0.380993467954,0.00858803
1330,0.380993467954,0.008650759
1340,0.380993467954,0.008723809
1350,0.380993467954,0.00884106
1360,0.380993467954,0.008875975
1370,0.380993467954,0.008993132
1380,0.380993467954,0.009025352
1390,0.380993467954,0.009068002
1400,0.380993467954,0.009122327
1410,0.380993467954,0.009195149
1420,0.380993467954,0.009229905
1430,0.380993467954,0.009263105
1440,0.380993467954,0.009295085
1450,0.380993467954,0.00932861
1460,0.380993467954,0.009362488
1470,0.380993467954,0.009475677
1480,0.380993467954,0.009638428
1490,0.380993467954,0.009672375
1500,0.380993467954,0.00971377
1510,0.380993467954,0.009748696
1520,0.380993467954,0.009802257
1530,0.380993467954,0.009951888
1540,0.380993467954,0.010028177
1550,0.380993467954,0.010068268
1560,0.380993467954,0.010130416
1570,0.380993467954,0.010198379
1580,0.380993467954,0.010351406
1590,0.380993467954,0.01044742
1600,0.380993467954,0.010477626
1610,0.380993467954,0.010550098
1620,0.380993467954,0.010585916
1630,0.380993467954,0.010617757
1640,0.380993467954,0.0106514
1650,0.380993467954,0.010684276
1660,0.380993467954,0.010723455
1670,0.380993467954,0.010760964
1680,0.380993467954,0.010801532
1690,0.380993467954,0.010833865
1700,0.380993467954,0.010868376
1710,0.380993467954,0.010905483
1720,0.380993467954,0.010937551
1730,0.380993467954,0.010990541
1740,0.380993467954,0.011029951
1750,0.380993467954,0.011066692
1760,0.380993467954,0.011110448
1770,0.380993467954,0.011143415
1780,0.380993467954,0.011185415
1790,0.380993467954,0.011221179
1800,0.380993467954,0.011273584
1810,0.380993467954,0.011305382
1820,0.380993467954,0.011337987
1830,0.380993467954,0.011454766
1840,0.380993467954,0.01152433
1850,0.380993467954,0.011658678
1860,0.380993467954,0.011691911
1870,0.380993467954,0.011725684
1880,0.380993467954,0.011758171
1890,0.380993467954,0.011791215
1900,0.380993467954,0.011824373
1910,0.380993467954,0.011858211
1920,0.380993467954,0.011915426
1930,0.380993467954,0.011949167
1940,0.380993467954,0.01202491
1950,0.380993467954,0.012054027
1960,0.380993467954,0.012086617
1970,0.380993467954,0.012127043
1980,0.380993467954,0.012164722
1990,0.380993467954,0.012234319
2000,0.380993467954,0.012268976
2010,0.380993467954,0.012305875
2020,0.380993467954,0.012343011
2030,0.380993467954,0.012375751
2040,0.380993467954,0.012408357
2050,0.380993467954,0.012504301
2060,0.380993467954,0.012539694
2070,0.380993467954,0.012591839
2080,0.380993467954,0.01267082
2090,0.380993467954,0.012705239
2100,0.380993467954,0.012746554
2110,0.380993467954,0.012783402
2120,0.380993467954,0.012816437
2130,0.380993467954,0.012941345
2140,0.380993467954,0.012969413
2150,0.380993467954,0.013018983
2160,0.380993467954,0.013056776
2170,0.380993467954,0.013093594
2180,0.380993467954,0.013133311
2190,0.380993467954,0.013168264
2200,0.380993467954,0.01320345
2210,0.380993467954,0.01324384
2220,0.380993467954,0.013276677
2230,0.380993467954,0.01330687
2240,0.380993467954,0.013347845
2250,0.380993467954,0.013382571
2260,0.380993467954,0.013409639
2270,0.380993467954,0.013443187
2280,0.380993467954,0.013472132
2290,0.380993467954,0.013505495
2300,0.380993467954,0.013536461
2310,0.380993467954,0.013572072
2320,0.380993467954,0.013609207
2330,0.380993467954,0.013727283
2340,0.380993467954,0.013766633
2350,0.380993467954,0.013804798
2360,0.380993467954,0.013843175
2370,0.380993467954,0.01388631
2380,0.380993467954,0.013921487
2390,0.380993467954,0.013962158
2400,0.380993467954,0.013995983
2410,0.380993467954,0.01403104
2420,0.380993467954,0.014063438
2430,0.380993467954,0.01409142
2440,0.380993467954,0.014122161
2450,0.380993467954,0.014154475
2460,0.380993467954,0.014184197
2470,0.380993467954,0.014212464
2480,0.380993467954,0.014245178
2490,0.380993467954,0.014278855
2500,0.380993467954,0.014370915
2510,0.380993467954,0.014405764
2520,0.380993467954,0.014440565
2530,0.380993467954,0.014472765
2540,0.380993467954,0.014507922
2550,0.380993467954,0.014545611
2560,0.380993467954,0.014581141
2570,0.380993467954,0.014616604
2580,0.380993467954,0.014669166
2590,0.380993467954,0.014860365
2600,0.380993467954,0.014892253
2610,0.380993467954,0.014928186
2620,0.380993467954,0.014995851
2630,0.380993467954,0.015062305
2640,0.380993467954,0.01509207
2650,0.380993467954,0.015168317
2660,0.380993467954,0.015200077
2670,0.380993467954,0.015235227
2680,0.380993467954,0.015265113
2690,0.380993467954,0.015295867
2700,0.380993467954,0.015340439
2710,0.380993467954,0.015443561
2720,0.380993467954,0.015474651
2730,0.380993467954,0.015510886
2740,0.380993467954,0.01553341
2750,0.380993467954,0.015562445
2760,0.380993467954,0.015589691
2770,0.380993467954,0.015621774
2780,0.380993467954,0.015650241
2790,0.380993467954,0.015702948
2800,0.380993467954,0.015736307
2810,0.380993467954,0.015769227
2820,0.380993467954,0.015819127
2830,0.380993467954,0.015862025
2840,0.380993467954,0.015939978
2850,0.380993467954,0.015975681
2860,0.380993467954,0.016062505
2870,0.380993467954,0.016164622
2880,0.380993467954,0.016231571
2890,0.380993467954,0.016300912
2900,0.380993467954,0.016359847
2910,0.380993467954,0.016388807
2920,0.380993467954,0.016420817
2930,0.380993467954,0.016451603
2940,0.380993467954,0.016489668
2950,0.380993467954,0.016540922
2960,0.380993467954,0.016588362
2970,0.380993467954,0.016629014
2980,0.380993467954,0.016665347
2990,0.380993467954,0.01669498
3000,0.380993467954,0.01676124
3010,0.380993467954,0.016910559
3020,0.380993467954,0.016940622
3030,0.380993467954,0.016997001
3040,0.380993467954,0.017045515
3050,0.380993467954,0.017076673
3060,0.380993467954,0.017115186
3070,0.380993467954,0.017169207
3080,0.380993467954,0.017200727
3090,0.380993467954,0.017242597
3100,0.380993467954,0.017275321
3110,0.380993467954,0.01742214
3120,0.380993467954,0.017485505
3130,0.380993467954,0.017667869
3140,0.380993467954,0.017722459
3150,0.380993467954,0.017752248
3160,0.380993467954,0.017793042
3170,0.380993467954,0.017828648
3180,0.380993467954,0.017861937
3190,0.380993467954,0.017933453
3200,0.380993467954,0.017964422
3210,0.380993467954,0.018033571
3220,0.380993467954,0.018064906
3230,0.380993467954,0.018091748
3240,0.380993467954,0.018256373
3250,0.380993467954,0.018296983
3260,0.380993467954,0.01832572
3270,0.380993467954,0.018410559
3280,0.380993467954,0.018441405
3290,0.380993467954,0.018472948
3300,0.380993467954,0.018532852
3310,0.380993467954,0.018580236
3320,0.380993467954,0.01864469
3330,0.380993467954,0.018828344
3340,0.380993467954,0.018857136
3350,0.380993467954,0.018888783
3360,0.380993467954,0.018919278
3370,0.380993467954,0.018949342
3380,0.380993467954,0.018982101
3390,0.380993467954,0.019090443
3400,0.380993467954,0.019174305
3410,0.380993467954,0.019299169
3420,0.380993467954,0.019327899
3430,0.380993467954,0.019555325
3440,0.380993467954,0.01958557
3450,0.380993467954,0.01962264
3460,0.380993467954,0.019826629
3470,0.380993467954,0.019855756
3480,0.380993467954,0.019887494
3490,0.380993467954,0.019917779
3500,0.380993467954,0.01997802
3510,0.380993467954,0.020061068
3520,0.380993467954,0.020099374
3530,0.380993467954,0.020171542
3540,0.380993467954,0.020202434
3550,0.380993467954,0.02028597
3560,0.380993467954,0.020317523
3570,0.380993467954,0.020346494
3580,0.380993467954,0.020375026
3590,0.380993467954,0.020404281
3600,0.380993467954,0.020431138
3610,0.380993467954,0.020483099
3620,0.380993467954,0.020514338
3630,0.380993467954,0.020554776
3640,0.380993467954,0.020586256
3650,0.380993467954,0.020625706
3660,0.380993467954,0.020658767
3670,0.380993467954,0.020711169
3680,0.380993467954,0.020769099
3690,0.380993467954,0.020833504
3700,0.380993467954,0.020868621
3710,0.380993467954,0.020897829
3720,0.380993467954,0.020932396
3730,0.380993467954,0.020981784
3740,0.380993467954,0.021049358
3750,0.380993467954,0.021079767
3760,0.380993467954,0.021271183
3770,0.380993467954,0.021322482
3780,0.380993467954,0.021449628
3790,0.380993467954,0.02162617
3800,0.380993467954,0.021658495
3810,0.380993467954,0.021687692
3820,0.380993467954,0.021758402
3830,0.380993467954,0.021791862
3840,0.380993467954,0.021829069
3850,0.380993467954,0.021883437
3860,0.380993467954,0.021971723
3870,0.380993467954,0.022011964
3880,0.380993467954,0.022041186
3890,0.380993467954,0.02223081
3900,0.380993467954,0.022269271
3910,0.380993467954,0.022301604
3920,0.380993467954,0.022332216
3930,0.380993467954,0.022405041
3940,0.380993467954,0.022540257
3950,0.380993467954,0.022597564
3960,0.380993467954,0.022726972
3970,0.380993467954,0.022789697
3980,0.380993467954,0.02285828
3990,0.380993467954,0.023000806
4000,0.380993467954,0.02303298
