iterations,fitness,time
0,0.126997822651,3.734e-05
10,0.132519467114,7.2176e-05
20,0.138543079256,0.00010616
30,0.138543079256,0.000143212
40,0.145140368744,0.000260818
50,0.145140368744,0.0002924
60,0.160418302296,0.000329543
70,0.169330430202,0.000366963
80,0.179291043743,0.000404461
90,0.179291043743,0.000477992
100,0.179291043743,0.000516109
110,0.179291043743,0.000582375
120,0.203196516242,0.000616318
130,0.203196516242,0.000649732
140,0.203196516242,0.000715467
150,0.203196516242,0.000749193
160,0.203196516242,0.000785601
170,0.203196516242,0.000921549
180,0.203196516242,0.000950393
190,0.203196516242,0.001177287
200,0.203196516242,0.001275082
210,0.203196516242,0.001341985
220,0.203196516242,0.001375616
230,0.203196516242,0.001411731
240,0.203196516242,0.001605275
250,0.203196516242,0.001644045
260,0.203196516242,0.001682681
270,0.203196516242,0.001711881
280,0.203196516242,0.001739327
290,0.203196516242,0.001770475
300,0.203196516242,0.00179995
310,0.203196516242,0.001862545
320,0.217710553116,0.001929998
330,0.217710553116,0.001956851
340,0.217710553116,0.002024866
350,0.217710553116,0.002052013
360,0.217710553116,0.002086463
370,0.217710553116,0.002119408
380,0.217710553116,0.002157517
390,0.217710553116,0.002224867
400,0.217710553116,0.002267402
410,0.217710553116,0.002309048
420,0.217710553116,0.002383909
430,0.217710553116,0.002428257
440,0.217710553116,0.00245499
450,0.217710553116,0.002507724
460,0.217710553116,0.002540704
470,0.217710553116,0.002577461
480,0.234457518741,0.002611367
490,0.234457518741,0.002699973
500,0.234457518741,0.002780245
510,0.234457518741,0.00288849
520,0.253995645303,0.002920716
530,0.253995645303,0.002951757
540,0.253995645303,0.002982201
550,0.253995645303,0.003010458
560,0.253995645303,0.003126025
570,0.253995645303,0.003162841
580,0.277086158512,0.003210734
590,0.277086158512,0.003301916
600,0.277086158512,0.003329266
610,0.304794774363,0.003360755
620,0.304794774363,0.003390872
630,0.304794774363,0.003422025
640,0.304794774363,0.00346664
650,0.304794774363,0.003496511
660,0.304794774363,0.003560203
670,0.304794774363,0.003592819
680,0.304794774363,0.003620933
690,0.304794774363,0.003652379
700,0.304794774363,0.003702933
710,0.304794774363,0.00373134
720,0.304794774363,0.003760667
730,0.304794774363,0.003803319
740,0.304794774363,0.003995607
750,0.304794774363,0.004026181
760,0.304794774363,0.004065194
770,0.304794774363,0.00413831
780,0.304794774363,0.004203847
790,0.304794774363,0.004237766
800,0.304794774363,0.004296788
810,0.304794774363,0.004337609
820,0.304794774363,0.004368311
830,0.304794774363,0.004396007
840,0.304794774363,0.004426959
850,0.304794774363,0.004613043
860,0.304794774363,0.004644722
870,0.304794774363,0.004675492
880,0.304794774363,0.004723037
890,0.304794774363,0.00475241
900,0.304794774363,0.004864721
910,0.304794774363,0.004956618
920,0.304794774363,0.005040149
930,0.338660860403,0.005070235
940,0.338660860403,0.005103747
950,0.338660860403,0.005133699
960,0.338660860403,0.005225162
970,0.338660860403,0.005257657
980,0.338660860403,0.005320737
990,0.338660860403,0.00535099
1000,0.338660860403,0.005380626
1010,0.338660860403,0.005407068
1020,0.338660860403,0.005458519
1030,0.338660860403,0.005527138
1040,0.338660860403,0.005557753
1050,0.338660860403,0.00558754
1060,0.338660860403,0.005732392
1070,0.338660860403,0.005763256
1080,0.338660860403,0.005794716
1090,0.338660860403,0.005825886
1100,0.338660860403,0.00586774
1110,0.338660860403,0.006016747
1120,0.338660860403,0.006046829
1130,0.338660860403,0.006132261
1140,0.338660860403,0.006171982
1150,0.338660860403,0.006301308
1160,0.338660860403,0.006330963
1170,0.338660860403,0.006384105
1180,0.338660860403,0.006505355
1190,0.338660860403,0.006532996
1200,0.338660860403,0.006616372
1210,0.338660860403,0.006784895
1220,0.338660860403,0.006824548
1230,0.338660860403,0.006902605
1240,0.338660860403,0.006942049
1250,0.338660860403,0.006980374
1260,0.338660860403,0.00719289
1270,0.338660860403,0.007220187
1280,0.338660860403,0.00725371
1290,0.338660860403,0.007321922
1300,0.338660860403,0.00751417
1310,0.338660860403,0.007681321
1320,0.338660860403,0.007713109
1330,0.338660860403,0.007749439
1340,0.338660860403,0.007787417
1350,0.338660860403,0.007903957
1360,0.338660860403,0.007931414
1370,0.338660860403,0.008011672
1380,0.338660860403,0.008059389
1390,0.338660860403,0.008226712
1400,0.338660860403,0.008292949
1410,0.338660860403,0.008354782
1420,0.338660860403,0.008567055
1430,0.338660860403,0.008689136
1440,0.338660860403,0.008720559
1450,0.338660860403,0.008848444
1460,0.338660860403,0.008877845
1470,0.338660860403,0.008966262
1480,0.338660860403,0.008998019
1490,0.338660860403,0.009027282
1500,0.338660860403,0.009117349
1510,0.338660860403,0.009172428
1520,0.338660860403,0.009201072
1530,0.338660860403,0.009240221
1540,0.338660860403,0.009265998
1550,0.338660860403,0.009296168
1560,0.338660860403,0.009391821
1570,0.338660860403,0.00942341
1580,0.338660860403,0.009455058
1590,0.338660860403,0.00955063
1600,0.338660860403,0.009636199
1610,0.338660860403,0.009667108
1620,0.338660860403,0.009694903
1630,0.338660860403,0.009731847
1640,0.338660860403,0.009761442
1650,0.338660860403,0.009993441
1660,0.338660860403,0.010031244
1670,0.338660860403,0.010064556
1680,0.338660860403,0.010198312
1690,0.338660860403,0.010344659
1700,0.338660860403,0.010509032
1710,0.338660860403,0.010588946
1720,0.338660860403,0.010721108
1730,0.338660860403,0.010758096
1740,0.338660860403,0.010794685
1750,0.338660860403,0.010972289
1760,0.338660860403,0.011002905
1770,0.338660860403,0.011032093
1780,0.338660860403,0.011207895
1790,0.338660860403,0.011273523
1800,0.338660860403,0.011311648
1810,0.338660860403,0.011339264
1820,0.338660860403,0.011381786
1830,0.338660860403,0.011419597
1840,0.338660860403,0.011448877
1850,0.338660860403,0.011570079
1860,0.338660860403,0.011602524
1870,0.338660860403,0.011763593
1880,0.338660860403,0.011822989
1890,0.338660860403,0.011978702
1900,0.338660860403,0.012011523
1910,0.338660860403,0.012039936
1920,0.338660860403,0.012081588
1930,0.338660860403,0.012108512
1940,0.338660860403,0.012173324
1950,0.338660860403,0.012238917
1960,0.338660860403,0.01226604
1970,0.338660860403,0.012332482
1980,0.338660860403,0.012370749
1990,0.338660860403,0.012406974
2000,0.338660860403,0.012439918
2010,0.338660860403,0.012551006
2020,0.338660860403,0.012579203
2030,0.338660860403,0.012683369
2040,0.338660860403,0.012797212
2050,0.338660860403,0.012829733
2060,0.338660860403,0.012860901
2070,0.338660860403,0.012895507
2080,0.338660860403,0.012966856
2090,0.338660860403,0.012996031
2100,0.338660860403,0.013029793
2110,0.338660860403,0.01306629
2120,0.338660860403,0.013095864
2130,0.338660860403,0.01315692
2140,0.338660860403,0.013189734
2150,0.338660860403,0.013265786
2160,0.338660860403,0.013313354
2170,0.338660860403,0.013344821
2180,0.338660860403,0.013379912
2190,0.338660860403,0.013427138
2200,0.338660860403,0.013456395
2210,0.338660860403,0.013482394
2220,0.338660860403,0.013508898
2230,0.338660860403,0.013544705
2240,0.338660860403,0.013580449
2250,0.338660860403,0.01361917
2260,0.338660860403,0.013671982
2270,0.338660860403,0.013703416
2280,0.338660860403,0.013730835
2290,0.338660860403,0.01380251
2300,0.338660860403,0.013839846
2310,0.338660860403,0.013998655
2320,0.338660860403,0.01405024
2330,0.338660860403,0.014184919
2340,0.338660860403,0.014215313
2350,0.338660860403,0.014275911
2360,0.338660860403,0.014306032
2370,0.338660860403,0.014381213
2380,0.338660860403,0.014414674
2390,0.338660860403,0.014450829
2400,0.338660860403,0.014508213
2410,0.338660860403,0.014656038
2420,0.338660860403,0.014686849
2430,0.338660860403,0.014812991
2440,0.338660860403,0.014843529
2450,0.338660860403,0.014875657
2460,0.338660860403,0.014905644
2470,0.338660860403,0.014939967
2480,0.338660860403,0.015134239
2490,0.338660860403,0.015186573
2500,0.338660860403,0.015216245
2510,0.338660860403,0.015235927
2520,0.338660860403,0.01525549
2530,0.338660860403,0.015274546
2540,0.338660860403,0.015293788
2550,0.338660860403,0.015314186
2560,0.338660860403,0.01533314
2570,0.338660860403,0.015354148
2580,0.338660860403,0.015372896
2590,0.338660860403,0.01539287
2600,0.338660860403,0.015411342
2610,0.338660860403,0.015433042
2620,0.338660860403,0.015451354
2630,0.338660860403,0.015472703
2640,0.338660860403,0.015492257
2650,0.338660860403,0.015510562
2660,0.338660860403,0.015530364
2670,0.338660860403,0.015554736
2680,0.338660860403,0.015574661
2690,0.338660860403,0.015594053
2700,0.338660860403,0.015612974
2710,0.338660860403,0.015634855
2720,0.338660860403,0.015651738
2730,0.338660860403,0.015672854
2740,0.338660860403,0.015692799
2750,0.338660860403,0.01571671
2760,0.338660860403,0.015736795
2770,0.338660860403,0.0157567
2780,0.338660860403,0.015772909
2790,0.338660860403,0.015801793
2800,0.338660860403,0.015821566
2810,0.338660860403,0.015838486
2820,0.338660860403,0.015857304
2830,0.338660860403,0.015876796
2840,0.338660860403,0.015899153
2850,0.338660860403,0.015920357
2860,0.338660860403,0.015939705
2870,0.338660860403,0.015961169
2880,0.338660860403,0.015980683
2890,0.338660860403,0.015999906
2900,0.338660860403,0.016020406
2910,0.338660860403,0.016043325
2920,0.338660860403,0.016066459
2930,0.338660860403,0.016096277
2940,0.338660860403,0.016127723
2950,0.338660860403,0.016160532
2960,0.338660860403,0.016191138
2970,0.338660860403,0.01621364
2980,0.338660860403,0.016239265
2990,0.338660860403,0.016264472
3000,0.338660860403,0.016291293
3010,0.338660860403,0.016315428
3020,0.338660860403,0.016348168
3030,0.338660860403,0.016384583
3040,0.338660860403,0.016423564
3050,0.338660860403,0.016465872
3060,0.338660860403,0.016500412
3070,0.338660860403,0.016526478
3080,0.338660860403,0.016555099
3090,0.338660860403,0.01657993
3100,0.338660860403,0.016613168
3110,0.338660860403,0.016653003
3120,0.338660860403,0.016679345
3130,0.338660860403,0.016713815
3140,0.338660860403,0.016753594
3150,0.338660860403,0.016794191
3160,0.338660860403,0.016823847
3170,0.338660860403,0.016853695
3180,0.338660860403,0.016877949
3190,0.338660860403,0.016921144
3200,0.338660860403,0.016945623
3210,0.338660860403,0.016966653
3220,0.338660860403,0.016992887
3230,0.338660860403,0.017016114
3240,0.338660860403,0.017040301
3250,0.338660860403,0.017083192
3260,0.338660860403,0.017123445
3270,0.338660860403,0.017158082
3280,0.338660860403,0.017200369
3290,0.338660860403,0.01722564
3300,0.338660860403,0.017269364
3310,0.338660860403,0.017296073
3320,0.338660860403,0.017321433
3330,0.338660860403,0.017345387
3340,0.338660860403,0.017367025
3350,0.338660860403,0.017396066
3360,0.338660860403,0.017418727
3370,0.338660860403,0.017443465
3380,0.338660860403,0.017487359
3390,0.338660860403,0.017529002
3400,0.338660860403,0.017580851
3410,0.338660860403,0.017620164
3420,0.338660860403,0.017658033
3430,0.338660860403,0.017700935
3440,0.338660860403,0.017733905
3450,0.338660860403,0.017763659
3460,0.338660860403,0.017790445
3470,0.338660860403,0.017822403
3480,0.338660860403,0.017849935
3490,0.338660860403,0.017996002
3500,0.338660860403,0.018024988
3510,0.338660860403,0.018050631
3520,0.338660860403,0.018084083
3530,0.338660860403,0.018104021
3540,0.338660860403,0.01812465
3550,0.338660860403,0.018140142
3560,0.338660860403,0.018155952
3570,0.338660860403,0.018178248
3580,0.338660860403,0.018206673
3590,0.338660860403,0.018226788
3600,0.338660860403,0.018261264
3610,0.338660860403,0.018294314
3620,0.338660860403,0.018332935
3630,0.338660860403,0.018355435
3640,0.338660860403,0.018375752
3650,0.338660860403,0.018403842
3660,0.338660860403,0.018438525
3670,0.338660860403,0.018469976
3680,0.338660860403,0.018494494
3690,0.338660860403,0.01853231
3700,0.338660860403,0.018554718
3710,0.338660860403,0.018575879
3720,0.338660860403,0.018600035
3730,0.338660860403,0.018617467
3740,0.338660860403,0.018640192
3750,0.338660860403,0.018666958
3760,0.338660860403,0.018714984
3770,0.338660860403,0.018736714
3780,0.338660860403,0.018761063
3790,0.338660860403,0.018791194
3800,0.338660860403,0.018826832
3810,0.338660860403,0.018857264
3820,0.338660860403,0.018876173
3830,0.338660860403,0.018893152
3840,0.338660860403,0.018912853
3850,0.338660860403,0.018932173
3860,0.338660860403,0.018955535
3870,0.338660860403,0.018977419
3880,0.338660860403,0.018994457
3890,0.338660860403,0.019016584
3900,0.338660860403,0.019034804
3910,0.338660860403,0.019062424
3920,0.338660860403,0.019096264
3930,0.338660860403,0.019118324
3940,0.338660860403,0.019161761
3950,0.338660860403,0.019185713
3960,0.338660860403,0.019205927
3970,0.338660860403,0.019228535
3980,0.338660860403,0.019247906
3990,0.338660860403,0.019271885
4000,0.338660860403,0.019295035
