iterations,fitness,time
0,0.121917909745,4.30759999999e-05
10,0.145140368744,8.77439999998e-05
20,0.152397387182,0.000131328
30,0.152397387182,0.000173864
40,0.169330430202,0.000219239
50,0.203196516242,0.000272791
60,0.203196516242,0.000340646
70,0.203196516242,0.000385463
80,0.203196516242,0.000501525
90,0.203196516242,0.000541493
100,0.203196516242,0.000667759
110,0.203196516242,0.000703023
120,0.203196516242,0.000743353
130,0.203196516242,0.000803488
140,0.217710553116,0.00084693
150,0.217710553116,0.000879651
160,0.217710553116,0.000910945
170,0.217710553116,0.000946992
180,0.217710553116,0.000981922
190,0.217710553116,0.001012933
200,0.217710553116,0.001042987
210,0.217710553116,0.001079326
220,0.217710553116,0.001119806
230,0.217710553116,0.001156209
240,0.217710553116,0.001202798
250,0.217710553116,0.001234823
260,0.234457518741,0.001269005
270,0.234457518741,0.001309326
280,0.234457518741,0.001348498
290,0.234457518741,0.001390228
300,0.234457518741,0.001426412
310,0.234457518741,0.001462935
320,0.234457518741,0.001496696
330,0.234457518741,0.001533633
340,0.234457518741,0.001608533
350,0.234457518741,0.001754927
360,0.234457518741,0.001788153
370,0.253995645303,0.001825108
380,0.253995645303,0.001857405
390,0.253995645303,0.001960719
400,0.253995645303,0.002077893
410,0.253995645303,0.002111736
420,0.253995645303,0.002140998
430,0.253995645303,0.002317293
440,0.253995645303,0.002369854
450,0.253995645303,0.002485763
460,0.253995645303,0.002562749
470,0.253995645303,0.002598171
480,0.253995645303,0.002636951
490,0.253995645303,0.002670389
500,0.253995645303,0.002831814
510,0.253995645303,0.002958613
520,0.253995645303,0.002994737
530,0.253995645303,0.003123002
540,0.253995645303,0.003161179
550,0.253995645303,0.003232703
560,0.253995645303,0.003266634
570,0.253995645303,0.00329879
580,0.253995645303,0.00333214
590,0.253995645303,0.003365084
600,0.253995645303,0.003416353
610,0.277086158512,0.003514778
620,0.277086158512,0.003547705
630,0.277086158512,0.003670694
640,0.304794774363,0.003790919
650,0.304794774363,0.003823685
660,0.304794774363,0.003853469
670,0.304794774363,0.003888708
680,0.304794774363,0.003945102
690,0.304794774363,0.004049148
700,0.304794774363,0.004085913
710,0.304794774363,0.004269526
720,0.304794774363,0.004311093
730,0.304794774363,0.00434692
740,0.304794774363,0.004377318
750,0.304794774363,0.004410585
760,0.304794774363,0.004446695
770,0.304794774363,0.004480887
780,0.304794774363,0.004511674
790,0.304794774363,0.004567672
800,0.304794774363,0.004609107
810,0.304794774363,0.004693003
820,0.304794774363,0.004728583
830,0.304794774363,0.004757939
840,0.304794774363,0.004817816
850,0.304794774363,0.004851228
860,0.304794774363,0.004882774
870,0.304794774363,0.004973361
880,0.304794774363,0.005005313
890,0.304794774363,0.005095069
900,0.304794774363,0.005129718
910,0.304794774363,0.005163173
920,0.304794774363,0.005235076
930,0.304794774363,0.005271629
940,0.304794774363,0.005325233
950,0.304794774363,0.005367386
960,0.304794774363,0.005456325
970,0.304794774363,0.005564071
980,0.304794774363,0.005596899
990,0.304794774363,0.005628726
1000,0.304794774363,0.005662877
1010,0.304794774363,0.005813151
1020,0.304794774363,0.005847409
1030,0.304794774363,0.005976246
1040,0.304794774363,0.006024331
1050,0.304794774363,0.006060727
1060,0.304794774363,0.006097557
1070,0.304794774363,0.006131858
1080,0.304794774363,0.006175421
1090,0.304794774363,0.006210322
1100,0.304794774363,0.006250768
1110,0.304794774363,0.006293548
1120,0.304794774363,0.006338485
1130,0.304794774363,0.00637095
1140,0.304794774363,0.006404535
1150,0.304794774363,0.006542765
1160,0.304794774363,0.006576794
1170,0.304794774363,0.006608948
1180,0.304794774363,0.006646581
1190,0.304794774363,0.006709984
1200,0.304794774363,0.00674469
1210,0.304794774363,0.006778224
1220,0.304794774363,0.006812073
1230,0.304794774363,0.006847635
1240,0.304794774363,0.006877752
1250,0.304794774363,0.006908628
1260,0.304794774363,0.006941223
1270,0.304794774363,0.006988588
1280,0.304794774363,0.007057933
1290,0.304794774363,0.007093891
1300,0.304794774363,0.007126971
1310,0.304794774363,0.007221086
1320,0.304794774363,0.00725382
1330,0.304794774363,0.007293224
1340,0.304794774363,0.007325875
1350,0.304794774363,0.007358701
1360,0.304794774363,0.007391866
1370,0.304794774363,0.007426356
1380,0.304794774363,0.007459252
1390,0.304794774363,0.007490978
1400,0.304794774363,0.007531189
1410,0.304794774363,0.007565549
1420,0.304794774363,0.00759924
1430,0.304794774363,0.007716545
1440,0.304794774363,0.00774834
1450,0.304794774363,0.007782263
1460,0.304794774363,0.007863531
1470,0.304794774363,0.007991298
1480,0.304794774363,0.008165245
1490,0.304794774363,0.008273994
1500,0.304794774363,0.008305206
1510,0.304794774363,0.008342312
1520,0.304794774363,0.00837541
1530,0.304794774363,0.008409832
1540,0.304794774363,0.008441308
1550,0.304794774363,0.008475649
1560,0.304794774363,0.008545339
1570,0.304794774363,0.008579424
1580,0.304794774363,0.008612297
1590,0.304794774363,0.008647579
1600,0.304794774363,0.008725337
1610,0.304794774363,0.008760632
1620,0.304794774363,0.008794554
1630,0.304794774363,0.008826508
1640,0.304794774363,0.00885926
1650,0.304794774363,0.008952435
1660,0.304794774363,0.008985641
1670,0.304794774363,0.00914461
1680,0.304794774363,0.00926776
1690,0.304794774363,0.009308984
1700,0.304794774363,0.009344807
1710,0.304794774363,0.009404924
1720,0.304794774363,0.009492244
1730,0.304794774363,0.009525653
1740,0.304794774363,0.009558926
1750,0.304794774363,0.009593321
1760,0.304794774363,0.009630012
1770,0.304794774363,0.009665994
1780,0.304794774363,0.009699897
1790,0.304794774363,0.009732623
1800,0.304794774363,0.009764021
1810,0.304794774363,0.009811593
1820,0.304794774363,0.009849856
1830,0.304794774363,0.009882675
1840,0.304794774363,0.009912679
1850,0.304794774363,0.009949465
1860,0.304794774363,0.009986934
1870,0.304794774363,0.010016703
1880,0.304794774363,0.010053363
1890,0.304794774363,0.010082415
1900,0.304794774363,0.010114828
1910,0.304794774363,0.010150978
1920,0.304794774363,0.010218713
1930,0.304794774363,0.01026267
1940,0.304794774363,0.010564831
1950,0.304794774363,0.010599943
1960,0.304794774363,0.010645526
1970,0.304794774363,0.010687575
1980,0.304794774363,0.010739091
1990,0.304794774363,0.010786729
2000,0.304794774363,0.010836512
2010,0.304794774363,0.010875773
2020,0.304794774363,0.010934689
2030,0.304794774363,0.010981509
2040,0.304794774363,0.011027913
2050,0.304794774363,0.011076548
2060,0.304794774363,0.011124355
2070,0.304794774363,0.011182484
2080,0.304794774363,0.011227204
2090,0.304794774363,0.011264173
2100,0.304794774363,0.011300446
2110,0.304794774363,0.012942537
2120,0.304794774363,0.012975137
2130,0.304794774363,0.013071491
2140,0.304794774363,0.013112888
2150,0.304794774363,0.013149818
2160,0.304794774363,0.013235647
2170,0.304794774363,0.013263417
2180,0.304794774363,0.013303774
2190,0.304794774363,0.013341207
2200,0.304794774363,0.013394844
2210,0.304794774363,0.013425172
2220,0.304794774363,0.013659393
2230,0.304794774363,0.013692108
2240,0.304794774363,0.013750238
2250,0.304794774363,0.013784899
2260,0.304794774363,0.013945374
2270,0.304794774363,0.013973433
2280,0.304794774363,0.014003863
2290,0.304794774363,0.014035097
2300,0.304794774363,0.014074367
2310,0.304794774363,0.014107557
2320,0.304794774363,0.014143883
2330,0.304794774363,0.014180004
2340,0.304794774363,0.014244804
2350,0.304794774363,0.014281745
2360,0.304794774363,0.014416348
2370,0.304794774363,0.014447328
2380,0.304794774363,0.014474662
2390,0.304794774363,0.014506803
2400,0.304794774363,0.014612429
2410,0.304794774363,0.014646926
2420,0.304794774363,0.014683849
2430,0.304794774363,0.014716115
2440,0.304794774363,0.014747785
2450,0.304794774363,0.014777311
2460,0.304794774363,0.0148048
2470,0.304794774363,0.014834628
2480,0.304794774363,0.014866564
2490,0.304794774363,0.014897209
2500,0.304794774363,0.0149267
2510,0.304794774363,0.014958094
2520,0.304794774363,0.014987249
2530,0.304794774363,0.015164011
2540,0.304794774363,0.015192757
2550,0.304794774363,0.015243744
2560,0.304794774363,0.015291069
2570,0.304794774363,0.015427797
2580,0.304794774363,0.015485073
2590,0.304794774363,0.015514257
2600,0.304794774363,0.015540558
2610,0.304794774363,0.015572791
2620,0.304794774363,0.015643271
2630,0.304794774363,0.015699662
2640,0.304794774363,0.015725791
2650,0.304794774363,0.015780095
2660,0.304794774363,0.015812826
2670,0.304794774363,0.015892915
2680,0.304794774363,0.015923385
2690,0.304794774363,0.015951749
2700,0.304794774363,0.015980454
2710,0.304794774363,0.016009183
2720,0.304794774363,0.016040708
2730,0.304794774363,0.016069343
2740,0.304794774363,0.016098724
2750,0.304794774363,0.016126125
2760,0.304794774363,0.016154525
2770,0.304794774363,0.016186054
2780,0.304794774363,0.016218883
2790,0.304794774363,0.016537121
2800,0.304794774363,0.016571278
2810,0.304794774363,0.016677334
2820,0.304794774363,0.016706116
2830,0.304794774363,0.016736517
2840,0.304794774363,0.016814841
2850,0.304794774363,0.016887986
2860,0.304794774363,0.016918699
2870,0.304794774363,0.017091025
2880,0.304794774363,0.017119325
2890,0.304794774363,0.01715128
2900,0.304794774363,0.017250366
2910,0.304794774363,0.017280008
2920,0.304794774363,0.017316557
2930,0.304794774363,0.017357322
2940,0.304794774363,0.017385549
2950,0.304794774363,0.017452238
2960,0.304794774363,0.017533383
2970,0.304794774363,0.017633185
2980,0.304794774363,0.017728631
2990,0.304794774363,0.017937346
3000,0.304794774363,0.017965414
3010,0.304794774363,0.017996156
3020,0.304794774363,0.018052003
3030,0.304794774363,0.018168672
3040,0.304794774363,0.018213591
3050,0.304794774363,0.018287566
3060,0.304794774363,0.018325545
3070,0.304794774363,0.018415195
3080,0.304794774363,0.018465116
3090,0.304794774363,0.018490624
3100,0.304794774363,0.018519703
3110,0.304794774363,0.018672623
3120,0.304794774363,0.01873247
3130,0.304794774363,0.018856906
3140,0.304794774363,0.018929073
3150,0.304794774363,0.018968259
3160,0.304794774363,0.019002055
3170,0.304794774363,0.019086416
3180,0.304794774363,0.019122024
3190,0.304794774363,0.019247203
3200,0.304794774363,0.019281679
3210,0.304794774363,0.019314042
3220,0.304794774363,0.019340548
3230,0.304794774363,0.019422985
3240,0.304794774363,0.019570444
3250,0.304794774363,0.019647082
3260,0.304794774363,0.019752719
3270,0.304794774363,0.019784269
3280,0.304794774363,0.019812468
3290,0.304794774363,0.019841326
3300,0.304794774363,0.020090717
3310,0.304794774363,0.020155895
3320,0.304794774363,0.020184532
3330,0.304794774363,0.02036715
3340,0.304794774363,0.020436033
3350,0.304794774363,0.020502769
3360,0.304794774363,0.020532516
3370,0.304794774363,0.020563918
3380,0.304794774363,0.020591787
3390,0.304794774363,0.020623098
3400,0.304794774363,0.020789134
3410,0.304794774363,0.020825649
3420,0.304794774363,0.020858949
3430,0.304794774363,0.020954748
3440,0.304794774363,0.021123734
3450,0.304794774363,0.021192818
3460,0.304794774363,0.021226161
3470,0.304794774363,0.021255609
3480,0.304794774363,0.021402923
3490,0.304794774363,0.021434759
3500,0.304794774363,0.021464652
3510,0.304794774363,0.021494888
3520,0.304794774363,0.021528821
3530,0.304794774363,0.021559049
3540,0.304794774363,0.021587054
3550,0.304794774363,0.021820507
3560,0.304794774363,0.021931538
3570,0.304794774363,0.022087402
3580,0.304794774363,0.022197036
3590,0.304794774363,0.02224058
3600,0.304794774363,0.022273546
3610,0.304794774363,0.022317468
3620,0.304794774363,0.0225318
3630,0.304794774363,0.022560865
3640,0.304794774363,0.022593284
3650,0.304794774363,0.022629994
3660,0.304794774363,0.022661939
3670,0.304794774363,0.022833477
3680,0.304794774363,0.022996587
3690,0.304794774363,0.023103096
3700,0.304794774363,0.02317149
3710,0.304794774363,0.023201724
3720,0.304794774363,0.023366048
3730,0.304794774363,0.023415063
3740,0.304794774363,0.023446794
3750,0.304794774363,0.023643431
3760,0.304794774363,0.023693184
3770,0.304794774363,0.023724315
3780,0.304794774363,0.023755325
3790,0.304794774363,0.023785397
3800,0.304794774363,0.023818589
3810,0.304794774363,0.023859032
3820,0.304794774363,0.024021229
3830,0.304794774363,0.024086657
3840,0.304794774363,0.024226649
3850,0.304794774363,0.024258008
3860,0.304794774363,0.02428758
3870,0.304794774363,0.02431791
3880,0.304794774363,0.024368099
3890,0.304794774363,0.024401575
3900,0.304794774363,0.024432895
3910,0.304794774363,0.024461006
3920,0.304794774363,0.024500589
3930,0.304794774363,0.024534
3940,0.304794774363,0.024706599
3950,0.304794774363,0.024751698
3960,0.304794774363,0.024782526
3970,0.304794774363,0.024812708
3980,0.304794774363,0.02484184
3990,0.304794774363,0.02493023
4000,0.304794774363,0.025050699
