iterations,fitness,time
0,0.112886953468,4.45310000001e-05
10,0.126997822651,8.22330000001e-05
20,0.132519467114,0.000121807
30,0.132519467114,0.000159986
40,0.152397387182,0.000227784
50,0.152397387182,0.00027219
60,0.160418302296,0.000410342
70,0.169330430202,0.000452171
80,0.203196516242,0.000542682
90,0.203196516242,0.000605437
100,0.203196516242,0.000645512
110,0.217710553116,0.000691209
120,0.253995645303,0.000837574
130,0.253995645303,0.000878025
140,0.304794774363,0.000920038
150,0.304794774363,0.000959258
160,0.304794774363,0.001000106
170,0.304794774363,0.001117944
180,0.304794774363,0.001171892
190,0.304794774363,0.001213676
200,0.304794774363,0.001252728
210,0.304794774363,0.001319885
220,0.338660860403,0.001359683
230,0.338660860403,0.001405323
240,0.338660860403,0.001446247
250,0.380993467954,0.001492052
260,0.380993467954,0.001538231
270,0.380993467954,0.001582301
280,0.380993467954,0.001622819
290,0.380993467954,0.001672923
300,0.380993467954,0.0017222
310,0.380993467954,0.001767486
320,0.380993467954,0.001812342
330,0.380993467954,0.001856312
340,0.380993467954,0.001898142
350,0.380993467954,0.001948794
360,0.380993467954,0.001996284
370,0.380993467954,0.002043926
380,0.380993467954,0.002091038
390,0.380993467954,0.002136817
400,0.380993467954,0.002180911
410,0.380993467954,0.00223788
420,0.380993467954,0.002287438
430,0.380993467954,0.002337865
440,0.380993467954,0.002383048
450,0.380993467954,0.00243004
460,0.380993467954,0.002518305
470,0.380993467954,0.002561527
480,0.380993467954,0.00261197
490,0.380993467954,0.002688274
500,0.380993467954,0.00278155
510,0.380993467954,0.002820638
520,0.380993467954,0.002865507
530,0.380993467954,0.002914352
540,0.380993467954,0.002966121
550,0.380993467954,0.003059976
560,0.380993467954,0.003100183
570,0.380993467954,0.003133664
580,0.380993467954,0.003219784
590,0.380993467954,0.003253441
600,0.380993467954,0.003385523
610,0.435421106233,0.00342294
620,0.435421106233,0.003454027
630,0.435421106233,0.003488711
640,0.435421106233,0.00352115
650,0.435421106233,0.003617525
660,0.435421106233,0.003650549
670,0.435421106233,0.003695451
680,0.435421106233,0.003732152
690,0.435421106233,0.003770255
700,0.435421106233,0.003826145
710,0.435421106233,0.003888128
720,0.435421106233,0.003919715
730,0.435421106233,0.003955406
740,0.435421106233,0.00398987
750,0.435421106233,0.004163278
760,0.435421106233,0.004286173
770,0.435421106233,0.004382223
780,0.435421106233,0.004416166
790,0.435421106233,0.00445097
800,0.435421106233,0.004483736
810,0.435421106233,0.004559023
820,0.435421106233,0.004741723
830,0.435421106233,0.004774651
840,0.435421106233,0.004807181
850,0.435421106233,0.004844276
860,0.435421106233,0.004953073
870,0.435421106233,0.004986998
880,0.435421106233,0.005019332
890,0.435421106233,0.005064387
900,0.435421106233,0.005094764
910,0.435421106233,0.005185304
920,0.435421106233,0.005225337
930,0.435421106233,0.005276264
940,0.435421106233,0.005315207
950,0.435421106233,0.005468973
960,0.435421106233,0.005623723
970,0.435421106233,0.005696113
980,0.435421106233,0.005729569
990,0.435421106233,0.005761891
1000,0.435421106233,0.005796965
1010,0.435421106233,0.005829391
1020,0.435421106233,0.005861271
1030,0.435421106233,0.005901568
1040,0.435421106233,0.005938207
1050,0.435421106233,0.006020269
1060,0.435421106233,0.006054194
1070,0.435421106233,0.006089788
1080,0.435421106233,0.006123668
1090,0.435421106233,0.006182826
1100,0.435421106233,0.006214372
1110,0.435421106233,0.006249666
1120,0.435421106233,0.006283049
1130,0.435421106233,0.006314758
1140,0.435421106233,0.006347492
1150,0.435421106233,0.006380023
1160,0.435421106233,0.006423164
1170,0.435421106233,0.006457144
1180,0.435421106233,0.006494095
1190,0.435421106233,0.006583981
1200,0.435421106233,0.006627561
1210,0.435421106233,0.006681128
1220,0.435421106233,0.006806531
1230,0.435421106233,0.006841486
1240,0.435421106233,0.006982423
1250,0.435421106233,0.007122019
1260,0.435421106233,0.007223062
1270,0.435421106233,0.007295631
1280,0.435421106233,0.00732997
1290,0.435421106233,0.007361055
1300,0.435421106233,0.007431501
1310,0.435421106233,0.007492259
1320,0.435421106233,0.007535384
1330,0.435421106233,0.007573648
1340,0.435421106233,0.007608139
1350,0.435421106233,0.007647477
1360,0.435421106233,0.007703036
1370,0.435421106233,0.007735249
1380,0.435421106233,0.007786292
1390,0.435421106233,0.007818896
1400,0.435421106233,0.007893815
1410,0.435421106233,0.00792742
1420,0.435421106233,0.007958146
1430,0.435421106233,0.007992171
1440,0.435421106233,0.00802682
1450,0.435421106233,0.008145548
1460,0.435421106233,0.008178338
1470,0.435421106233,0.008213006
1480,0.435421106233,0.008251527
1490,0.435421106233,0.008303595
1500,0.435421106233,0.008335237
1510,0.435421106233,0.008367778
1520,0.435421106233,0.008408648
1530,0.435421106233,0.008497829
1540,0.435421106233,0.008533639
1550,0.435421106233,0.008567311
1560,0.435421106233,0.008688677
1570,0.435421106233,0.008729164
1580,0.435421106233,0.00876361
1590,0.435421106233,0.008793906
1600,0.435421106233,0.008827239
1610,0.435421106233,0.008859674
1620,0.435421106233,0.008893482
1630,0.435421106233,0.008929462
1640,0.435421106233,0.008967514
1650,0.435421106233,0.009048813
1660,0.435421106233,0.009148295
1670,0.435421106233,0.009188382
1680,0.435421106233,0.009306285
1690,0.435421106233,0.009469447
1700,0.435421106233,0.009601083
1710,0.435421106233,0.009632546
1720,0.435421106233,0.009668127
1730,0.435421106233,0.00970607
1740,0.435421106233,0.009740789
1750,0.435421106233,0.009774165
1760,0.435421106233,0.009857078
1770,0.435421106233,0.009959187
1780,0.435421106233,0.010069826
1790,0.435421106233,0.010173974
1800,0.435421106233,0.010210131
1810,0.435421106233,0.010246372
1820,0.435421106233,0.010278674
1830,0.435421106233,0.010327861
1840,0.435421106233,0.010456044
1850,0.435421106233,0.010488869
1860,0.435421106233,0.010522575
1870,0.435421106233,0.010563858
1880,0.435421106233,0.010710443
1890,0.435421106233,0.010745356
1900,0.435421106233,0.01078045
1910,0.435421106233,0.01081606
1920,0.435421106233,0.010882357
1930,0.435421106233,0.010945113
1940,0.435421106233,0.011066278
1950,0.435421106233,0.011100987
1960,0.435421106233,0.011132864
1970,0.435421106233,0.01117148
1980,0.435421106233,0.011206686
1990,0.435421106233,0.011241122
2000,0.435421106233,0.011285412
2010,0.435421106233,0.011364019
2020,0.435421106233,0.011399785
2030,0.435421106233,0.011434282
2040,0.435421106233,0.011470442
2050,0.435421106233,0.011523188
2060,0.435421106233,0.011557739
2070,0.435421106233,0.011592051
2080,0.435421106233,0.011633007
2090,0.435421106233,0.01167391
2100,0.435421106233,0.011707489
2110,0.435421106233,0.011788476
2120,0.435421106233,0.011901036
2130,0.435421106233,0.011959601
2140,0.435421106233,0.011989801
2150,0.435421106233,0.01202344
2160,0.435421106233,0.012060268
2170,0.435421106233,0.012097104
2180,0.435421106233,0.012542493
2190,0.435421106233,0.012578277
2200,0.435421106233,0.012609546
2210,0.435421106233,0.012644364
2220,0.435421106233,0.012746028
2230,0.435421106233,0.012805943
2240,0.435421106233,0.012863329
2250,0.435421106233,0.012965093
2260,0.435421106233,0.012997215
2270,0.435421106233,0.013027546
2280,0.435421106233,0.013069782
2290,0.435421106233,0.013100306
2300,0.435421106233,0.013142653
2310,0.435421106233,0.013173025
2320,0.435421106233,0.013206357
2330,0.435421106233,0.013276024
2340,0.435421106233,0.013308128
2350,0.435421106233,0.013340428
2360,0.435421106233,0.013368199
2370,0.435421106233,0.013425214
2380,0.435421106233,0.013459295
2390,0.435421106233,0.013490064
2400,0.435421106233,0.013520937
2410,0.435421106233,0.013624731
2420,0.435421106233,0.013685023
2430,0.435421106233,0.013757837
2440,0.435421106233,0.013789082
2450,0.435421106233,0.013826849
2460,0.435421106233,0.013855525
2470,0.435421106233,0.013887338
2480,0.435421106233,0.013914468
2490,0.435421106233,0.013943879
2500,0.435421106233,0.013971205
2510,0.435421106233,0.014008389
2520,0.435421106233,0.014040801
2530,0.435421106233,0.014080217
2540,0.435421106233,0.014182006
2550,0.435421106233,0.014211067
2560,0.435421106233,0.01431539
2570,0.435421106233,0.014345525
2580,0.435421106233,0.014396985
2590,0.435421106233,0.014551644
2600,0.435421106233,0.014647408
2610,0.435421106233,0.014679974
2620,0.435421106233,0.01471152
2630,0.435421106233,0.014815211
2640,0.435421106233,0.014851866
2650,0.435421106233,0.014889763
2660,0.435421106233,0.014922438
2670,0.435421106233,0.014955124
2680,0.435421106233,0.015647556
2690,0.435421106233,0.015681988
2700,0.435421106233,0.015727586
2710,0.435421106233,0.015819256
2720,0.435421106233,0.015897564
2730,0.435421106233,0.015951227
2740,0.435421106233,0.01598138
2750,0.435421106233,0.016014398
2760,0.435421106233,0.016044157
2770,0.435421106233,0.016071561
2780,0.435421106233,0.016102729
2790,0.435421106233,0.016148335
2800,0.435421106233,0.016185434
2810,0.435421106233,0.016217798
2820,0.435421106233,0.016254303
2830,0.435421106233,0.016296631
2840,0.435421106233,0.016364326
2850,0.435421106233,0.016563756
2860,0.435421106233,0.01660054
2870,0.435421106233,0.016634865
2880,0.435421106233,0.016664849
2890,0.435421106233,0.016696539
2900,0.435421106233,0.016722754
2910,0.435421106233,0.016757822
2920,0.435421106233,0.016801566
2930,0.435421106233,0.016828649
2940,0.435421106233,0.016858709
2950,0.435421106233,0.016974639
2960,0.435421106233,0.017005944
2970,0.435421106233,0.017034926
2980,0.435421106233,0.017073343
2990,0.435421106233,0.017111313
3000,0.435421106233,0.017151245
3010,0.435421106233,0.017181184
3020,0.435421106233,0.017222062
3030,0.435421106233,0.017256804
3040,0.435421106233,0.017299892
3050,0.435421106233,0.017343881
3060,0.435421106233,0.01738485
3070,0.435421106233,0.017427007
3080,0.435421106233,0.017468814
3090,0.435421106233,0.017511894
3100,0.435421106233,0.01754977
3110,0.435421106233,0.017578135
3120,0.435421106233,0.017607197
3130,0.435421106233,0.017648193
3140,0.435421106233,0.017700717
3150,0.435421106233,0.01774371
3160,0.435421106233,0.017776287
3170,0.435421106233,0.017808861
3180,0.435421106233,0.01783919
3190,0.435421106233,0.017868477
3200,0.435421106233,0.017902005
3210,0.435421106233,0.017930731
3220,0.435421106233,0.017956959
3230,0.435421106233,0.017984714
3240,0.435421106233,0.018015636
3250,0.435421106233,0.018046512
3260,0.435421106233,0.01807499
3270,0.435421106233,0.018102665
3280,0.435421106233,0.018129063
3290,0.435421106233,0.018157229
3300,0.435421106233,0.018185339
3310,0.435421106233,0.018216617
3320,0.435421106233,0.018280198
3330,0.435421106233,0.018364306
3340,0.435421106233,0.018414179
3350,0.435421106233,0.018447855
3360,0.435421106233,0.018478877
3370,0.435421106233,0.018512972
3380,0.435421106233,0.018542762
3390,0.435421106233,0.018642961
3400,0.435421106233,0.018840517
3410,0.435421106233,0.018891061
3420,0.435421106233,0.019117167
3430,0.435421106233,0.019145395
3440,0.435421106233,0.01925116
3450,0.435421106233,0.019296539
3460,0.435421106233,0.019329295
3470,0.435421106233,0.019361382
3480,0.435421106233,0.0193949
3490,0.435421106233,0.019445413
3500,0.435421106233,0.019590656
3510,0.435421106233,0.019619943
3520,0.435421106233,0.019649722
3530,0.435421106233,0.019682278
3540,0.435421106233,0.019718524
3550,0.435421106233,0.019748989
3560,0.435421106233,0.019784389
3570,0.435421106233,0.019815579
3580,0.435421106233,0.019863905
3590,0.435421106233,0.019894784
3600,0.435421106233,0.019961468
3610,0.435421106233,0.019999601
3620,0.435421106233,0.020071261
3630,0.435421106233,0.020111264
3640,0.435421106233,0.020150951
3650,0.435421106233,0.020199864
3660,0.435421106233,0.020249489
3670,0.435421106233,0.020295739
3680,0.435421106233,0.020338955
3690,0.435421106233,0.020405728
3700,0.435421106233,0.020461758
3710,0.435421106233,0.020504406
3720,0.435421106233,0.020545076
3730,0.435421106233,0.020581213
3740,0.435421106233,0.020618409
3750,0.435421106233,0.020657673
3760,0.435421106233,0.020694158
3770,0.435421106233,0.020736302
3780,0.435421106233,0.020772957
3790,0.435421106233,0.020808555
3800,0.435421106233,0.020870611
3810,0.435421106233,0.020912207
3820,0.435421106233,0.020956345
3830,0.435421106233,0.020995013
3840,0.435421106233,0.021031057
3850,0.435421106233,0.021067509
3860,0.435421106233,0.021105771
3870,0.435421106233,0.021147614
3880,0.435421106233,0.021185629
3890,0.435421106233,0.021222846
3900,0.435421106233,0.021263316
3910,0.435421106233,0.021308646
3920,0.435421106233,0.021353678
3930,0.435421106233,0.021464855
3940,0.435421106233,0.021575895
3950,0.435421106233,0.021612225
3960,0.435421106233,0.021655369
3970,0.435421106233,0.021697444
3980,0.435421106233,0.021738757
3990,0.435421106233,0.021775971
4000,0.435421106233,0.021809653
